* Measurement data measured by REW V5.31.3
* Source: E2x2, MICROPHONE (Analogue 1), 1, volume: 1.000. Timing signal peak level -37.9 dBFS, measurement signal peak level -27.7 dBFS
* Format: 512k Log Swept Sine, 1 sweep at -40.4 dBFS using an acoustic timing reference
* Dated: Apr 19, 2025 5:42:07 PM
* REW Settings:
*  C-weighting compensation: Off
*  Target level: 75.0 dB
* Note: ; Fosi DS1 + E2x2 MacBook Delay -0.0531 ms (-18 mm, -0.72 in) using estimated IR delay relative to Acoustic reference played from SPEAKER R with no timing offset Clock adjustment: -28.8 ppm
* Measurement: UC R
* Smoothing: 1/24 octave
* Frequency Step: 1/48 octave
* Start Frequency: 1.000 Hz
*
* Freq(Hz), SPL(dB), Phase(degrees)
1.000000, 76.065, 21.8221
1.015000, 76.059, 21.1030
1.030000, 76.060, 20.3994
1.044000, 76.068, 19.7514
1.060000, 76.086, 19.0148
1.075000, 76.112, 18.3223
1.090000, 76.148, 17.6231
1.106000, 76.198, 16.8693
1.120000, 76.250, 16.2107
1.138000, 76.328, 15.3776
1.150000, 76.386, 14.8357
1.172000, 76.506, 13.7886
1.180000, 76.553, 13.3285
1.206000, 76.717, 11.8971
1.220000, 76.813, 11.1643
1.241000, 76.965, 10.1172
1.250000, 77.032, 9.6877
1.265000, 77.148, 8.9973
1.280000, 77.266, 8.3381
1.315000, 77.554, 6.9160
1.320000, 77.596, 6.7254
1.340000, 77.765, 5.9918
1.360000, 77.935, 5.3055
1.380000, 78.105, 4.5299
1.400000, 78.273, 3.7397
1.430000, 78.521, 2.6091
1.450000, 78.681, 1.8847
1.475000, 78.876, 1.0087
1.500000, 79.071, 0.1740
1.525000, 79.269, -0.6112
1.550000, 79.470, -1.3441
1.575000, 79.674, -2.0965
1.600000, 79.879, -2.9274
1.625000, 80.085, -3.7094
1.650000, 80.293, -4.4465
1.675000, 80.500, -5.1429
1.700000, 80.708, -5.8030
1.725000, 80.915, -6.4318
1.750000, 81.120, -7.0336
1.775000, 81.324, -7.6666
1.800000, 81.525, -8.3862
1.825000, 81.724, -9.0898
1.850000, 81.921, -9.7799
1.875000, 82.117, -10.4506
1.900000, 82.313, -11.0975
1.925000, 82.507, -11.7187
1.950000, 82.701, -12.3116
1.975000, 82.894, -12.9273
2.000000, 83.086, -13.6151
2.030000, 83.315, -14.4020
2.060000, 83.543, -15.1553
2.090000, 83.768, -15.8783
2.120000, 83.990, -16.5748
2.140000, 84.138, -17.0265
2.180000, 84.428, -17.9570
2.200000, 84.572, -18.4609
2.240000, 84.856, -19.4475
2.270000, 85.066, -20.1661
2.300000, 85.275, -20.8635
2.330000, 85.481, -21.5384
2.360000, 85.685, -22.1912
2.400000, 85.953, -23.1456
2.430000, 86.152, -23.8528
2.470000, 86.414, -24.7644
2.500000, 86.608, -25.4271
2.540000, 86.864, -26.2865
2.580000, 87.115, -27.1641
2.620000, 87.364, -28.1058
2.650000, 87.547, -28.7971
2.690000, 87.789, -29.6981
2.720000, 87.968, -30.3569
2.760000, 88.203, -31.2081
2.800000, 88.434, -32.1212
2.850000, 88.718, -33.2395
2.900000, 88.997, -34.3204
2.950000, 89.270, -35.3725
3.000000, 89.537, -36.4768
3.040000, 89.746, -37.3718
3.070000, 89.901, -38.0323
3.110000, 90.104, -38.8963
3.150000, 90.303, -39.7399
3.200000, 90.548, -40.8218
3.250000, 90.788, -41.8979
3.300000, 91.023, -42.9453
3.350000, 91.253, -43.9738
3.400000, 91.477, -45.0485
3.450000, 91.697, -46.1299
3.500000, 91.911, -47.1876
3.550000, 92.121, -48.2160
3.600000, 92.326, -49.2597
3.650000, 92.527, -50.2933
3.700000, 92.723, -51.3065
3.750000, 92.914, -52.3098
3.820000, 93.174, -53.7559
3.870000, 93.355, -54.7798
3.950000, 93.634, -56.3647
4.000000, 93.804, -57.3523
4.060000, 94.003, -58.5247
4.120000, 94.195, -59.6801
4.180000, 94.382, -60.8305
4.250000, 94.593, -62.1925
4.310000, 94.767, -63.3223
4.370000, 94.937, -64.4189
4.440000, 95.130, -65.7025
4.500000, 95.289, -66.7847
4.550000, 95.417, -67.6724
4.620000, 95.592, -68.9244
4.680000, 95.737, -69.9730
4.750000, 95.902, -71.1514
4.820000, 96.061, -72.3238
4.870000, 96.171, -73.1516
4.940000, 96.321, -74.2862
5.000000, 96.446, -75.2518
5.080000, 96.607, -76.5104
5.150000, 96.743, -77.5675
5.220000, 96.875, -78.6185
5.300000, 97.021, -79.7959
5.380000, 97.161, -80.9379
5.450000, 97.281, -81.9250
5.520000, 97.398, -82.8749
5.600000, 97.528, -83.9385
5.700000, 97.684, -85.2434
5.800000, 97.836, -86.5000
5.900000, 97.984, -87.7191
6.000000, 98.127, -88.8953
6.080000, 98.238, -89.8196
6.150000, 98.334, -90.6008
6.220000, 98.429, -91.3741
6.300000, 98.535, -92.2330
6.400000, 98.666, -93.2767
6.500000, 98.794, -94.2993
6.600000, 98.921, -95.2909
6.700000, 99.046, -96.2623
6.800000, 99.170, -97.2077
6.900000, 99.293, -98.1420
7.000000, 99.415, -99.0581
7.100000, 99.537, -99.9645
7.200000, 99.658, -100.8578
7.300000, 99.778, -101.7527
7.400000, 99.897, -102.6440
7.500000, 100.016, -103.5391
7.620000, 100.156, -104.6151
7.750000, 100.305, -105.7938
7.880000, 100.449, -106.9955
8.000000, 100.578, -108.1127
8.120000, 100.701, -109.2474
8.250000, 100.826, -110.4959
8.380000, 100.943, -111.7483
8.500000, 101.042, -112.9084
8.620000, 101.132, -114.0701
8.750000, 101.219, -115.3126
8.850000, 101.278, -116.2504
9.000000, 101.354, -117.6248
9.120000, 101.406, -118.6843
9.250000, 101.455, -119.7770
9.380000, 101.495, -120.8127
9.500000, 101.529, -121.7168
9.620000, 101.561, -122.5592
9.750000, 101.593, -123.4108
9.880000, 101.618, -124.2093
10.000000, 101.635, -124.8956
10.150000, 101.650, -125.7268
10.300000, 101.665, -126.5230
10.440000, 101.681, -127.2440
10.600000, 101.705, -128.0669
10.750000, 101.734, -128.8595
10.900000, 101.768, -129.6757
11.060000, 101.802, -130.5996
11.200000, 101.829, -131.4631
11.380000, 101.854, -132.5947
11.500000, 101.864, -133.3575
11.720000, 101.870, -134.7384
11.800000, 101.868, -135.2250
12.060000, 101.851, -136.7383
12.200000, 101.839, -137.5040
12.410000, 101.819, -138.5538
12.500000, 101.812, -138.9675
12.650000, 101.801, -139.6120
12.800000, 101.796, -140.2161
13.150000, 101.808, -141.5709
13.200000, 101.813, -141.7696
13.400000, 101.838, -142.5814
13.600000, 101.868, -143.4351
13.800000, 101.898, -144.3387
14.000000, 101.922, -145.2801
14.300000, 101.940, -146.7494
14.500000, 101.939, -147.7025
14.750000, 101.926, -148.8194
15.000000, 101.908, -149.8305
15.250000, 101.897, -150.7592
15.500000, 101.895, -151.6087
15.750000, 101.902, -152.4151
16.000000, 101.916, -153.2175
16.250000, 101.933, -154.0573
16.500000, 101.948, -154.9137
16.750000, 101.957, -155.7689
17.000000, 101.961, -156.5975
17.250000, 101.961, -157.3929
17.500000, 101.961, -158.1316
17.750000, 101.964, -158.8219
18.000000, 101.971, -159.4892
18.250000, 101.984, -160.1746
18.500000, 101.998, -160.8907
18.750000, 102.009, -161.6424
19.000000, 102.011, -162.4182
19.250000, 102.001, -163.1976
19.500000, 101.977, -163.9242
19.750000, 101.945, -164.5570
20.000000, 101.909, -165.0692
20.299999, 101.877, -165.5438
20.600000, 101.870, -165.9153
20.900000, 101.894, -166.3005
21.200001, 101.943, -166.8351
21.400000, 101.981, -167.3167
21.799999, 102.038, -168.5789
22.000000, 102.045, -169.3155
22.400000, 102.001, -170.8072
22.700001, 101.924, -171.7466
23.000000, 101.831, -172.4063
23.299999, 101.750, -172.7778
23.600000, 101.707, -172.9495
24.000000, 101.723, -173.1709
24.299999, 101.775, -173.5467
24.700001, 101.849, -174.4356
25.000000, 101.880, -175.3163
25.400000, 101.869, -176.5427
25.799999, 101.818, -177.5732
26.200001, 101.765, -178.3269
26.500000, 101.742, -178.7830
26.900000, 101.738, -179.4000
27.200001, 101.741, -179.9401
27.600000, 101.734, 179.2577
28.000000, 101.706, 178.4786
28.500000, 101.659, 177.6763
29.000000, 101.634, 177.0146
29.500000, 101.633, 176.2749
30.000000, 101.626, 175.3785
30.400000, 101.602, 174.6212
30.700001, 101.574, 174.0861
31.100000, 101.536, 173.4371
31.500000, 101.504, 172.8309
32.000000, 101.472, 172.0638
32.500000, 101.440, 171.2538
33.000000, 101.400, 170.4510
33.500000, 101.356, 169.7004
34.000000, 101.314, 169.0185
34.500000, 101.278, 168.4005
35.000000, 101.249, 167.8442
35.500000, 101.230, 167.3193
36.000000, 101.219, 166.7867
36.500000, 101.210, 166.2178
37.000000, 101.196, 165.6097
37.500000, 101.173, 164.9587
38.200001, 101.111, 164.0371
38.700001, 101.045, 163.4829
39.500000, 100.949, 162.8216
40.000000, 100.908, 162.3416
40.599998, 100.836, 161.5906
41.200001, 100.713, 161.0197
41.799999, 100.607, 160.9766
42.500000, 100.624, 161.0447
43.099998, 100.709, 160.4142
43.700001, 100.738, 159.2173
44.400002, 100.675, 157.9355
45.000000, 100.614, 157.2155
45.500000, 100.585, 156.7061
46.200001, 100.549, 155.9471
46.799999, 100.507, 155.3508
47.500000, 100.462, 154.7701
48.200001, 100.422, 154.1985
48.700001, 100.387, 153.7996
49.400002, 100.333, 153.3157
50.000000, 100.294, 152.9352
50.799999, 100.248, 152.3492
51.500000, 100.197, 151.7864
52.200001, 100.138, 151.2796
53.000000, 100.081, 150.7682
53.799999, 100.035, 150.2183
54.500000, 99.989, 149.7028
55.200001, 99.935, 149.2267
56.000000, 99.873, 148.7715
57.000000, 99.811, 148.3063
58.000000, 99.774, 147.6951
59.000000, 99.708, 146.8275
60.000000, 99.611, 146.0910
60.799999, 99.548, 145.5625
61.500000, 99.496, 145.0421
62.200001, 99.439, 144.5327
63.000000, 99.375, 144.0416
64.000000, 99.312, 143.5457
65.000000, 99.272, 143.0558
66.000000, 99.224, 142.4742
67.000000, 99.150, 142.0175
68.000000, 99.086, 141.7224
69.000000, 99.037, 141.3353
70.000000, 98.984, 140.7796
71.000000, 98.911, 140.1002
72.000000, 98.825, 139.4767
73.000000, 98.750, 138.8499
74.000000, 98.662, 138.2097
75.000000, 98.577, 137.7975
76.199997, 98.510, 137.3856
77.500000, 98.460, 136.9156
78.800003, 98.409, 136.3229
80.000000, 98.356, 135.7379
81.199997, 98.283, 135.1421
82.500000, 98.215, 134.6130
83.800003, 98.132, 133.9257
85.000000, 98.015, 133.4774
86.199997, 97.930, 133.3803
87.500000, 97.861, 132.6949
88.500000, 97.736, 132.2502
90.000000, 97.630, 132.1032
91.199997, 97.598, 131.5825
92.500000, 97.531, 130.9413
93.800003, 97.480, 130.7343
95.000000, 97.454, 130.3721
96.199997, 97.376, 130.1951
97.500000, 97.339, 130.2574
98.800003, 97.311, 129.4429
100.000000, 97.148, 128.5085
101.500000, 96.975, 128.6933
103.000000, 97.030, 128.5069
104.400002, 97.063, 127.2184
106.000000, 96.924, 126.0188
107.500000, 96.753, 126.1205
109.000000, 96.697, 126.8526
110.599998, 96.757, 127.2336
112.000000, 96.857, 126.7485
113.800003, 96.819, 125.1328
115.000000, 96.693, 124.5062
117.199997, 96.493, 124.4567
118.000000, 96.460, 124.4890
120.599998, 96.416, 123.9766
122.000000, 96.387, 123.4345
124.099998, 96.331, 122.4018
125.000000, 96.281, 121.8597
126.500000, 96.160, 121.3865
128.000000, 96.077, 121.3518
131.500000, 95.859, 120.8535
132.000000, 95.807, 120.8025
134.000000, 95.620, 120.9828
136.000000, 95.603, 120.6833
138.000000, 95.627, 119.7146
140.000000, 95.649, 119.2768
143.000000, 95.680, 119.3730
145.000000, 95.611, 118.7395
147.500000, 95.471, 117.4902
150.000000, 95.402, 116.4101
152.500000, 95.379, 116.0395
155.000000, 95.349, 116.2476
157.500000, 95.228, 115.9450
160.000000, 95.109, 115.5287
162.500000, 95.105, 114.5938
165.000000, 95.037, 113.7344
167.500000, 94.946, 113.8536
170.000000, 94.876, 113.7507
172.500000, 94.802, 113.7646
175.000000, 94.781, 113.8808
177.500000, 94.742, 113.2664
180.000000, 94.636, 112.1137
182.500000, 94.554, 111.4742
185.000000, 94.531, 111.4044
187.500000, 94.453, 111.7891
190.000000, 94.338, 111.7383
192.500000, 94.239, 111.2370
195.000000, 94.218, 110.2443
197.500000, 94.235, 109.6431
200.000000, 94.274, 109.4119
203.000000, 94.233, 109.4682
206.000000, 94.144, 109.6880
209.000000, 94.127, 109.3131
212.000000, 94.116, 108.1451
214.000000, 94.045, 107.5755
218.000000, 93.880, 107.2210
220.000000, 93.853, 106.9262
224.000000, 93.868, 105.7198
227.000000, 93.836, 105.1556
230.000000, 93.796, 105.0752
233.000000, 93.774, 105.0944
236.000000, 93.735, 104.7198
240.000000, 93.673, 103.7817
243.000000, 93.646, 103.2332
247.000000, 93.590, 102.7694
250.000000, 93.569, 102.5682
254.000000, 93.572, 102.0459
258.000000, 93.517, 101.6165
262.000000, 93.503, 101.6298
265.000000, 93.494, 101.3427
269.000000, 93.451, 100.5266
272.000000, 93.409, 99.9033
276.000000, 93.339, 99.1731
280.000000, 93.247, 98.3526
285.000000, 93.172, 97.6609
290.000000, 93.164, 97.6323
295.000000, 93.154, 97.3985
300.000000, 93.164, 97.1009
304.000000, 93.177, 96.3441
307.000000, 93.169, 95.7234
311.000000, 93.111, 95.1567
315.000000, 93.067, 94.5584
320.000000, 93.081, 94.2000
325.000000, 93.068, 94.0230
330.000000, 93.047, 93.3683
335.000000, 93.044, 92.7121
340.000000, 93.047, 92.1354
345.000000, 93.033, 91.6020
350.000000, 93.008, 91.1213
355.000000, 92.986, 90.5518
360.000000, 92.963, 89.9578
365.000000, 92.937, 89.5110
370.000000, 92.934, 89.0049
375.000000, 92.932, 88.5262
382.000000, 92.972, 87.8320
387.000000, 92.954, 87.0788
395.000000, 92.857, 86.1957
400.000000, 92.837, 86.1267
406.000000, 92.857, 85.4948
412.000000, 92.883, 84.6931
418.000000, 92.839, 83.9242
425.000000, 92.793, 83.1657
431.000000, 92.800, 82.5727
437.000000, 92.807, 82.1142
444.000000, 92.791, 81.6773
450.000000, 92.809, 81.1192
455.000000, 92.845, 80.5616
462.000000, 92.888, 79.8426
468.000000, 92.879, 79.5790
475.000000, 92.801, 78.9583
482.000000, 92.762, 78.0816
487.000000, 92.763, 77.9053
494.000000, 92.747, 77.5513
500.000000, 92.743, 76.9459
508.000000, 92.739, 76.1685
515.000000, 92.777, 75.9851
522.000000, 92.853, 76.1422
530.000000, 92.869, 77.0955
538.000000, 92.612, 77.7512
545.000000, 92.382, 74.3348
552.000000, 92.595, 71.6177
560.000000, 92.726, 71.9050
570.000000, 92.741, 71.4127
580.000000, 92.782, 70.6578
590.000000, 92.779, 70.0038
600.000000, 92.775, 69.2461
608.000000, 92.784, 68.6722
615.000000, 92.784, 68.2767
622.000000, 92.779, 67.9139
630.000000, 92.779, 67.4811
640.000000, 92.782, 66.9533
650.000000, 92.791, 66.3731
660.000000, 92.799, 65.7705
670.000000, 92.782, 65.0769
680.000000, 92.762, 65.2811
690.000000, 92.760, 65.8878
700.000000, 92.852, 64.5513
710.000000, 92.908, 63.3679
720.000000, 92.851, 62.9546
730.000000, 92.833, 63.0306
740.000000, 92.894, 62.7166
750.000000, 92.959, 62.1780
762.000000, 93.032, 61.7489
775.000000, 93.131, 61.4090
788.000000, 93.165, 60.8475
800.000000, 93.147, 60.3265
812.000000, 93.151, 59.7323
825.000000, 93.191, 59.1955
838.000000, 93.242, 58.7455
850.000000, 93.297, 58.3351
862.000000, 93.350, 57.8620
875.000000, 93.408, 57.3448
885.000000, 93.453, 56.9631
900.000000, 93.522, 56.4174
912.000000, 93.581, 55.9745
925.000000, 93.647, 55.5135
938.000000, 93.711, 54.9898
950.000000, 93.767, 54.4687
962.000000, 93.823, 53.9374
975.000000, 93.882, 53.3773
988.000000, 93.943, 52.8268
1000.000000, 94.003, 52.3141
1015.000000, 94.079, 51.6552
1030.000000, 94.154, 50.9646
1044.000000, 94.228, 50.2780
1060.000000, 94.311, 49.5301
1075.000000, 94.384, 48.8038
1090.000000, 94.459, 48.0078
1106.000000, 94.543, 47.2120
1120.000000, 94.617, 46.5018
1138.000000, 94.707, 45.5410
1150.000000, 94.764, 44.9228
1172.000000, 94.874, 43.7318
1180.000000, 94.915, 43.2955
1206.000000, 95.048, 41.9207
1220.000000, 95.121, 41.1372
1241.000000, 95.224, 39.9933
1250.000000, 95.263, 39.5316
1265.000000, 95.322, 38.7488
1280.000000, 95.383, 37.9520
1315.000000, 95.533, 36.0846
1320.000000, 95.554, 35.8148
1340.000000, 95.626, 34.7672
1360.000000, 95.670, 33.7661
1380.000000, 95.713, 32.7573
1400.000000, 95.783, 31.7120
1430.000000, 95.911, 30.1693
1450.000000, 95.992, 29.1458
1475.000000, 96.084, 27.8770
1500.000000, 96.170, 26.6219
1525.000000, 96.256, 25.3010
1550.000000, 96.341, 23.9317
1575.000000, 96.425, 22.5632
1600.000000, 96.507, 21.1503
1625.000000, 96.589, 19.7247
1650.000000, 96.665, 18.2412
1675.000000, 96.731, 16.7604
1700.000000, 96.790, 15.2745
1725.000000, 96.852, 13.7452
1750.000000, 96.923, 12.1804
1775.000000, 96.997, 10.5687
1800.000000, 97.064, 8.9156
1825.000000, 97.117, 7.2334
1850.000000, 97.158, 5.5327
1875.000000, 97.193, 3.8013
1900.000000, 97.229, 2.0045
1925.000000, 97.262, 0.1866
1950.000000, 97.288, -1.6517
1975.000000, 97.306, -3.5255
2000.000000, 97.310, -5.4025
2030.000000, 97.300, -7.6473
2060.000000, 97.290, -9.9520
2090.000000, 97.276, -12.2429
2120.000000, 97.258, -14.5306
2140.000000, 97.246, -16.0808
2180.000000, 97.201, -19.1306
2200.000000, 97.164, -20.6312
2240.000000, 97.077, -23.6493
2270.000000, 96.997, -25.8408
2300.000000, 96.911, -27.9995
2330.000000, 96.818, -30.1259
2360.000000, 96.715, -32.1460
2400.000000, 96.585, -34.8293
2430.000000, 96.488, -36.7896
2470.000000, 96.356, -39.2863
2500.000000, 96.265, -41.1207
2540.000000, 96.150, -43.4985
2580.000000, 96.040, -45.7715
2620.000000, 95.945, -47.9442
2650.000000, 95.887, -49.5399
2690.000000, 95.841, -51.6421
2720.000000, 95.821, -53.2065
2760.000000, 95.801, -55.2645
2800.000000, 95.789, -57.3409
2850.000000, 95.800, -59.9883
2900.000000, 95.852, -62.7482
2950.000000, 95.943, -65.6288
3000.000000, 96.055, -68.6718
3040.000000, 96.142, -71.2178
3070.000000, 96.206, -73.2135
3110.000000, 96.297, -76.0292
3150.000000, 96.397, -79.0224
3200.000000, 96.529, -82.9857
3250.000000, 96.656, -87.1855
3300.000000, 96.751, -91.5502
3350.000000, 96.790, -96.0162
3400.000000, 96.765, -100.4980
3450.000000, 96.676, -104.8893
3500.000000, 96.536, -109.0581
3550.000000, 96.367, -112.8336
3600.000000, 96.202, -116.2599
3650.000000, 96.031, -119.5322
3700.000000, 95.819, -122.5303
3750.000000, 95.584, -125.1248
3820.000000, 95.249, -128.0640
3870.000000, 95.024, -129.7048
3950.000000, 94.714, -131.5991
4000.000000, 94.548, -132.3462
4060.000000, 94.397, -132.9159
4120.000000, 94.294, -133.1594
4180.000000, 94.244, -133.1534
4250.000000, 94.277, -133.0495
4310.000000, 94.376, -132.9484
4370.000000, 94.531, -132.9247
4440.000000, 94.778, -133.1477
4500.000000, 95.020, -133.5915
4550.000000, 95.238, -134.2080
4620.000000, 95.551, -135.4771
4680.000000, 95.808, -136.9186
4750.000000, 96.084, -139.0182
4820.000000, 96.316, -141.5079
4870.000000, 96.441, -143.4517
4940.000000, 96.544, -146.2802
5000.000000, 96.566, -148.7416
5080.000000, 96.504, -151.9199
5150.000000, 96.373, -154.4789
5220.000000, 96.184, -156.7412
5300.000000, 95.910, -158.8660
5380.000000, 95.580, -160.4357
5450.000000, 95.260, -161.3363
5520.000000, 94.930, -161.8007
5600.000000, 94.556, -161.7790
5700.000000, 94.133, -161.0417
5800.000000, 93.779, -159.6404
5900.000000, 93.492, -157.7257
6000.000000, 93.276, -155.4551
6080.000000, 93.148, -153.4808
6150.000000, 93.071, -151.6800
6220.000000, 93.030, -149.8491
6300.000000, 93.020, -147.7407
6400.000000, 93.066, -145.1327
6500.000000, 93.169, -142.5914
6600.000000, 93.320, -140.1609
6700.000000, 93.505, -137.8700
6800.000000, 93.734, -135.7599
6900.000000, 94.024, -133.8905
7000.000000, 94.366, -132.2925
7100.000000, 94.743, -131.0159
7200.000000, 95.137, -130.1229
7300.000000, 95.528, -129.6443
7400.000000, 95.910, -129.6199
7500.000000, 96.270, -130.0246
7620.000000, 96.651, -130.9236
7750.000000, 96.994, -132.2870
7880.000000, 97.154, -133.8497
8000.000000, 97.174, -135.3071
8120.000000, 97.111, -136.6440
8250.000000, 96.956, -137.8384
8380.000000, 96.739, -138.7063
8500.000000, 96.490, -139.1881
8620.000000, 96.195, -139.2394
8750.000000, 95.880, -138.6996
8850.000000, 95.663, -138.1707
9000.000000, 95.316, -137.4004
9120.000000, 95.014, -136.6212
9250.000000, 94.676, -135.5542
9380.000000, 94.328, -134.2297
9500.000000, 93.999, -132.7659
9620.000000, 93.670, -131.0666
9750.000000, 93.330, -128.9620
9880.000000, 93.012, -126.5948
10000.000000, 92.745, -124.2009
10150.000000, 92.447, -120.9621
10300.000000, 92.192, -117.4850
10440.000000, 92.009, -114.0860
10600.000000, 91.856, -110.0846
10750.000000, 91.774, -106.3400
10900.000000, 91.760, -102.7177
11060.000000, 91.810, -99.0845
11200.000000, 91.906, -96.1817
11380.000000, 92.085, -92.9528
11500.000000, 92.223, -91.1752
11720.000000, 92.480, -88.7495
11800.000000, 92.563, -88.1328
12060.000000, 92.732, -86.7959
12200.000000, 92.764, -86.2920
12410.000000, 92.768, -85.8789
12500.000000, 92.749, -85.8705
12650.000000, 92.682, -85.9990
12800.000000, 92.574, -86.2303
13150.000000, 92.201, -87.0392
13200.000000, 92.133, -87.1896
13400.000000, 91.824, -87.8801
13600.000000, 91.467, -88.7456
13800.000000, 91.066, -89.8564
14000.000000, 90.603, -91.3307
14300.000000, 89.696, -94.2498
14500.000000, 88.869, -96.4265
14750.000000, 87.529, -98.6782
15000.000000, 85.860, -99.2584
15250.000000, 84.021, -97.2911
15500.000000, 82.264, -92.7417
15750.000000, 80.762, -86.5027
16000.000000, 79.483, -79.8066
16250.000000, 78.274, -73.1307
16500.000000, 77.045, -65.9951
16750.000000, 75.830, -57.7930
17000.000000, 74.694, -48.2932
17250.000000, 73.713, -37.5309
17500.000000, 72.980, -25.8866
17750.000000, 72.488, -14.3085
18000.000000, 72.102, -2.5375
18250.000000, 72.375, 14.6932
18500.000000, 75.299, 40.2114
18750.000000, 79.026, 43.4785
19000.000000, 80.538, 26.7540
19250.000000, 79.823, 9.2745
19500.000000, 77.851, -1.8605
19750.000000, 75.473, -5.7783
20000.000000, 73.197, -4.3787
20300.000000, 70.867, 0.7814
20600.000000, 68.985, 6.4202
20900.000000, 67.107, 10.9927
21200.000000, 64.483, 13.0120
21400.000000, 61.870, 15.8262
21800.000000, 54.523, 46.1824
22000.000000, 50.627, -0.0720
22400.000000, 45.314, 88.6405
22700.000000, 43.362, 143.8817
23000.000000, 42.491, -155.8464
23300.000000, 44.020, 156.1792
23600.000000, 48.999, 169.0654
24000.000000, 53.990, -144.9049
