* Measurement data measured by REW V5.31.3
* Source: E2x2, MICROPHONE (Analogue 1), 1, volume: 1.000. Timing signal peak level -38.3 dBFS, measurement signal peak level -25.2 dBFS
* Format: 512k Log Swept Sine, 1 sweep at -40.4 dBFS using an acoustic timing reference
* Dated: Apr 19, 2025 5:44:31 PM
* REW Settings:
*  C-weighting compensation: Off
*  Target level: 75.0 dB
* Note: ; Fosi DS1 + E2x2 MacBook Delay -0.0532 ms (-18 mm, -0.72 in) using estimated IR delay relative to Acoustic reference played from SPEAKER L with no timing offset Clock adjustment: -28.7 ppm
* Measurement: UC L
* Smoothing: 1/24 octave
* Frequency Step: 1/48 octave
* Start Frequency: 1.000 Hz
*
* Freq(Hz), SPL(dB), Phase(degrees)
1.000000, 73.428, -160.3947
1.015000, 73.510, -161.5857
1.030000, 73.597, -162.7238
1.044000, 73.680, -163.7487
1.060000, 73.780, -164.8870
1.075000, 73.876, -165.9324
1.090000, 73.974, -166.9642
1.106000, 74.084, -168.0492
1.120000, 74.188, -168.9718
1.138000, 74.334, -170.1038
1.150000, 74.439, -170.8195
1.172000, 74.646, -172.1344
1.180000, 74.725, -172.6765
1.206000, 74.997, -174.3224
1.220000, 75.152, -175.1408
1.241000, 75.392, -176.2828
1.250000, 75.497, -176.7420
1.265000, 75.676, -177.4690
1.280000, 75.858, -178.1505
1.315000, 76.290, -179.5811
1.320000, 76.353, -179.7688
1.340000, 76.601, 179.5167
1.360000, 76.849, 178.8596
1.380000, 77.093, 178.1205
1.400000, 77.332, 177.3717
1.430000, 77.678, 176.3084
1.450000, 77.898, 175.6305
1.475000, 78.161, 174.8157
1.500000, 78.417, 174.0522
1.525000, 78.670, 173.3499
1.550000, 78.921, 172.7095
1.575000, 79.170, 172.0566
1.600000, 79.417, 171.3300
1.625000, 79.661, 170.6548
1.650000, 79.903, 170.0255
1.675000, 80.142, 169.4366
1.700000, 80.379, 168.8823
1.725000, 80.614, 168.3569
1.750000, 80.846, 167.8553
1.775000, 81.076, 167.3190
1.800000, 81.303, 166.6920
1.825000, 81.527, 166.0772
1.850000, 81.749, 165.4733
1.875000, 81.968, 164.8879
1.900000, 82.184, 164.3257
1.925000, 82.398, 163.7888
1.950000, 82.609, 163.2791
1.975000, 82.818, 162.7455
2.000000, 83.024, 162.1387
2.030000, 83.269, 161.4469
2.060000, 83.510, 160.7864
2.090000, 83.748, 160.1537
2.120000, 83.983, 159.5449
2.140000, 84.138, 159.1502
2.180000, 84.444, 158.3301
2.200000, 84.595, 157.8796
2.240000, 84.893, 156.9959
2.270000, 85.112, 156.3512
2.300000, 85.328, 155.7253
2.330000, 85.541, 155.1199
2.360000, 85.751, 154.5349
2.400000, 86.026, 153.6689
2.430000, 86.229, 153.0270
2.470000, 86.496, 152.2017
2.500000, 86.693, 151.6035
2.540000, 86.952, 150.8304
2.580000, 87.208, 150.0388
2.620000, 87.459, 149.1811
2.650000, 87.643, 148.5511
2.690000, 87.886, 147.7297
2.720000, 88.065, 147.1295
2.760000, 88.300, 146.3557
2.800000, 88.530, 145.5198
2.850000, 88.813, 144.4992
2.900000, 89.090, 143.5190
2.950000, 89.361, 142.5714
3.000000, 89.625, 141.5734
3.040000, 89.832, 140.7637
3.070000, 89.985, 140.1670
3.110000, 90.185, 139.3879
3.150000, 90.382, 138.6292
3.200000, 90.623, 137.6539
3.250000, 90.859, 136.6859
3.300000, 91.091, 135.7496
3.350000, 91.319, 134.8369
3.400000, 91.541, 133.8819
3.450000, 91.758, 132.9221
3.500000, 91.970, 131.9859
3.550000, 92.178, 131.0779
3.600000, 92.382, 130.1528
3.650000, 92.583, 129.2367
3.700000, 92.780, 128.3430
3.750000, 92.972, 127.4637
3.820000, 93.235, 126.1958
3.870000, 93.418, 125.2983
3.950000, 93.704, 123.9069
4.000000, 93.879, 123.0326
4.060000, 94.085, 121.9911
4.120000, 94.287, 120.9683
4.180000, 94.483, 119.9517
4.250000, 94.707, 118.7404
4.310000, 94.894, 117.7290
4.370000, 95.078, 116.7371
4.440000, 95.287, 115.5613
4.500000, 95.462, 114.5666
4.550000, 95.605, 113.7484
4.620000, 95.800, 112.5844
4.680000, 95.963, 111.5978
4.750000, 96.149, 110.4717
4.820000, 96.331, 109.3322
4.870000, 96.457, 108.5193
4.940000, 96.630, 107.3951
5.000000, 96.774, 106.4273
5.080000, 96.960, 105.1462
5.150000, 97.118, 104.0484
5.220000, 97.270, 102.9378
5.300000, 97.438, 101.6729
5.380000, 97.600, 100.4268
5.450000, 97.736, 99.3363
5.520000, 97.867, 98.2696
5.600000, 98.011, 97.0531
5.700000, 98.182, 95.5337
5.800000, 98.344, 94.0494
5.900000, 98.496, 92.5940
6.000000, 98.638, 91.1637
6.080000, 98.746, 90.0277
6.150000, 98.836, 89.0626
6.220000, 98.922, 88.1101
6.300000, 99.015, 87.0483
6.400000, 99.125, 85.7492
6.500000, 99.228, 84.4795
6.600000, 99.325, 83.2612
6.700000, 99.417, 82.0800
6.800000, 99.503, 80.9388
6.900000, 99.585, 79.8318
7.000000, 99.664, 78.7725
7.100000, 99.740, 77.7482
7.200000, 99.813, 76.7625
7.300000, 99.885, 75.8058
7.400000, 99.955, 74.8857
7.500000, 100.025, 73.9919
7.620000, 100.107, 72.9558
7.750000, 100.196, 71.8701
7.880000, 100.284, 70.8123
8.000000, 100.365, 69.8640
8.120000, 100.445, 68.9305
8.250000, 100.531, 67.9365
8.380000, 100.617, 66.9601
8.500000, 100.694, 66.0662
8.620000, 100.771, 65.1826
8.750000, 100.852, 64.2352
8.850000, 100.913, 63.5112
9.000000, 101.003, 62.4385
9.120000, 101.073, 61.5872
9.250000, 101.147, 60.6730
9.380000, 101.220, 59.7691
9.500000, 101.286, 58.9373
9.620000, 101.351, 58.1127
9.750000, 101.418, 57.2241
9.880000, 101.477, 56.3367
10.000000, 101.520, 55.5230
10.150000, 101.561, 54.4832
10.300000, 101.592, 53.4516
10.440000, 101.614, 52.4952
10.600000, 101.634, 51.4126
10.750000, 101.652, 50.4090
10.900000, 101.666, 49.4191
11.060000, 101.677, 48.3687
11.200000, 101.683, 47.4454
11.380000, 101.685, 46.2957
11.500000, 101.683, 45.5555
11.720000, 101.676, 44.2569
11.800000, 101.673, 43.8052
12.060000, 101.667, 42.3961
12.200000, 101.667, 41.6580
12.410000, 101.670, 40.6009
12.500000, 101.672, 40.1629
12.650000, 101.676, 39.4507
12.800000, 101.682, 38.7554
13.150000, 101.700, 37.1499
13.200000, 101.703, 36.9191
13.400000, 101.717, 36.0015
13.600000, 101.731, 35.0948
13.800000, 101.744, 34.2007
14.000000, 101.755, 33.3223
14.300000, 101.766, 32.0133
14.500000, 101.770, 31.1745
14.750000, 101.774, 30.1693
15.000000, 101.778, 29.2104
15.250000, 101.787, 28.2688
15.500000, 101.799, 27.3618
15.750000, 101.811, 26.4830
16.000000, 101.823, 25.6244
16.250000, 101.835, 24.7599
16.500000, 101.846, 23.9079
16.750000, 101.856, 23.0694
17.000000, 101.864, 22.2460
17.250000, 101.871, 21.4284
17.500000, 101.875, 20.6357
17.750000, 101.878, 19.8727
18.000000, 101.880, 19.1362
18.250000, 101.883, 18.4091
18.500000, 101.887, 17.6928
18.750000, 101.893, 16.9790
19.000000, 101.898, 16.2600
19.250000, 101.903, 15.5217
19.500000, 101.903, 14.7843
19.750000, 101.898, 14.0603
20.000000, 101.887, 13.3638
20.299999, 101.871, 12.5636
20.600000, 101.854, 11.8173
20.900000, 101.840, 11.1086
21.200001, 101.827, 10.4072
21.400000, 101.818, 9.9395
21.799999, 101.790, 9.0312
22.000000, 101.771, 8.6140
22.400000, 101.728, 7.9144
22.700001, 101.705, 7.5500
23.000000, 101.706, 7.2924
23.299999, 101.741, 7.0402
23.600000, 101.810, 6.6718
24.000000, 101.931, 5.8108
24.299999, 102.016, 4.8327
24.700001, 102.080, 3.1984
25.000000, 102.075, 1.8820
25.400000, 102.000, 0.2602
25.799999, 101.876, -0.9824
26.200001, 101.747, -1.7791
26.500000, 101.668, -2.1434
26.900000, 101.600, -2.4647
27.200001, 101.577, -2.6844
27.600000, 101.572, -3.0426
28.000000, 101.584, -3.5184
28.500000, 101.604, -4.3007
29.000000, 101.613, -5.2549
29.500000, 101.594, -6.2916
30.000000, 101.544, -7.2596
30.400000, 101.490, -7.9131
30.700001, 101.449, -8.3223
31.100000, 101.402, -8.7897
31.500000, 101.365, -9.2178
32.000000, 101.329, -9.7479
32.500000, 101.297, -10.2958
33.000000, 101.269, -10.8647
33.500000, 101.240, -11.4884
34.000000, 101.203, -12.1714
34.500000, 101.147, -12.8452
35.000000, 101.077, -13.3983
35.500000, 101.018, -13.8221
36.000000, 100.982, -14.2475
36.500000, 100.957, -14.8226
37.000000, 100.918, -15.5359
37.500000, 100.857, -16.2507
38.200001, 100.765, -17.1060
38.700001, 100.710, -17.6866
39.500000, 100.629, -18.6034
40.000000, 100.595, -19.1101
40.599998, 100.594, -19.8414
41.200001, 100.595, -20.9673
41.799999, 100.518, -22.2422
42.500000, 100.351, -23.0829
43.099998, 100.263, -23.1565
43.700001, 100.263, -23.2606
44.400002, 100.270, -23.8040
45.000000, 100.235, -24.2728
45.500000, 100.206, -24.5126
46.200001, 100.193, -24.8447
46.799999, 100.181, -25.2809
47.500000, 100.145, -25.8251
48.200001, 100.108, -26.3405
48.700001, 100.084, -26.7607
49.400002, 100.042, -27.4357
50.000000, 99.996, -28.0284
50.799999, 99.928, -28.7822
51.500000, 99.867, -29.3833
52.200001, 99.811, -29.9165
53.000000, 99.756, -30.4944
53.799999, 99.696, -31.0309
54.500000, 99.643, -31.4230
55.200001, 99.596, -31.7981
56.000000, 99.538, -32.2645
57.000000, 99.452, -32.8206
58.000000, 99.373, -33.4022
59.000000, 99.286, -34.0942
60.000000, 99.194, -34.7366
60.799999, 99.134, -35.2184
61.500000, 99.090, -35.6494
62.200001, 99.052, -36.1017
63.000000, 99.007, -36.6540
64.000000, 98.932, -37.2802
65.000000, 98.856, -37.7018
66.000000, 98.799, -38.0711
67.000000, 98.748, -38.5741
68.000000, 98.675, -39.1912
69.000000, 98.583, -39.6949
70.000000, 98.508, -40.0967
71.000000, 98.449, -40.5490
72.000000, 98.393, -41.0400
73.000000, 98.329, -41.5768
74.000000, 98.248, -41.9811
75.000000, 98.184, -42.1953
76.199997, 98.139, -42.5510
77.500000, 98.084, -43.1315
78.800003, 98.005, -43.7233
80.000000, 97.930, -44.1805
81.199997, 97.862, -44.6627
82.500000, 97.777, -45.1857
83.800003, 97.709, -45.6576
85.000000, 97.647, -46.3291
86.199997, 97.547, -46.9390
87.500000, 97.451, -47.2977
88.500000, 97.401, -47.5474
90.000000, 97.331, -47.9988
91.199997, 97.265, -48.3336
92.500000, 97.186, -48.6513
93.800003, 97.102, -48.9307
95.000000, 97.035, -49.1938
96.199997, 96.984, -49.6025
97.500000, 96.927, -50.2667
98.800003, 96.845, -50.9451
100.000000, 96.754, -51.3097
101.500000, 96.666, -51.2084
103.000000, 96.676, -50.7327
104.400002, 96.750, -51.3718
106.000000, 96.590, -52.6753
107.500000, 96.417, -52.9352
109.000000, 96.331, -53.1718
110.599998, 96.295, -53.5796
112.000000, 96.262, -53.9744
113.800003, 96.179, -54.2913
115.000000, 96.103, -54.3633
117.199997, 96.000, -54.6205
118.000000, 95.968, -54.9855
120.599998, 95.787, -55.9417
122.000000, 95.735, -55.8964
124.099998, 95.705, -56.0670
125.000000, 95.678, -56.2424
126.500000, 95.620, -56.6166
128.000000, 95.555, -57.0167
131.500000, 95.465, -57.3657
132.000000, 95.464, -57.3508
134.000000, 95.476, -57.5220
136.000000, 95.403, -58.3112
138.000000, 95.266, -58.7302
140.000000, 95.155, -58.9307
143.000000, 95.043, -59.2405
145.000000, 94.982, -59.8217
147.500000, 94.929, -60.4602
150.000000, 94.896, -61.1973
152.500000, 94.768, -61.6150
155.000000, 94.722, -61.3294
157.500000, 94.760, -62.0194
160.000000, 94.662, -62.6378
162.500000, 94.523, -62.8788
165.000000, 94.409, -63.3334
167.500000, 94.343, -64.0266
170.000000, 94.282, -64.1585
172.500000, 94.282, -63.7200
175.000000, 94.262, -64.2240
177.500000, 94.078, -65.1127
180.000000, 93.917, -64.3417
182.500000, 94.055, -63.1949
185.000000, 94.199, -63.7369
187.500000, 94.163, -64.3765
190.000000, 94.106, -64.8597
192.500000, 94.052, -65.7131
195.000000, 93.974, -66.5438
197.500000, 93.911, -66.9761
200.000000, 93.887, -67.2858
203.000000, 93.809, -68.0071
206.000000, 93.717, -68.5538
209.000000, 93.702, -69.0244
212.000000, 93.696, -69.0886
214.000000, 93.691, -68.9021
218.000000, 93.638, -69.1207
220.000000, 93.576, -69.4957
224.000000, 93.484, -70.3475
227.000000, 93.469, -70.9877
230.000000, 93.449, -71.4630
233.000000, 93.421, -71.7413
236.000000, 93.371, -71.9923
240.000000, 93.268, -72.2730
243.000000, 93.231, -72.8358
247.000000, 93.222, -73.3571
250.000000, 93.161, -73.5518
254.000000, 93.076, -74.0731
258.000000, 93.044, -74.7382
262.000000, 92.966, -75.4011
265.000000, 92.929, -75.7722
269.000000, 92.942, -76.7955
272.000000, 92.940, -76.8428
276.000000, 92.960, -76.5152
280.000000, 92.932, -76.8788
285.000000, 92.870, -77.6450
290.000000, 92.849, -78.2341
295.000000, 92.842, -78.6750
300.000000, 92.817, -79.0080
304.000000, 92.793, -79.4122
307.000000, 92.786, -79.8516
311.000000, 92.777, -80.4601
315.000000, 92.768, -80.9923
320.000000, 92.780, -81.4725
325.000000, 92.789, -81.8964
330.000000, 92.793, -82.3809
335.000000, 92.744, -82.9000
340.000000, 92.700, -83.3691
345.000000, 92.693, -83.9937
350.000000, 92.682, -84.5120
355.000000, 92.666, -84.9755
360.000000, 92.665, -85.4430
365.000000, 92.669, -86.0659
370.000000, 92.664, -86.6841
375.000000, 92.658, -87.1675
382.000000, 92.660, -87.9423
387.000000, 92.667, -88.5050
395.000000, 92.676, -89.3336
400.000000, 92.666, -89.7987
406.000000, 92.648, -90.2825
412.000000, 92.639, -90.7803
418.000000, 92.632, -91.3759
425.000000, 92.628, -92.1609
431.000000, 92.625, -92.8035
437.000000, 92.621, -93.4149
444.000000, 92.606, -94.1460
450.000000, 92.600, -94.8223
455.000000, 92.610, -95.3367
462.000000, 92.612, -95.9255
468.000000, 92.604, -96.3842
475.000000, 92.602, -96.9579
482.000000, 92.612, -97.6349
487.000000, 92.622, -98.1390
494.000000, 92.633, -98.8250
500.000000, 92.630, -99.4412
508.000000, 92.615, -100.1553
515.000000, 92.603, -100.6956
522.000000, 92.597, -101.2975
530.000000, 92.604, -102.0398
538.000000, 92.621, -102.7837
545.000000, 92.625, -103.3959
552.000000, 92.627, -103.9703
560.000000, 92.631, -104.5665
570.000000, 92.624, -105.2955
580.000000, 92.619, -106.0557
590.000000, 92.613, -106.7260
600.000000, 92.609, -107.4426
608.000000, 92.609, -108.0214
615.000000, 92.602, -108.4509
622.000000, 92.596, -108.9016
630.000000, 92.592, -109.3789
640.000000, 92.581, -109.8914
650.000000, 92.580, -110.3906
660.000000, 92.584, -110.8827
670.000000, 92.602, -111.4097
680.000000, 92.631, -111.8663
690.000000, 92.650, -112.3873
700.000000, 92.670, -112.9081
710.000000, 92.680, -113.3642
720.000000, 92.697, -113.8511
730.000000, 92.718, -114.3140
740.000000, 92.738, -114.7825
750.000000, 92.768, -115.2313
762.000000, 92.796, -115.7518
775.000000, 92.819, -116.3082
788.000000, 92.848, -116.7870
800.000000, 92.876, -117.2352
812.000000, 92.907, -117.6734
825.000000, 92.943, -118.1321
838.000000, 92.984, -118.5917
850.000000, 93.030, -119.0041
862.000000, 93.080, -119.4469
875.000000, 93.138, -119.9033
885.000000, 93.181, -120.2584
900.000000, 93.246, -120.7887
912.000000, 93.302, -121.2191
925.000000, 93.362, -121.7314
938.000000, 93.422, -122.2206
950.000000, 93.478, -122.6794
962.000000, 93.533, -123.1721
975.000000, 93.603, -123.7003
988.000000, 93.681, -124.2563
1000.000000, 93.755, -124.7999
1015.000000, 93.840, -125.4578
1030.000000, 93.910, -126.1351
1044.000000, 93.965, -126.7939
1060.000000, 94.030, -127.5182
1075.000000, 94.106, -128.2671
1090.000000, 94.193, -129.0527
1106.000000, 94.296, -129.8665
1120.000000, 94.383, -130.6156
1138.000000, 94.486, -131.5652
1150.000000, 94.548, -132.2070
1172.000000, 94.659, -133.3941
1180.000000, 94.702, -133.8130
1206.000000, 94.847, -135.2472
1220.000000, 94.923, -136.0275
1241.000000, 95.029, -137.2206
1250.000000, 95.069, -137.7311
1265.000000, 95.131, -138.5311
1280.000000, 95.191, -139.3284
1315.000000, 95.327, -141.2292
1320.000000, 95.346, -141.4827
1340.000000, 95.422, -142.5413
1360.000000, 95.485, -143.6089
1380.000000, 95.548, -144.6187
1400.000000, 95.636, -145.7102
1430.000000, 95.779, -147.3126
1450.000000, 95.866, -148.3675
1475.000000, 95.960, -149.7341
1500.000000, 96.042, -151.0641
1525.000000, 96.124, -152.4802
1550.000000, 96.207, -153.8607
1575.000000, 96.291, -155.3144
1600.000000, 96.372, -156.7590
1625.000000, 96.449, -158.2336
1650.000000, 96.525, -159.7535
1675.000000, 96.598, -161.2760
1700.000000, 96.675, -162.8740
1725.000000, 96.753, -164.4874
1750.000000, 96.825, -166.1405
1775.000000, 96.886, -167.8137
1800.000000, 96.935, -169.5012
1825.000000, 96.976, -171.2523
1850.000000, 97.013, -173.0027
1875.000000, 97.057, -174.8091
1900.000000, 97.106, -176.6990
1925.000000, 97.147, -178.5680
1950.000000, 97.178, 179.5364
1975.000000, 97.196, 177.6011
2000.000000, 97.194, 175.6997
2030.000000, 97.178, 173.3943
2060.000000, 97.164, 171.0407
2090.000000, 97.147, 168.6913
2120.000000, 97.123, 166.3373
2140.000000, 97.100, 164.7740
2180.000000, 97.029, 161.7056
2200.000000, 96.983, 160.1798
2240.000000, 96.883, 157.1802
2270.000000, 96.810, 154.9454
2300.000000, 96.734, 152.7606
2330.000000, 96.649, 150.6412
2360.000000, 96.563, 148.5385
2400.000000, 96.443, 145.8138
2430.000000, 96.350, 143.8416
2470.000000, 96.237, 141.2330
2500.000000, 96.155, 139.3514
2540.000000, 96.054, 136.8986
2580.000000, 95.968, 134.4704
2620.000000, 95.889, 132.1077
2650.000000, 95.842, 130.3275
2690.000000, 95.789, 127.9577
2720.000000, 95.753, 126.2067
2760.000000, 95.721, 123.8361
2800.000000, 95.710, 121.4424
2850.000000, 95.721, 118.4382
2900.000000, 95.763, 115.3126
2950.000000, 95.824, 112.0622
3000.000000, 95.901, 108.6273
3040.000000, 95.969, 105.7264
3070.000000, 96.020, 103.4594
3110.000000, 96.087, 100.3079
3150.000000, 96.151, 96.9983
3200.000000, 96.217, 92.6494
3250.000000, 96.253, 88.1066
3300.000000, 96.235, 83.4619
3350.000000, 96.158, 78.7875
3400.000000, 96.019, 74.2289
3450.000000, 95.832, 69.8683
3500.000000, 95.599, 65.8120
3550.000000, 95.325, 62.1725
3600.000000, 95.027, 58.9778
3650.000000, 94.716, 56.2577
3700.000000, 94.405, 54.0047
3750.000000, 94.109, 52.1831
3820.000000, 93.721, 50.4283
3870.000000, 93.480, 49.6486
3950.000000, 93.183, 49.1034
4000.000000, 93.058, 49.1245
4060.000000, 92.973, 49.3721
4120.000000, 92.953, 49.8225
4180.000000, 93.012, 50.3223
4250.000000, 93.172, 50.8636
4310.000000, 93.379, 51.1912
4370.000000, 93.631, 51.3008
4440.000000, 93.963, 51.0981
4500.000000, 94.279, 50.5773
4550.000000, 94.554, 49.8843
4620.000000, 94.937, 48.5251
4680.000000, 95.251, 46.9746
4750.000000, 95.569, 44.7736
4820.000000, 95.825, 42.2261
4870.000000, 95.970, 40.2390
4940.000000, 96.114, 37.3314
5000.000000, 96.184, 34.8102
5080.000000, 96.198, 31.5585
5150.000000, 96.122, 28.9678
5220.000000, 95.973, 26.7134
5300.000000, 95.747, 24.5928
5380.000000, 95.474, 23.0201
5450.000000, 95.217, 22.0750
5520.000000, 94.965, 21.5095
5600.000000, 94.692, 21.2776
5700.000000, 94.388, 21.4991
5800.000000, 94.133, 22.1860
5900.000000, 93.914, 23.2446
6000.000000, 93.736, 24.5453
6080.000000, 93.623, 25.7304
6150.000000, 93.550, 26.8359
6220.000000, 93.500, 27.9916
6300.000000, 93.470, 29.3574
6400.000000, 93.466, 31.0971
6500.000000, 93.493, 32.8630
6600.000000, 93.559, 34.6028
6700.000000, 93.648, 36.3132
6800.000000, 93.773, 37.9542
6900.000000, 93.944, 39.5240
7000.000000, 94.160, 40.9932
7100.000000, 94.425, 42.2913
7200.000000, 94.724, 43.3729
7300.000000, 95.050, 44.1523
7400.000000, 95.388, 44.5622
7500.000000, 95.723, 44.5886
7620.000000, 96.118, 44.0457
7750.000000, 96.504, 42.7623
7880.000000, 96.729, 40.9052
8000.000000, 96.789, 38.8784
8120.000000, 96.721, 36.7816
8250.000000, 96.510, 34.6744
8380.000000, 96.181, 32.9509
8500.000000, 95.789, 31.8485
8620.000000, 95.321, 31.4048
8750.000000, 94.792, 31.8844
8850.000000, 94.417, 32.5923
9000.000000, 93.870, 33.8983
9120.000000, 93.427, 35.3148
9250.000000, 92.963, 37.2026
9380.000000, 92.516, 39.3947
9500.000000, 92.123, 41.6384
9620.000000, 91.766, 44.0524
9750.000000, 91.416, 46.8394
9880.000000, 91.094, 49.8003
10000.000000, 90.827, 52.6619
10150.000000, 90.531, 56.4089
10300.000000, 90.278, 60.3356
10440.000000, 90.099, 64.1117
10600.000000, 89.960, 68.5007
10750.000000, 89.890, 72.5817
10900.000000, 89.884, 76.4628
11060.000000, 89.930, 80.2718
11200.000000, 90.007, 83.2795
11380.000000, 90.148, 86.6251
11500.000000, 90.248, 88.4985
11720.000000, 90.414, 91.1796
11800.000000, 90.463, 91.9248
12060.000000, 90.530, 93.6984
12200.000000, 90.495, 94.4081
12410.000000, 90.346, 95.6855
12500.000000, 90.275, 96.3853
12650.000000, 90.177, 97.5350
12800.000000, 90.082, 98.4532
13150.000000, 89.798, 99.7666
13200.000000, 89.751, 99.8744
13400.000000, 89.546, 100.0824
13600.000000, 89.317, 99.8318
13800.000000, 89.033, 99.0278
14000.000000, 88.647, 97.6191
14300.000000, 87.756, 94.7606
14500.000000, 86.884, 92.9507
14750.000000, 85.490, 91.7675
15000.000000, 83.852, 92.7996
15250.000000, 82.161, 96.4907
15500.000000, 80.651, 102.3790
15750.000000, 79.434, 109.2526
16000.000000, 78.413, 115.9745
16250.000000, 77.428, 122.4704
16500.000000, 76.419, 129.4485
16750.000000, 75.434, 137.4599
17000.000000, 74.561, 146.4903
17250.000000, 73.854, 156.1650
17500.000000, 73.335, 166.0613
17750.000000, 72.969, 176.0469
18000.000000, 72.831, -172.4219
18250.000000, 73.928, -155.7209
18500.000000, 76.929, -144.7536
18750.000000, 78.954, -154.8948
19000.000000, 78.647, -171.4598
19250.000000, 76.771, 177.2111
19500.000000, 74.252, 173.3698
19750.000000, 71.753, 175.9956
20000.000000, 69.596, -177.3036
20300.000000, 67.582, -166.8557
20600.000000, 66.236, -156.7324
20900.000000, 65.088, -149.5837
21200.000000, 63.089, -147.8043
21400.000000, 60.730, -145.9612
21800.000000, 53.667, -119.0005
22000.000000, 49.756, -165.3969
22400.000000, 44.529, -78.7981
22700.000000, 43.354, -80.1671
23000.000000, 45.044, -73.5804
23300.000000, 51.524, -19.5746
23600.000000, 58.639, 133.9139
24000.000000, 64.048, 173.1656
