* Measurement data measured by REW V5.31.3
* Source: Analog 1/2 (E2x2), LINE_IN (Master Volume), L, volume: 1.000. Timing signal peak level -35.9 dBFS, measurement signal peak level -35.7 dBFS
* Format: 2M Log Swept Sine, 1 sweep at -32.3 dBFS using an acoustic timing reference
* Dated: Apr 3, 2025 6:59:19 PM
* REW Settings:
*  C-weighting compensation: Off
*  Target level: 85.0 dB
* Note: ; Fosi DS1 & E2x2 Delay -0.0593 ms (-20 mm, -0.8 in) using estimated IR delay relative to Acoustic reference played from SPEAKER R with no timing offset Clock adjustment: -28.1 ppm
* Measurement: R
* Smoothing: 1/24 octave
* Frequency Step: 1/48 octave
* Start Frequency: 1.000 Hz
*
* Freq(Hz), SPL(dB), Phase(degrees)
1.000000, 63.494, 41.8642
1.015000, 63.421, 41.1646
1.030000, 63.359, 40.4520
1.044000, 63.313, 39.7718
1.060000, 63.276, 38.9724
1.075000, 63.257, 38.1981
1.090000, 63.255, 37.3978
1.106000, 63.271, 36.5224
1.120000, 63.299, 35.7559
1.138000, 63.349, 34.7888
1.150000, 63.392, 34.1604
1.172000, 63.488, 32.9595
1.180000, 63.528, 32.4445
1.206000, 63.676, 30.8367
1.220000, 63.766, 30.0093
1.241000, 63.912, 28.8193
1.250000, 63.979, 28.3278
1.265000, 64.095, 27.5328
1.280000, 64.216, 26.7669
1.315000, 64.517, 25.0855
1.320000, 64.561, 24.8565
1.340000, 64.742, 23.9658
1.360000, 64.926, 23.1165
1.380000, 65.112, 22.1721
1.400000, 65.298, 21.2073
1.430000, 65.575, 19.8051
1.450000, 65.755, 18.8950
1.475000, 65.978, 17.7932
1.500000, 66.205, 16.7654
1.525000, 66.441, 15.8277
1.550000, 66.686, 14.9778
1.575000, 66.937, 14.1371
1.600000, 67.195, 13.2402
1.625000, 67.456, 12.4087
1.650000, 67.721, 11.6337
1.675000, 67.988, 10.9065
1.700000, 68.255, 10.2189
1.725000, 68.522, 9.5633
1.750000, 68.787, 8.9328
1.775000, 69.049, 8.2677
1.800000, 69.307, 7.5114
1.825000, 69.560, 6.7683
1.850000, 69.809, 6.0456
1.875000, 70.058, 5.3610
1.900000, 70.306, 4.7202
1.925000, 70.553, 4.1221
1.950000, 70.800, 3.5654
1.975000, 71.046, 2.9955
2.000000, 71.291, 2.3601
2.030000, 71.583, 1.6409
2.060000, 71.872, 0.9566
2.090000, 72.159, 0.3005
2.120000, 72.442, -0.3341
2.140000, 72.628, -0.7483
2.180000, 72.995, -1.6143
2.200000, 73.176, -2.0893
2.240000, 73.533, -3.0109
2.270000, 73.796, -3.6683
2.300000, 74.057, -4.2953
2.330000, 74.314, -4.8929
2.360000, 74.568, -5.4641
2.400000, 74.901, -6.3066
2.430000, 75.148, -6.9302
2.470000, 75.472, -7.7341
2.500000, 75.711, -8.3206
2.540000, 76.025, -9.0864
2.580000, 76.334, -9.8771
2.620000, 76.637, -10.7295
2.650000, 76.861, -11.3500
2.690000, 77.154, -12.1522
2.720000, 77.370, -12.7345
2.760000, 77.653, -13.4822
2.800000, 77.931, -14.2920
2.850000, 78.272, -15.2837
2.900000, 78.605, -16.2430
2.950000, 78.930, -17.1782
3.000000, 79.247, -18.1647
3.040000, 79.494, -18.9630
3.070000, 79.676, -19.5498
3.110000, 79.915, -20.3144
3.150000, 80.149, -21.0578
3.200000, 80.435, -22.0138
3.250000, 80.715, -22.9643
3.300000, 80.989, -23.8866
3.350000, 81.256, -24.7883
3.400000, 81.516, -25.7330
3.450000, 81.769, -26.6820
3.500000, 82.017, -27.6056
3.550000, 82.258, -28.4991
3.600000, 82.494, -29.4078
3.650000, 82.725, -30.3062
3.700000, 82.951, -31.1820
3.750000, 83.172, -32.0438
3.820000, 83.470, -33.2865
3.870000, 83.678, -34.1637
3.950000, 84.001, -35.5157
4.000000, 84.197, -36.3604
4.060000, 84.428, -37.3617
4.120000, 84.653, -38.3411
4.180000, 84.871, -39.3116
4.250000, 85.119, -40.4641
4.310000, 85.326, -41.4196
4.370000, 85.528, -42.3494
4.440000, 85.759, -43.4448
4.500000, 85.951, -44.3649
4.550000, 86.107, -45.1173
4.620000, 86.321, -46.1840
4.680000, 86.501, -47.0825
4.750000, 86.705, -48.1001
4.820000, 86.905, -49.1241
4.870000, 87.045, -49.8496
4.940000, 87.236, -50.8463
5.000000, 87.396, -51.7015
5.080000, 87.605, -52.8300
5.150000, 87.782, -53.7914
5.220000, 87.955, -54.7602
5.300000, 88.148, -55.8567
5.380000, 88.335, -56.9326
5.450000, 88.494, -57.8763
5.520000, 88.649, -58.7980
5.600000, 88.821, -59.8464
5.700000, 89.029, -61.1529
5.800000, 89.230, -62.4309
5.900000, 89.422, -63.6910
6.000000, 89.607, -64.9305
6.080000, 89.750, -65.9175
6.150000, 89.871, -66.7587
6.220000, 89.990, -67.5953
6.300000, 90.121, -68.5330
6.400000, 90.279, -69.6858
6.500000, 90.431, -70.8219
6.600000, 90.578, -71.9242
6.700000, 90.720, -73.0065
6.800000, 90.857, -74.0629
6.900000, 90.990, -75.1002
7.000000, 91.119, -76.1073
7.100000, 91.245, -77.0969
7.200000, 91.367, -78.0623
7.300000, 91.486, -79.0110
7.400000, 91.602, -79.9363
7.500000, 91.715, -80.8480
7.620000, 91.847, -81.9169
7.750000, 91.986, -83.0469
7.880000, 92.120, -84.1584
8.000000, 92.240, -85.1571
8.120000, 92.356, -86.1362
8.250000, 92.478, -87.1755
8.380000, 92.596, -88.1865
8.500000, 92.700, -89.0968
8.620000, 92.802, -89.9834
8.750000, 92.909, -90.9165
8.850000, 92.989, -91.6162
9.000000, 93.106, -92.6311
9.120000, 93.198, -93.4189
9.250000, 93.297, -94.2480
9.380000, 93.395, -95.0514
9.500000, 93.485, -95.7805
9.620000, 93.576, -96.4950
9.750000, 93.673, -97.2575
9.880000, 93.763, -98.0173
10.000000, 93.836, -98.7135
10.150000, 93.915, -99.6067
10.300000, 93.986, -100.4977
10.440000, 94.046, -101.3295
10.600000, 94.110, -102.2787
10.750000, 94.168, -103.1675
10.900000, 94.223, -104.0525
11.060000, 94.276, -105.0021
11.200000, 94.317, -105.8465
11.380000, 94.363, -106.9065
11.500000, 94.390, -107.5942
11.720000, 94.431, -108.8085
11.800000, 94.445, -109.2326
12.060000, 94.487, -110.5576
12.200000, 94.509, -111.2494
12.410000, 94.541, -112.2291
12.500000, 94.555, -112.6280
12.650000, 94.576, -113.2661
12.800000, 94.598, -113.8740
13.150000, 94.653, -115.2193
13.200000, 94.662, -115.4079
13.400000, 94.701, -116.1475
13.600000, 94.744, -116.8756
13.800000, 94.792, -117.6035
14.000000, 94.840, -118.3434
14.300000, 94.908, -119.5126
14.500000, 94.948, -120.3039
14.750000, 94.989, -121.2812
15.000000, 95.020, -122.2175
15.250000, 95.049, -123.1024
15.500000, 95.077, -123.8945
15.750000, 95.110, -124.5987
16.000000, 95.155, -125.2490
16.250000, 95.213, -125.9228
16.500000, 95.281, -126.6516
16.750000, 95.351, -127.4723
17.000000, 95.413, -128.3843
17.250000, 95.457, -129.3610
17.500000, 95.476, -130.3187
17.750000, 95.472, -131.1712
18.000000, 95.453, -131.8549
18.250000, 95.432, -132.3485
18.500000, 95.427, -132.6608
18.750000, 95.446, -132.8587
19.000000, 95.496, -133.0339
19.250000, 95.569, -133.2915
19.500000, 95.654, -133.6683
19.750000, 95.737, -134.1699
20.000000, 95.808, -134.7606
20.299999, 95.872, -135.5187
20.600000, 95.917, -136.2310
20.900000, 95.953, -136.8539
21.200001, 95.992, -137.4131
21.400000, 96.022, -137.7769
21.799999, 96.084, -138.5440
22.000000, 96.111, -138.9590
22.400000, 96.148, -139.8225
22.700001, 96.159, -140.4222
23.000000, 96.161, -140.9307
23.299999, 96.165, -141.3496
23.600000, 96.179, -141.7083
24.000000, 96.215, -142.1871
24.299999, 96.248, -142.5991
24.700001, 96.285, -143.2039
25.000000, 96.306, -143.6583
25.400000, 96.329, -144.2271
25.799999, 96.358, -144.7562
26.200001, 96.395, -145.3191
26.500000, 96.422, -145.7940
26.900000, 96.446, -146.4701
27.200001, 96.452, -146.9626
27.600000, 96.449, -147.5210
28.000000, 96.448, -147.9374
28.500000, 96.471, -148.3505
29.000000, 96.519, -148.8043
29.500000, 96.573, -149.3932
30.000000, 96.613, -150.0706
30.400000, 96.631, -150.6225
30.700001, 96.637, -151.0139
31.100000, 96.638, -151.4852
31.500000, 96.636, -151.8871
32.000000, 96.637, -152.2914
32.500000, 96.648, -152.6444
33.000000, 96.668, -153.0128
33.500000, 96.688, -153.4186
34.000000, 96.702, -153.8156
34.500000, 96.720, -154.1756
35.000000, 96.745, -154.5328
35.500000, 96.775, -154.9525
36.000000, 96.795, -155.4331
36.500000, 96.801, -155.9016
37.000000, 96.800, -156.2876
37.500000, 96.807, -156.6118
38.200001, 96.831, -157.1032
38.700001, 96.843, -157.5113
39.500000, 96.847, -158.0962
40.000000, 96.854, -158.3787
40.599998, 96.878, -158.7341
41.200001, 96.903, -159.1857
41.799999, 96.912, -159.6754
42.500000, 96.908, -160.1301
43.099998, 96.911, -160.3824
43.700001, 96.935, -160.6191
44.400002, 96.971, -161.0494
45.000000, 96.978, -161.4962
45.500000, 96.966, -161.7620
46.200001, 96.969, -161.9025
46.799999, 97.015, -162.1145
47.500000, 97.058, -162.7683
48.200001, 97.022, -163.4072
48.700001, 96.985, -163.5241
49.400002, 97.004, -163.4233
50.000000, 97.080, -163.6227
50.799999, 97.145, -164.4569
51.500000, 97.129, -165.1328
52.200001, 97.109, -165.4557
53.000000, 97.123, -165.7136
53.799999, 97.141, -166.0709
54.500000, 97.146, -166.3125
55.200001, 97.170, -166.4886
56.000000, 97.214, -166.9092
57.000000, 97.204, -167.6622
58.000000, 97.153, -167.9688
59.000000, 97.152, -168.1394
60.000000, 97.145, -168.4749
60.799999, 97.128, -168.6722
61.500000, 97.116, -168.7809
62.200001, 97.107, -168.8397
63.000000, 97.110, -168.8770
64.000000, 97.133, -169.0338
65.000000, 97.159, -169.3442
66.000000, 97.187, -169.8022
67.000000, 97.200, -170.4002
68.000000, 97.194, -170.8933
69.000000, 97.202, -171.2021
70.000000, 97.227, -171.4536
71.000000, 97.253, -171.6704
72.000000, 97.268, -171.8476
73.000000, 97.263, -171.9683
74.000000, 97.240, -172.0293
75.000000, 97.206, -172.0876
76.199997, 97.161, -172.2426
77.500000, 97.117, -172.5456
78.800003, 97.103, -172.9741
80.000000, 97.111, -173.5152
81.199997, 97.122, -174.0391
82.500000, 97.137, -174.4406
83.800003, 97.144, -174.7135
85.000000, 97.133, -174.8391
86.199997, 97.117, -174.8822
87.500000, 97.104, -175.0049
88.500000, 97.093, -175.1898
90.000000, 97.088, -175.5068
91.199997, 97.103, -175.8313
92.500000, 97.127, -176.2429
93.800003, 97.139, -176.6288
95.000000, 97.141, -176.8578
96.199997, 97.139, -177.0016
97.500000, 97.136, -177.1355
98.800003, 97.128, -177.2928
100.000000, 97.119, -177.4173
101.500000, 97.120, -177.5473
103.000000, 97.130, -177.7710
104.400002, 97.118, -178.0043
106.000000, 97.094, -178.1283
107.500000, 97.081, -178.3115
109.000000, 97.062, -178.5811
110.599998, 97.056, -178.9027
112.000000, 97.044, -179.1560
113.800003, 97.026, -179.1660
115.000000, 97.021, -178.9596
117.199997, 97.030, -178.9862
118.000000, 97.006, -179.1329
120.599998, 96.981, -179.4496
122.000000, 96.996, -179.9506
124.099998, 97.020, 179.6800
125.000000, 97.036, 179.5393
126.500000, 97.029, 179.2754
128.000000, 96.992, 179.1289
131.500000, 96.936, 178.4807
132.000000, 96.929, 178.3735
134.000000, 96.906, 178.1276
136.000000, 96.890, 178.1682
138.000000, 96.893, 178.0933
140.000000, 96.868, 177.7397
143.000000, 96.799, 177.6318
145.000000, 96.659, 178.2841
147.500000, 96.461, -179.8623
150.000000, 96.511, -178.3562
152.500000, 96.684, -178.7632
155.000000, 96.893, -179.4619
157.500000, 96.921, 179.2332
160.000000, 96.661, 179.4071
162.500000, 96.636, -179.3699
165.000000, 96.830, 179.0298
167.500000, 97.086, 177.0033
170.000000, 97.366, 175.6058
172.500000, 97.474, 174.8819
175.000000, 97.345, 175.1436
177.500000, 97.197, 175.7965
180.000000, 97.069, 175.7136
182.500000, 96.937, 175.2486
185.000000, 96.864, 174.6555
187.500000, 96.866, 174.2797
190.000000, 96.899, 174.2264
192.500000, 96.881, 174.2363
195.000000, 96.835, 174.1438
197.500000, 96.817, 173.8670
200.000000, 96.809, 173.5989
203.000000, 96.771, 173.4863
206.000000, 96.727, 173.3810
209.000000, 96.711, 173.1383
212.000000, 96.698, 172.9424
214.000000, 96.684, 172.8551
218.000000, 96.653, 172.6554
220.000000, 96.639, 172.5567
224.000000, 96.617, 172.3821
227.000000, 96.600, 172.2319
230.000000, 96.579, 172.0721
233.000000, 96.555, 171.9440
236.000000, 96.532, 171.8405
240.000000, 96.505, 171.6878
243.000000, 96.489, 171.5807
247.000000, 96.469, 171.4189
250.000000, 96.451, 171.3082
254.000000, 96.426, 171.1727
258.000000, 96.401, 171.0279
262.000000, 96.377, 170.9126
265.000000, 96.361, 170.8300
269.000000, 96.341, 170.6941
272.000000, 96.324, 170.5845
276.000000, 96.299, 170.4646
280.000000, 96.276, 170.3761
285.000000, 96.251, 170.2427
290.000000, 96.224, 170.1546
295.000000, 96.198, 170.0317
300.000000, 96.180, 169.8305
304.000000, 96.170, 169.6863
307.000000, 96.156, 169.6102
311.000000, 96.130, 169.5252
315.000000, 96.109, 169.4328
320.000000, 96.087, 169.3212
325.000000, 96.054, 169.2489
330.000000, 96.025, 169.1455
335.000000, 96.002, 169.0311
340.000000, 95.976, 168.9213
345.000000, 95.951, 168.8328
350.000000, 95.925, 168.7919
355.000000, 95.895, 168.7550
360.000000, 95.858, 168.6884
365.000000, 95.820, 168.6592
370.000000, 95.787, 168.6614
375.000000, 95.754, 168.6167
382.000000, 95.701, 168.5123
387.000000, 95.671, 168.4728
395.000000, 95.630, 168.4305
400.000000, 95.601, 168.3862
406.000000, 95.573, 168.3766
412.000000, 95.556, 168.4252
418.000000, 95.531, 168.4557
425.000000, 95.500, 168.3864
431.000000, 95.479, 168.3518
437.000000, 95.468, 168.2924
444.000000, 95.428, 168.1502
450.000000, 95.365, 168.0933
455.000000, 95.329, 168.0551
462.000000, 95.305, 168.0503
468.000000, 95.284, 168.0844
475.000000, 95.247, 168.0343
482.000000, 95.205, 168.0100
487.000000, 95.173, 168.0077
494.000000, 95.128, 168.0144
500.000000, 95.097, 167.9979
508.000000, 95.056, 167.9847
515.000000, 95.019, 168.0026
522.000000, 94.980, 168.0263
530.000000, 94.936, 168.0479
538.000000, 94.892, 168.0890
545.000000, 94.854, 168.1223
552.000000, 94.817, 168.1521
560.000000, 94.778, 168.2094
570.000000, 94.730, 168.3154
580.000000, 94.680, 168.4052
590.000000, 94.633, 168.5028
600.000000, 94.586, 168.6325
608.000000, 94.547, 168.7405
615.000000, 94.512, 168.8094
622.000000, 94.471, 168.8633
630.000000, 94.408, 169.0842
640.000000, 94.359, 169.5278
650.000000, 94.322, 169.5528
660.000000, 94.286, 169.4821
670.000000, 94.251, 169.6578
680.000000, 94.209, 169.8521
690.000000, 94.167, 170.0104
700.000000, 94.124, 170.1818
710.000000, 94.080, 170.3823
720.000000, 94.037, 170.5934
730.000000, 93.998, 170.8014
740.000000, 93.963, 171.0137
750.000000, 93.931, 171.2142
762.000000, 93.894, 171.4329
775.000000, 93.850, 171.7007
788.000000, 93.806, 171.9908
800.000000, 93.768, 172.2457
812.000000, 93.731, 172.4915
825.000000, 93.690, 172.7800
838.000000, 93.650, 173.0561
850.000000, 93.615, 173.3033
862.000000, 93.583, 173.5524
875.000000, 93.549, 173.8151
885.000000, 93.524, 174.0154
900.000000, 93.489, 174.3001
912.000000, 93.461, 174.5151
925.000000, 93.432, 174.7591
938.000000, 93.407, 174.9954
950.000000, 93.384, 175.1733
962.000000, 93.358, 175.3540
975.000000, 93.325, 175.5814
988.000000, 93.289, 175.7929
1000.000000, 93.257, 175.9467
1015.000000, 93.219, 176.1372
1030.000000, 93.179, 176.3387
1044.000000, 93.139, 176.5137
1060.000000, 93.094, 176.7013
1075.000000, 93.051, 176.8599
1090.000000, 93.010, 177.0331
1106.000000, 92.973, 177.2339
1120.000000, 92.944, 177.3879
1138.000000, 92.904, 177.5857
1150.000000, 92.872, 177.7462
1172.000000, 92.808, 178.0640
1180.000000, 92.785, 178.1776
1206.000000, 92.714, 178.5657
1220.000000, 92.675, 178.8062
1241.000000, 92.619, 179.2020
1250.000000, 92.595, 179.3782
1265.000000, 92.557, 179.6801
1280.000000, 92.517, -179.9936
1315.000000, 92.423, -179.1237
1320.000000, 92.410, -178.9947
1340.000000, 92.354, -178.4665
1360.000000, 92.281, -177.8856
1380.000000, 92.208, -177.2668
1400.000000, 92.153, -176.6280
1430.000000, 92.082, -175.5953
1450.000000, 92.041, -174.8658
1475.000000, 92.001, -173.9386
1500.000000, 91.967, -172.9664
1525.000000, 91.938, -171.9639
1550.000000, 91.917, -170.9539
1575.000000, 91.904, -169.9195
1600.000000, 91.899, -168.8844
1625.000000, 91.908, -167.8440
1650.000000, 91.931, -166.8250
1675.000000, 91.964, -165.8245
1700.000000, 92.008, -164.8616
1725.000000, 92.063, -163.9687
1750.000000, 92.123, -163.1184
1775.000000, 92.186, -162.3103
1800.000000, 92.252, -161.5534
1825.000000, 92.324, -160.8545
1850.000000, 92.400, -160.1962
1875.000000, 92.483, -159.5718
1900.000000, 92.574, -159.0455
1925.000000, 92.664, -158.6123
1950.000000, 92.752, -158.2539
1975.000000, 92.835, -157.9431
2000.000000, 92.915, -157.6716
2030.000000, 93.009, -157.4359
2060.000000, 93.098, -157.2872
2090.000000, 93.180, -157.2078
2120.000000, 93.251, -157.1735
2140.000000, 93.294, -157.1660
2180.000000, 93.365, -157.1595
2200.000000, 93.393, -157.1746
2240.000000, 93.443, -157.1824
2270.000000, 93.486, -157.1591
2300.000000, 93.535, -157.2460
2330.000000, 93.561, -157.5143
2360.000000, 93.555, -157.6564
2400.000000, 93.548, -157.7110
2430.000000, 93.542, -157.7411
2470.000000, 93.530, -157.7905
2500.000000, 93.516, -157.8281
2540.000000, 93.486, -157.8279
2580.000000, 93.439, -157.7220
2620.000000, 93.390, -157.5152
2650.000000, 93.361, -157.2910
2690.000000, 93.334, -156.8997
2720.000000, 93.326, -156.5783
2760.000000, 93.334, -156.2045
2800.000000, 93.356, -155.9322
2850.000000, 93.379, -155.7411
2900.000000, 93.388, -155.6368
2950.000000, 93.394, -155.5504
3000.000000, 93.400, -155.4755
3040.000000, 93.399, -155.4508
3070.000000, 93.394, -155.4654
3110.000000, 93.384, -155.5076
3150.000000, 93.375, -155.5650
3200.000000, 93.360, -155.6660
3250.000000, 93.341, -155.8640
3300.000000, 93.316, -156.1639
3350.000000, 93.269, -156.5370
3400.000000, 93.193, -156.9543
3450.000000, 93.090, -157.3643
3500.000000, 92.964, -157.6939
3550.000000, 92.814, -157.8551
3600.000000, 92.646, -157.8021
3650.000000, 92.473, -157.5410
3700.000000, 92.306, -157.1177
3750.000000, 92.145, -156.5729
3820.000000, 91.916, -155.6535
3870.000000, 91.749, -154.8811
3950.000000, 91.471, -153.3629
4000.000000, 91.290, -152.1764
4060.000000, 91.074, -150.4462
4120.000000, 90.877, -148.3230
4180.000000, 90.714, -145.7638
4250.000000, 90.607, -142.2719
4310.000000, 90.613, -139.0871
4370.000000, 90.698, -135.8849
4440.000000, 90.902, -132.2924
4500.000000, 91.162, -129.4998
4550.000000, 91.431, -127.4563
4620.000000, 91.871, -125.1331
4680.000000, 92.294, -123.7127
4750.000000, 92.819, -122.8707
4820.000000, 93.329, -123.0186
4870.000000, 93.645, -123.6872
4940.000000, 93.981, -125.1942
5000.000000, 94.154, -126.7839
5080.000000, 94.216, -128.8755
5150.000000, 94.135, -130.2781
5220.000000, 93.973, -131.0423
5300.000000, 93.766, -131.1461
5380.000000, 93.556, -130.8899
5450.000000, 93.340, -130.2496
5520.000000, 93.113, -129.0456
5600.000000, 92.878, -126.9219
5700.000000, 92.690, -123.2802
5800.000000, 92.657, -118.9114
5900.000000, 92.803, -114.1965
6000.000000, 93.139, -109.5863
6080.000000, 93.524, -106.1905
6150.000000, 93.937, -103.5421
6220.000000, 94.417, -101.2777
6300.000000, 95.033, -99.2760
6400.000000, 95.868, -97.8601
6500.000000, 96.717, -97.8374
6600.000000, 97.506, -99.2500
6700.000000, 98.148, -101.9298
6800.000000, 98.576, -105.3246
6900.000000, 98.840, -108.6562
7000.000000, 99.003, -111.9269
7100.000000, 99.006, -115.1326
7200.000000, 98.839, -117.7193
7300.000000, 98.572, -119.3772
7400.000000, 98.265, -120.1738
7500.000000, 97.939, -120.1823
7620.000000, 97.567, -119.0316
7750.000000, 97.314, -116.4647
7880.000000, 97.179, -113.3851
8000.000000, 97.155, -110.4552
8120.000000, 97.254, -107.7933
8250.000000, 97.482, -105.5112
8380.000000, 97.807, -104.1501
8500.000000, 98.144, -104.0315
8620.000000, 98.449, -105.2573
8750.000000, 98.631, -108.1604
8850.000000, 98.580, -111.2683
9000.000000, 98.093, -116.3732
9120.000000, 97.353, -119.8470
9250.000000, 96.285, -122.0876
9380.000000, 95.060, -122.3668
9500.000000, 93.891, -120.9199
9620.000000, 92.757, -118.0814
9750.000000, 91.612, -113.7536
9880.000000, 90.573, -108.4228
10000.000000, 89.711, -102.8166
10150.000000, 88.760, -95.0996
10300.000000, 87.955, -86.8533
10440.000000, 87.329, -78.9424
10600.000000, 86.734, -69.8134
10750.000000, 86.273, -61.1956
10900.000000, 85.898, -52.5428
11060.000000, 85.590, -43.3196
11200.000000, 85.396, -35.3190
11380.000000, 85.239, -25.2645
11500.000000, 85.183, -18.7664
11720.000000, 85.149, -7.4264
11800.000000, 85.148, -3.5029
12060.000000, 85.101, 8.7095
12200.000000, 85.019, 15.2568
12410.000000, 84.835, 25.8210
12500.000000, 84.768, 30.8240
12650.000000, 84.743, 39.8208
12800.000000, 84.887, 49.2477
13150.000000, 85.873, 69.7441
13200.000000, 86.068, 72.3503
13400.000000, 86.942, 81.9013
13600.000000, 87.950, 90.1103
13800.000000, 89.123, 96.7968
14000.000000, 90.466, 101.2069
14300.000000, 92.467, 101.3416
14500.000000, 93.367, 96.7265
14750.000000, 93.530, 88.3180
15000.000000, 92.631, 81.8382
15250.000000, 91.243, 79.9506
15500.000000, 89.852, 81.7911
15750.000000, 88.727, 85.9024
16000.000000, 87.886, 89.4452
16250.000000, 86.904, 90.8128
16500.000000, 85.398, 92.2450
16750.000000, 83.443, 96.7043
17000.000000, 81.358, 105.1191
17250.000000, 79.408, 116.8113
17500.000000, 77.721, 130.7878
17750.000000, 76.329, 146.2505
18000.000000, 75.232, 162.6369
18250.000000, 74.458, 179.5424
18500.000000, 74.093, -163.4149
18750.000000, 74.246, -146.7111
19000.000000, 74.829, -130.9213
19250.000000, 75.503, -116.4497
19500.000000, 75.970, -103.3317
19750.000000, 76.179, -91.0123
20000.000000, 76.221, -78.4555
20300.000000, 76.445, -62.7187
20600.000000, 77.116, -48.7235
20900.000000, 77.858, -38.7130
21200.000000, 78.304, -30.8108
21400.000000, 78.513, -25.1622
21800.000000, 79.303, -12.5852
22000.000000, 80.031, -6.8743
22400.000000, 82.029, 1.2910
22700.000000, 83.701, 4.8307
23000.000000, 84.886, 6.4526
23300.000000, 84.401, 10.3811
23600.000000, 81.459, 21.2267
24000.000000, 76.008, -22.6823
