* Measurement data measured by REW V5.31.3
* Source: Analog 1/2 (E2x2), LINE_IN (Master Volume), L, volume: 1.000. Timing signal peak level -35.9 dBFS, measurement signal peak level -35.1 dBFS
* Format: 2M Log Swept Sine, 1 sweep at -32.3 dBFS using an acoustic timing reference
* Dated: Apr 3, 2025 6:57:48 PM
* REW Settings:
*  C-weighting compensation: Off
*  Target level: 85.0 dB
* Note: ; Fosi DS1 & E2x2 Delay -0.0828 ms (-28 mm, -1.12 in) using estimated IR delay relative to Acoustic reference played from SPEAKER L with no timing offset Clock adjustment: -49.5 ppm
* Measurement: L
* Smoothing: 1/24 octave
* Frequency Step: 1/48 octave
* Start Frequency: 1.000 Hz
*
* Freq(Hz), SPL(dB), Phase(degrees)
1.000000, 65.393, 17.7154
1.015000, 65.515, 16.6994
1.030000, 65.640, 15.7258
1.044000, 65.758, 14.8466
1.060000, 65.893, 13.8673
1.075000, 66.020, 12.9657
1.090000, 66.147, 12.0751
1.106000, 66.284, 11.1440
1.120000, 66.409, 10.3662
1.138000, 66.581, 9.4360
1.150000, 66.701, 8.8619
1.172000, 66.933, 7.8152
1.180000, 67.020, 7.3721
1.206000, 67.317, 6.0464
1.220000, 67.482, 5.3972
1.241000, 67.737, 4.5018
1.250000, 67.848, 4.1450
1.265000, 68.036, 3.5837
1.280000, 68.226, 3.0611
1.315000, 68.675, 1.9738
1.320000, 68.739, 1.8318
1.340000, 68.996, 1.2927
1.360000, 69.252, 0.7987
1.380000, 69.504, 0.2113
1.400000, 69.752, -0.3966
1.430000, 70.112, -1.2666
1.450000, 70.343, -1.8257
1.475000, 70.620, -2.4971
1.500000, 70.891, -3.1118
1.525000, 71.159, -3.6581
1.550000, 71.425, -4.1390
1.575000, 71.687, -4.6320
1.600000, 71.947, -5.2014
1.625000, 72.204, -5.7238
1.650000, 72.459, -6.2063
1.675000, 72.711, -6.6556
1.700000, 72.961, -7.0779
1.725000, 73.208, -7.4794
1.750000, 73.452, -7.8653
1.775000, 73.694, -8.2940
1.800000, 73.934, -8.8210
1.825000, 74.171, -9.3421
1.850000, 74.405, -9.8538
1.875000, 74.637, -10.3436
1.900000, 74.866, -10.8064
1.925000, 75.093, -11.2419
1.950000, 75.317, -11.6498
1.975000, 75.538, -12.0826
2.000000, 75.757, -12.5910
2.030000, 76.016, -13.1690
2.060000, 76.272, -13.7219
2.090000, 76.525, -14.2541
2.120000, 76.775, -14.7703
2.140000, 76.940, -15.1078
2.180000, 77.265, -15.8246
2.200000, 77.426, -16.2277
2.240000, 77.743, -17.0175
2.270000, 77.976, -17.5895
2.300000, 78.206, -18.1416
2.330000, 78.433, -18.6733
2.360000, 78.657, -19.1861
2.400000, 78.951, -19.9596
2.430000, 79.167, -20.5366
2.470000, 79.452, -21.2826
2.500000, 79.663, -21.8276
2.540000, 79.939, -22.5391
2.580000, 80.212, -23.2778
2.620000, 80.479, -24.0852
2.650000, 80.676, -24.6779
2.690000, 80.935, -25.4501
2.720000, 81.126, -26.0145
2.760000, 81.376, -26.7430
2.800000, 81.622, -27.5378
2.850000, 81.923, -28.5141
2.900000, 82.217, -29.4599
2.950000, 82.505, -30.3831
3.000000, 82.786, -31.3630
3.040000, 83.005, -32.1611
3.070000, 83.166, -32.7502
3.110000, 83.378, -33.5209
3.150000, 83.586, -34.2731
3.200000, 83.840, -35.2429
3.250000, 84.089, -36.2093
3.300000, 84.332, -37.1489
3.350000, 84.569, -38.0711
3.400000, 84.801, -39.0409
3.450000, 85.026, -40.0190
3.500000, 85.246, -40.9748
3.550000, 85.461, -41.9027
3.600000, 85.671, -42.8471
3.650000, 85.876, -43.7822
3.700000, 86.076, -44.6971
3.750000, 86.271, -45.6018
3.820000, 86.536, -46.9099
3.870000, 86.719, -47.8362
3.950000, 87.003, -49.2675
4.000000, 87.176, -50.1610
4.060000, 87.378, -51.2215
4.120000, 87.574, -52.2643
4.180000, 87.764, -53.3017
4.250000, 87.978, -54.5331
4.310000, 88.156, -55.5535
4.370000, 88.330, -56.5439
4.440000, 88.526, -57.7067
4.500000, 88.688, -58.6861
4.550000, 88.820, -59.4885
4.620000, 88.999, -60.6222
4.680000, 89.147, -61.5722
4.750000, 89.316, -62.6396
4.820000, 89.480, -63.7054
4.870000, 89.593, -64.4586
4.940000, 89.747, -65.4903
5.000000, 89.875, -66.3692
5.080000, 90.041, -67.5156
5.150000, 90.181, -68.4778
5.220000, 90.317, -69.4365
5.300000, 90.467, -70.5109
5.380000, 90.612, -71.5518
5.450000, 90.735, -72.4521
5.520000, 90.855, -73.3164
5.600000, 90.988, -74.2829
5.700000, 91.149, -75.4674
5.800000, 91.305, -76.6053
5.900000, 91.457, -77.7064
6.000000, 91.605, -78.7640
6.080000, 91.720, -79.5941
6.150000, 91.820, -80.2945
6.220000, 91.919, -80.9891
6.300000, 92.031, -81.7597
6.400000, 92.169, -82.6946
6.500000, 92.305, -83.6141
6.600000, 92.441, -84.5121
6.700000, 92.576, -85.3989
6.800000, 92.710, -86.2676
6.900000, 92.843, -87.1348
7.000000, 92.974, -87.9967
7.100000, 93.105, -88.8617
7.200000, 93.234, -89.7226
7.300000, 93.360, -90.5913
7.400000, 93.483, -91.4635
7.500000, 93.603, -92.3464
7.620000, 93.742, -93.4069
7.750000, 93.885, -94.5583
7.880000, 94.020, -95.7231
8.000000, 94.136, -96.7873
8.120000, 94.244, -97.8397
8.250000, 94.352, -98.9688
8.380000, 94.450, -100.0666
8.500000, 94.532, -101.0449
8.620000, 94.607, -101.9892
8.750000, 94.681, -102.9643
8.850000, 94.735, -103.6762
9.000000, 94.809, -104.6778
9.120000, 94.866, -105.4269
9.250000, 94.927, -106.1821
9.380000, 94.988, -106.8810
9.500000, 95.047, -107.4919
9.620000, 95.109, -108.0687
9.750000, 95.178, -108.6633
9.880000, 95.244, -109.2460
10.000000, 95.298, -109.7746
10.150000, 95.359, -110.4569
10.300000, 95.416, -111.1480
10.440000, 95.466, -111.8064
10.600000, 95.522, -112.5764
10.750000, 95.575, -113.3198
10.900000, 95.625, -114.0786
11.060000, 95.673, -114.9121
11.200000, 95.710, -115.6687
11.380000, 95.748, -116.6264
11.500000, 95.768, -117.2497
11.720000, 95.798, -118.3479
11.800000, 95.807, -118.7284
12.060000, 95.835, -119.9074
12.200000, 95.851, -120.5183
12.410000, 95.876, -121.3788
12.500000, 95.887, -121.7299
12.650000, 95.906, -122.2944
12.800000, 95.926, -122.8394
13.150000, 95.977, -124.0892
13.200000, 95.985, -124.2694
13.400000, 96.018, -124.9860
13.600000, 96.052, -125.6959
13.800000, 96.084, -126.3985
14.000000, 96.115, -127.0909
14.300000, 96.155, -128.1305
14.500000, 96.178, -128.7942
14.750000, 96.205, -129.5832
15.000000, 96.232, -130.3262
15.250000, 96.264, -131.0496
15.500000, 96.300, -131.7355
15.750000, 96.337, -132.3913
16.000000, 96.377, -133.0280
16.250000, 96.419, -133.6773
16.500000, 96.461, -134.3265
16.750000, 96.503, -134.9801
17.000000, 96.545, -135.6398
17.250000, 96.583, -136.3138
17.500000, 96.616, -136.9775
17.750000, 96.643, -137.6147
18.000000, 96.665, -138.2142
18.250000, 96.683, -138.7782
18.500000, 96.700, -139.2930
18.750000, 96.720, -139.7639
19.000000, 96.743, -140.2036
19.250000, 96.772, -140.6426
19.500000, 96.803, -141.0824
19.750000, 96.835, -141.5321
20.000000, 96.865, -141.9932
20.299999, 96.895, -142.5656
20.600000, 96.918, -143.1236
20.900000, 96.935, -143.6457
21.200001, 96.949, -144.1263
21.400000, 96.958, -144.4218
21.799999, 96.979, -144.9637
22.000000, 96.993, -145.2229
22.400000, 97.027, -145.7594
22.700001, 97.055, -146.1828
23.000000, 97.082, -146.6291
23.299999, 97.108, -147.0999
23.600000, 97.130, -147.5804
24.000000, 97.156, -148.2204
24.299999, 97.172, -148.6975
24.700001, 97.190, -149.3108
25.000000, 97.200, -149.7461
25.400000, 97.213, -150.2948
25.799999, 97.228, -150.7961
26.200001, 97.246, -151.2688
26.500000, 97.263, -151.6200
26.900000, 97.288, -152.0958
27.200001, 97.306, -152.4639
27.600000, 97.326, -152.9538
28.000000, 97.340, -153.4135
28.500000, 97.355, -153.9234
29.000000, 97.375, -154.3687
29.500000, 97.402, -154.8103
30.000000, 97.430, -155.2844
30.400000, 97.447, -155.6883
30.700001, 97.456, -155.9908
31.100000, 97.463, -156.3807
31.500000, 97.469, -156.7500
32.000000, 97.474, -157.1778
32.500000, 97.482, -157.5845
33.000000, 97.492, -157.9828
33.500000, 97.504, -158.3933
34.000000, 97.517, -158.8185
34.500000, 97.529, -159.2469
35.000000, 97.539, -159.6510
35.500000, 97.549, -160.0259
36.000000, 97.563, -160.3849
36.500000, 97.576, -160.7444
37.000000, 97.588, -161.0906
37.500000, 97.599, -161.4069
38.200001, 97.621, -161.8191
38.700001, 97.639, -162.1455
39.500000, 97.655, -162.7234
40.000000, 97.655, -163.0544
40.599998, 97.655, -163.4011
41.200001, 97.657, -163.7418
41.799999, 97.657, -164.0942
42.500000, 97.652, -164.4636
43.099998, 97.655, -164.7453
43.700001, 97.664, -165.0411
44.400002, 97.674, -165.4005
45.000000, 97.684, -165.7010
45.500000, 97.696, -165.9615
46.200001, 97.708, -166.3406
46.799999, 97.716, -166.6390
47.500000, 97.731, -166.9745
48.200001, 97.742, -167.3473
48.700001, 97.741, -167.5874
49.400002, 97.741, -167.8262
50.000000, 97.754, -168.0238
50.799999, 97.766, -168.3734
51.500000, 97.767, -168.6214
52.200001, 97.785, -168.8467
53.000000, 97.805, -169.3028
53.799999, 97.785, -169.7194
54.500000, 97.778, -169.8656
55.200001, 97.803, -170.1134
56.000000, 97.807, -170.6382
57.000000, 97.766, -170.9638
58.000000, 97.793, -171.0567
59.000000, 97.827, -171.5949
60.000000, 97.799, -172.0392
60.799999, 97.787, -172.0864
61.500000, 97.811, -172.1172
62.200001, 97.851, -172.3549
63.000000, 97.869, -172.8893
64.000000, 97.819, -173.4743
65.000000, 97.757, -173.5362
66.000000, 97.764, -173.3367
67.000000, 97.839, -173.4069
68.000000, 97.920, -173.9892
69.000000, 97.942, -174.8902
70.000000, 97.886, -175.6915
71.000000, 97.785, -176.0837
72.000000, 97.681, -176.0558
73.000000, 97.600, -175.7096
74.000000, 97.565, -175.2114
75.000000, 97.568, -174.7364
76.199997, 97.619, -174.1117
77.500000, 97.738, -173.5689
78.800003, 97.850, -172.9993
80.000000, 97.968, -172.2719
81.199997, 98.045, -171.7750
82.500000, 98.023, -171.0330
83.800003, 97.995, -170.2072
85.000000, 97.947, -170.1044
86.199997, 97.838, -170.3328
87.500000, 97.737, -170.5052
88.500000, 97.717, -170.6653
90.000000, 97.753, -171.0557
91.199997, 97.792, -171.3215
92.500000, 97.827, -171.4334
93.800003, 97.841, -171.4925
95.000000, 97.830, -171.5540
96.199997, 97.812, -171.6183
97.500000, 97.800, -171.7273
98.800003, 97.794, -171.8413
100.000000, 97.789, -171.8967
101.500000, 97.774, -171.9227
103.000000, 97.747, -172.0683
104.400002, 97.711, -172.4007
106.000000, 97.695, -172.7414
107.500000, 97.758, -173.0323
109.000000, 97.828, -173.2982
110.599998, 97.875, -173.0933
112.000000, 97.881, -172.7021
113.800003, 97.844, -172.2343
115.000000, 97.799, -172.2268
117.199997, 97.666, -172.5878
118.000000, 97.629, -172.6592
120.599998, 97.617, -173.0094
122.000000, 97.608, -173.3503
124.099998, 97.600, -173.3891
125.000000, 97.613, -173.3771
126.500000, 97.640, -173.4086
128.000000, 97.661, -173.4939
131.500000, 97.650, -173.7397
132.000000, 97.641, -173.7644
134.000000, 97.593, -173.7314
136.000000, 97.544, -173.5268
138.000000, 97.538, -173.2943
140.000000, 97.527, -173.3759
143.000000, 97.577, -172.6793
145.000000, 97.656, -172.7182
147.500000, 97.618, -173.7189
150.000000, 97.557, -174.5962
152.500000, 97.611, -174.7639
155.000000, 97.718, -174.4279
157.500000, 97.711, -174.1719
160.000000, 97.658, -174.1051
162.500000, 97.642, -174.3772
165.000000, 97.641, -174.5211
167.500000, 97.629, -174.3973
170.000000, 97.609, -174.1748
172.500000, 97.601, -174.0099
175.000000, 97.611, -174.0579
177.500000, 97.625, -174.2430
180.000000, 97.629, -174.3633
182.500000, 97.626, -174.4403
185.000000, 97.612, -174.5797
187.500000, 97.593, -174.6851
190.000000, 97.576, -174.7075
192.500000, 97.559, -174.7158
195.000000, 97.542, -174.7365
197.500000, 97.528, -174.7566
200.000000, 97.515, -174.7760
203.000000, 97.501, -174.8183
206.000000, 97.488, -174.8410
209.000000, 97.470, -174.8233
212.000000, 97.450, -174.8032
214.000000, 97.439, -174.7928
218.000000, 97.423, -174.7642
220.000000, 97.414, -174.7502
224.000000, 97.394, -174.7564
227.000000, 97.376, -174.7510
230.000000, 97.360, -174.7574
233.000000, 97.342, -174.7530
236.000000, 97.326, -174.7164
240.000000, 97.306, -174.6636
243.000000, 97.295, -174.6481
247.000000, 97.279, -174.6282
250.000000, 97.257, -174.5950
254.000000, 97.224, -174.5122
258.000000, 97.203, -174.3976
262.000000, 97.187, -174.3578
265.000000, 97.173, -174.3238
269.000000, 97.151, -174.2334
272.000000, 97.134, -174.2198
276.000000, 97.118, -174.2179
280.000000, 97.105, -174.1247
285.000000, 97.080, -173.9905
290.000000, 97.047, -173.8892
295.000000, 97.020, -173.7708
300.000000, 96.995, -173.6627
304.000000, 96.975, -173.5688
307.000000, 96.955, -173.5200
311.000000, 96.927, -173.3575
315.000000, 96.908, -173.1530
320.000000, 96.891, -172.9852
325.000000, 96.867, -172.8656
330.000000, 96.828, -172.7627
335.000000, 96.813, -172.4117
340.000000, 96.823, -172.2118
345.000000, 96.822, -172.0844
350.000000, 96.799, -171.9574
355.000000, 96.756, -171.9487
360.000000, 96.717, -171.8513
365.000000, 96.704, -171.6491
370.000000, 96.709, -171.4870
375.000000, 96.713, -171.3254
382.000000, 96.683, -171.1691
387.000000, 96.641, -170.9890
395.000000, 96.608, -170.7894
400.000000, 96.589, -170.6396
406.000000, 96.555, -170.4853
412.000000, 96.517, -170.3213
418.000000, 96.478, -170.1547
425.000000, 96.435, -169.9261
431.000000, 96.397, -169.7241
437.000000, 96.360, -169.5223
444.000000, 96.319, -169.2667
450.000000, 96.285, -169.0456
455.000000, 96.257, -168.8680
462.000000, 96.215, -168.6133
468.000000, 96.180, -168.3826
475.000000, 96.139, -168.1024
482.000000, 96.099, -167.8242
487.000000, 96.070, -167.6259
494.000000, 96.031, -167.3504
500.000000, 96.003, -167.1077
508.000000, 95.968, -166.7548
515.000000, 95.933, -166.4272
522.000000, 95.895, -166.1106
530.000000, 95.854, -165.7645
538.000000, 95.815, -165.4127
545.000000, 95.782, -165.1136
552.000000, 95.747, -164.8126
560.000000, 95.707, -164.4560
570.000000, 95.660, -163.9767
580.000000, 95.608, -163.4715
590.000000, 95.558, -162.9626
600.000000, 95.514, -162.4927
608.000000, 95.477, -162.1071
615.000000, 95.441, -161.7614
622.000000, 95.406, -161.3993
630.000000, 95.366, -160.9911
640.000000, 95.316, -160.4736
650.000000, 95.266, -159.9349
660.000000, 95.216, -159.3995
670.000000, 95.169, -158.8589
680.000000, 95.122, -158.3133
690.000000, 95.076, -157.7635
700.000000, 95.031, -157.2058
710.000000, 94.988, -156.6382
720.000000, 94.948, -156.0693
730.000000, 94.908, -155.5079
740.000000, 94.868, -154.9448
750.000000, 94.828, -154.3738
762.000000, 94.779, -153.6804
775.000000, 94.728, -152.9247
788.000000, 94.679, -152.1703
800.000000, 94.637, -151.4790
812.000000, 94.596, -150.7859
825.000000, 94.553, -150.0291
838.000000, 94.511, -149.2762
850.000000, 94.474, -148.5861
862.000000, 94.438, -147.9050
875.000000, 94.399, -147.1798
885.000000, 94.368, -146.6195
900.000000, 94.322, -145.7719
912.000000, 94.285, -145.1064
925.000000, 94.246, -144.4149
938.000000, 94.208, -143.7191
950.000000, 94.173, -143.0828
962.000000, 94.135, -142.4518
975.000000, 94.093, -141.7746
988.000000, 94.048, -141.1039
1000.000000, 94.006, -140.4850
1015.000000, 93.954, -139.7210
1030.000000, 93.903, -138.9669
1044.000000, 93.854, -138.2620
1060.000000, 93.797, -137.4563
1075.000000, 93.740, -136.7023
1090.000000, 93.687, -135.9455
1106.000000, 93.635, -135.1289
1120.000000, 93.591, -134.4085
1138.000000, 93.534, -133.4690
1150.000000, 93.494, -132.8333
1172.000000, 93.419, -131.6410
1180.000000, 93.390, -131.1954
1206.000000, 93.298, -129.7201
1220.000000, 93.251, -128.9030
1241.000000, 93.183, -127.6329
1250.000000, 93.154, -127.0727
1265.000000, 93.107, -126.1232
1280.000000, 93.060, -125.1533
1315.000000, 92.954, -122.7830
1320.000000, 92.939, -122.4343
1340.000000, 92.876, -121.0182
1360.000000, 92.799, -119.5605
1380.000000, 92.724, -118.0662
1400.000000, 92.670, -116.5335
1430.000000, 92.610, -114.1703
1450.000000, 92.579, -112.5615
1475.000000, 92.552, -110.5229
1500.000000, 92.538, -108.4573
1525.000000, 92.535, -106.3776
1550.000000, 92.544, -104.2944
1575.000000, 92.565, -102.2195
1600.000000, 92.599, -100.1693
1625.000000, 92.647, -98.1505
1650.000000, 92.710, -96.1748
1675.000000, 92.785, -94.2548
1700.000000, 92.871, -92.4068
1725.000000, 92.964, -90.6366
1750.000000, 93.063, -88.9408
1775.000000, 93.167, -87.3334
1800.000000, 93.274, -85.8148
1825.000000, 93.381, -84.3614
1850.000000, 93.489, -82.9699
1875.000000, 93.597, -81.6316
1900.000000, 93.705, -80.3389
1925.000000, 93.816, -79.0731
1950.000000, 93.932, -77.8478
1975.000000, 94.056, -76.6886
2000.000000, 94.185, -75.6080
2030.000000, 94.344, -74.4481
2060.000000, 94.498, -73.4437
2090.000000, 94.646, -72.5887
2120.000000, 94.782, -71.8607
2140.000000, 94.866, -71.4388
2180.000000, 95.014, -70.7232
2200.000000, 95.076, -70.4168
2240.000000, 95.176, -69.8762
2270.000000, 95.231, -69.5174
2300.000000, 95.269, -69.1761
2330.000000, 95.288, -68.8264
2360.000000, 95.290, -68.4546
2400.000000, 95.274, -67.9184
2430.000000, 95.250, -67.4732
2470.000000, 95.202, -66.8072
2500.000000, 95.157, -66.2392
2540.000000, 95.088, -65.3816
2580.000000, 95.011, -64.4170
2620.000000, 94.932, -63.3554
2650.000000, 94.873, -62.4991
2690.000000, 94.800, -61.2845
2720.000000, 94.749, -60.3289
2760.000000, 94.686, -59.0097
2800.000000, 94.629, -57.6369
2850.000000, 94.568, -55.8669
2900.000000, 94.525, -54.0798
2950.000000, 94.503, -52.3312
3000.000000, 94.502, -50.6906
3040.000000, 94.509, -49.4925
3070.000000, 94.516, -48.6688
3110.000000, 94.521, -47.6703
3150.000000, 94.517, -46.7962
3200.000000, 94.487, -45.8244
3250.000000, 94.425, -44.8801
3300.000000, 94.336, -43.9407
3350.000000, 94.218, -42.9639
3400.000000, 94.073, -41.8574
3450.000000, 93.910, -40.5583
3500.000000, 93.741, -39.0181
3550.000000, 93.581, -37.2457
3600.000000, 93.439, -35.2990
3650.000000, 93.320, -33.2558
3700.000000, 93.222, -31.1958
3750.000000, 93.139, -29.1655
3820.000000, 93.027, -26.4026
3870.000000, 92.933, -24.4375
3950.000000, 92.753, -21.1322
4000.000000, 92.630, -18.8607
4060.000000, 92.485, -15.8263
4120.000000, 92.364, -12.4035
4180.000000, 92.298, -8.6393
4250.000000, 92.322, -3.9793
4310.000000, 92.437, 0.0432
4370.000000, 92.637, 3.8642
4440.000000, 92.968, 7.7865
4500.000000, 93.315, 10.4940
4550.000000, 93.622, 12.2186
4620.000000, 94.042, 13.7770
4680.000000, 94.355, 14.3697
4750.000000, 94.620, 14.3813
4820.000000, 94.743, 13.9966
4870.000000, 94.739, 13.7079
4940.000000, 94.619, 13.5604
5000.000000, 94.436, 13.8297
5080.000000, 94.125, 14.8547
5150.000000, 93.825, 16.3402
5220.000000, 93.514, 18.2797
5300.000000, 93.151, 20.9991
5380.000000, 92.784, 24.2661
5450.000000, 92.467, 27.6741
5520.000000, 92.175, 31.6867
5600.000000, 91.910, 37.0170
5700.000000, 91.755, 44.5208
5800.000000, 91.832, 52.1962
5900.000000, 92.077, 59.5545
6000.000000, 92.454, 66.5430
6080.000000, 92.846, 71.8261
6150.000000, 93.254, 76.1686
6220.000000, 93.716, 80.1937
6300.000000, 94.302, 84.3163
6400.000000, 95.104, 88.5948
6500.000000, 95.949, 91.7126
6600.000000, 96.780, 93.5601
6700.000000, 97.532, 94.1995
6800.000000, 98.162, 93.8908
6900.000000, 98.664, 92.9396
7000.000000, 99.023, 91.5998
7100.000000, 99.208, 90.0967
7200.000000, 99.206, 88.8099
7300.000000, 99.041, 88.2458
7400.000000, 98.771, 88.7026
7500.000000, 98.474, 90.2449
7620.000000, 98.178, 93.3411
7750.000000, 98.010, 97.7535
7880.000000, 97.963, 102.6940
8000.000000, 98.053, 107.1285
8120.000000, 98.279, 110.9592
8250.000000, 98.637, 113.9862
8380.000000, 99.021, 115.4300
8500.000000, 99.292, 115.1454
8620.000000, 99.362, 113.5042
8750.000000, 99.094, 110.9227
8850.000000, 98.619, 109.0277
9000.000000, 97.535, 107.4781
9120.000000, 96.449, 107.9423
9250.000000, 95.179, 110.3258
9380.000000, 93.901, 114.4504
9500.000000, 92.767, 119.5293
9620.000000, 91.705, 125.5650
9750.000000, 90.655, 132.9258
9880.000000, 89.713, 140.9299
10000.000000, 88.932, 148.7659
10150.000000, 88.071, 159.0482
10300.000000, 87.343, 169.6664
10440.000000, 86.775, 179.6217
10600.000000, 86.228, -169.0374
10750.000000, 85.805, -158.4808
10900.000000, 85.463, -148.1186
11060.000000, 85.170, -137.3859
11200.000000, 84.952, -128.3449
11380.000000, 84.682, -117.2967
11500.000000, 84.474, -110.2434
11720.000000, 83.958, -97.4152
11800.000000, 83.725, -92.5358
12060.000000, 82.930, -74.9338
12200.000000, 82.575, -64.3899
12410.000000, 82.211, -47.8333
12500.000000, 82.124, -40.5241
12650.000000, 82.108, -28.1148
12800.000000, 82.285, -15.8864
13150.000000, 83.189, 9.1360
13200.000000, 83.339, 12.2848
13400.000000, 83.941, 24.0175
13600.000000, 84.522, 34.6954
13800.000000, 85.112, 44.6415
14000.000000, 85.739, 53.9351
14300.000000, 86.809, 65.8707
14500.000000, 87.551, 71.5330
14750.000000, 88.250, 75.2463
15000.000000, 88.326, 76.3815
15250.000000, 87.606, 78.2664
15500.000000, 86.464, 84.8808
15750.000000, 85.850, 96.0524
16000.000000, 86.107, 104.7197
16250.000000, 86.274, 106.2618
16500.000000, 85.373, 104.4260
16750.000000, 83.354, 105.6541
17000.000000, 80.795, 113.0410
17250.000000, 78.271, 125.9410
17500.000000, 76.072, 142.5208
17750.000000, 74.257, 161.2706
18000.000000, 72.804, -178.7032
18250.000000, 71.697, -157.9283
18500.000000, 71.001, -136.7007
18750.000000, 70.849, -115.3086
19000.000000, 71.202, -94.1442
19250.000000, 71.760, -73.5886
19500.000000, 72.285, -53.9472
19750.000000, 72.770, -35.4822
20000.000000, 73.229, -18.4064
20300.000000, 73.834, 0.2377
20600.000000, 74.608, 17.5126
20900.000000, 75.634, 33.0510
21200.000000, 76.794, 45.0068
21400.000000, 77.464, 50.8156
21800.000000, 78.306, 59.8681
22000.000000, 78.533, 64.3997
22400.000000, 79.042, 75.5276
22700.000000, 79.774, 86.1418
23000.000000, 80.487, 98.0801
23300.000000, 79.865, 114.3156
23600.000000, 76.819, 138.7765
24000.000000, 70.848, 119.0818
