* Measurement data measured by REW V5.31.3
* Source: E2x2, MICROPHONE (Analogue 1), 1, volume: 1.000. Timing signal peak level -34.9 dBFS, measurement signal peak level -25.7 dBFS
* Format: 512k Log Swept Sine, 1 sweep at -39.2 dBFS using an acoustic timing reference
* Dated: Apr 26, 2025 1:06:21 PM
* REW Settings:
*  C-weighting compensation: Off
*  Target level: 75.0 dB
* Note: ; Fosi DS1 + E2x2 MacBook S/N: 342 Delay -0.0245 ms (-8.4 mm, -0.33 in) using estimated IR delay relative to Acoustic reference played from SPEAKER R with no timing offset Clock adjustment: -28.1 ppm
* Measurement: R
* Smoothing: 1/24 octave
* Frequency Step: 1/48 octave
* Start Frequency: 1.000 Hz
*
* Freq(Hz), SPL(dB), Phase(degrees)
1.000000, 74.444, 175.4322
1.015000, 74.556, 175.2307
1.030000, 74.671, 175.0251
1.044000, 74.781, 174.8261
1.060000, 74.909, 174.5866
1.075000, 75.033, 174.3473
1.090000, 75.161, 174.0932
1.106000, 75.302, 173.8174
1.120000, 75.428, 173.5948
1.138000, 75.592, 173.3514
1.150000, 75.704, 173.2166
1.172000, 75.910, 172.9342
1.180000, 75.986, 172.7554
1.206000, 76.236, 172.2382
1.220000, 76.372, 171.9928
1.241000, 76.577, 171.6631
1.250000, 76.665, 171.5347
1.265000, 76.813, 171.3358
1.280000, 76.962, 171.1541
1.315000, 77.309, 170.7849
1.320000, 77.359, 170.7374
1.340000, 77.557, 170.5571
1.360000, 77.754, 170.3939
1.380000, 77.951, 170.1113
1.400000, 78.146, 169.7850
1.430000, 78.435, 169.2984
1.450000, 78.625, 168.9719
1.475000, 78.859, 168.5696
1.500000, 79.092, 168.2043
1.525000, 79.324, 167.8894
1.550000, 79.555, 167.6222
1.575000, 79.785, 167.3254
1.600000, 80.014, 166.9359
1.625000, 80.241, 166.5777
1.650000, 80.468, 166.2446
1.675000, 80.693, 165.9310
1.700000, 80.918, 165.6314
1.725000, 81.140, 165.3407
1.750000, 81.361, 165.0545
1.775000, 81.580, 164.7151
1.800000, 81.798, 164.2677
1.825000, 82.014, 163.8176
1.850000, 82.228, 163.3702
1.875000, 82.441, 162.9404
1.900000, 82.653, 162.5334
1.925000, 82.863, 162.1493
1.950000, 83.072, 161.7881
1.975000, 83.279, 161.3967
2.000000, 83.485, 160.9244
2.030000, 83.729, 160.3825
2.060000, 83.972, 159.8576
2.090000, 84.212, 159.3449
2.120000, 84.449, 158.8398
2.140000, 84.606, 158.5049
2.180000, 84.916, 157.7820
2.200000, 85.070, 157.3709
2.240000, 85.373, 156.5590
2.270000, 85.598, 155.9671
2.300000, 85.820, 155.3926
2.330000, 86.039, 154.8357
2.360000, 86.256, 154.2948
2.400000, 86.542, 153.4784
2.430000, 86.753, 152.8648
2.470000, 87.031, 152.0633
2.500000, 87.237, 151.4710
2.540000, 87.508, 150.6882
2.580000, 87.774, 149.8688
2.620000, 88.036, 148.9733
2.650000, 88.230, 148.3115
2.690000, 88.484, 147.4440
2.720000, 88.672, 146.8062
2.760000, 88.919, 145.9775
2.800000, 89.162, 145.0805
2.850000, 89.459, 143.9720
2.900000, 89.749, 142.8879
2.950000, 90.032, 141.8175
3.000000, 90.308, 140.6793
3.040000, 90.524, 139.7486
3.070000, 90.683, 139.0580
3.110000, 90.891, 138.1508
3.150000, 91.095, 137.2619
3.200000, 91.343, 136.1222
3.250000, 91.586, 134.9876
3.300000, 91.822, 133.8796
3.350000, 92.051, 132.7822
3.400000, 92.274, 131.6285
3.450000, 92.490, 130.4622
3.500000, 92.701, 129.3186
3.550000, 92.904, 128.2075
3.600000, 93.103, 127.0875
3.650000, 93.295, 125.9850
3.700000, 93.481, 124.9052
3.750000, 93.661, 123.8307
3.820000, 93.903, 122.2801
3.870000, 94.069, 121.1840
3.950000, 94.324, 119.4995
4.000000, 94.477, 118.4649
4.060000, 94.655, 117.2500
4.120000, 94.825, 116.0578
4.180000, 94.987, 114.8741
4.250000, 95.168, 113.4831
4.310000, 95.317, 112.3427
4.370000, 95.461, 111.2537
4.440000, 95.623, 110.0027
4.500000, 95.755, 108.9631
4.550000, 95.861, 108.1190
4.620000, 96.005, 106.9405
4.680000, 96.124, 105.9674
4.750000, 96.260, 104.8952
4.820000, 96.392, 103.8523
4.870000, 96.484, 103.1306
4.940000, 96.609, 102.1592
5.000000, 96.714, 101.3422
5.080000, 96.853, 100.2888
5.150000, 96.973, 99.4189
5.220000, 97.093, 98.5704
5.300000, 97.227, 97.6398
5.380000, 97.361, 96.7465
5.450000, 97.479, 95.9676
5.520000, 97.597, 95.2150
5.600000, 97.732, 94.3748
5.700000, 97.903, 93.3429
5.800000, 98.073, 92.3272
5.900000, 98.243, 91.3003
6.000000, 98.413, 90.2791
6.080000, 98.548, 89.4536
6.150000, 98.665, 88.7357
6.220000, 98.780, 87.9998
6.300000, 98.909, 87.1504
6.400000, 99.067, 86.0767
6.500000, 99.220, 84.9875
6.600000, 99.366, 83.8967
6.700000, 99.505, 82.7870
6.800000, 99.637, 81.6716
6.900000, 99.761, 80.5572
7.000000, 99.877, 79.4603
7.100000, 99.984, 78.3634
7.200000, 100.083, 77.2818
7.300000, 100.175, 76.2238
7.400000, 100.260, 75.2001
7.500000, 100.338, 74.1961
7.620000, 100.424, 73.0350
7.750000, 100.511, 71.8438
7.880000, 100.589, 70.7076
8.000000, 100.658, 69.7148
8.120000, 100.724, 68.7717
8.250000, 100.794, 67.8046
8.380000, 100.864, 66.8854
8.500000, 100.928, 66.0691
8.620000, 100.993, 65.2855
8.750000, 101.065, 64.4599
8.850000, 101.121, 63.8340
9.000000, 101.206, 62.9150
9.120000, 101.274, 62.1849
9.250000, 101.348, 61.3938
9.380000, 101.423, 60.6051
9.500000, 101.490, 59.8710
9.620000, 101.557, 59.1344
9.750000, 101.627, 58.3312
9.880000, 101.686, 57.5220
10.000000, 101.729, 56.7746
10.150000, 101.768, 55.8122
10.300000, 101.795, 54.8578
10.440000, 101.811, 53.9745
10.600000, 101.823, 52.9825
10.750000, 101.830, 52.0751
10.900000, 101.833, 51.1946
11.060000, 101.831, 50.2818
11.200000, 101.824, 49.4982
11.380000, 101.811, 48.5583
11.500000, 101.800, 47.9784
11.720000, 101.782, 47.0106
11.800000, 101.778, 46.6899
12.060000, 101.777, 45.7298
12.200000, 101.787, 45.2334
12.410000, 101.817, 44.5163
12.500000, 101.834, 44.2061
12.650000, 101.868, 43.6776
12.800000, 101.906, 43.1195
13.150000, 102.002, 41.6248
13.200000, 102.015, 41.3866
13.400000, 102.063, 40.3881
13.600000, 102.098, 39.3429
13.800000, 102.118, 38.2800
14.000000, 102.120, 37.2420
14.300000, 102.093, 35.7723
14.500000, 102.061, 34.9141
14.750000, 102.017, 33.9945
15.000000, 101.978, 33.2323
15.250000, 101.955, 32.5616
15.500000, 101.946, 31.9547
15.750000, 101.950, 31.3682
16.000000, 101.963, 30.7690
16.250000, 101.980, 30.1231
16.500000, 101.999, 29.4462
16.750000, 102.020, 28.7364
17.000000, 102.042, 27.9849
17.250000, 102.062, 27.1705
17.500000, 102.077, 26.3051
17.750000, 102.081, 25.4038
18.000000, 102.070, 24.4971
18.250000, 102.043, 23.6191
18.500000, 102.004, 22.8328
18.750000, 101.961, 22.1739
19.000000, 101.925, 21.6495
19.250000, 101.908, 21.2130
19.500000, 101.915, 20.8119
19.750000, 101.944, 20.3716
20.000000, 101.989, 19.8285
20.299999, 102.046, 18.9958
20.600000, 102.088, 18.0208
20.900000, 102.104, 17.0074
21.200001, 102.093, 16.0723
21.400000, 102.078, 15.5414
21.799999, 102.053, 14.7397
22.000000, 102.052, 14.4429
22.400000, 102.083, 13.9163
22.700001, 102.129, 13.4862
23.000000, 102.184, 12.9721
23.299999, 102.236, 12.3682
23.600000, 102.278, 11.7081
24.000000, 102.315, 10.7934
24.299999, 102.328, 10.0990
24.700001, 102.320, 9.1996
25.000000, 102.293, 8.5783
25.400000, 102.230, 7.8873
25.799999, 102.149, 7.4330
26.200001, 102.075, 7.1960
26.500000, 102.034, 7.0828
26.900000, 101.998, 6.8864
27.200001, 101.974, 6.6471
27.600000, 101.925, 6.2358
28.000000, 101.852, 5.8510
28.500000, 101.755, 5.5804
29.000000, 101.705, 5.4691
29.500000, 101.726, 5.1091
30.000000, 101.768, 4.1688
30.400000, 101.766, 3.0245
30.700001, 101.725, 2.0724
31.100000, 101.617, 0.9020
31.500000, 101.469, 0.0758
32.000000, 101.295, -0.2887
32.500000, 101.215, -0.1340
33.000000, 101.255, -0.0424
33.500000, 101.355, -0.4838
34.000000, 101.432, -1.4133
34.500000, 101.449, -2.4404
35.000000, 101.441, -3.2740
35.500000, 101.447, -4.0206
36.000000, 101.456, -4.9495
36.500000, 101.408, -6.0341
37.000000, 101.277, -6.8263
37.500000, 101.129, -6.8882
38.200001, 101.093, -6.1769
38.700001, 101.205, -6.1633
39.500000, 101.318, -7.6876
40.000000, 101.246, -8.7463
40.599998, 101.103, -9.2292
41.200001, 101.048, -9.1172
41.799999, 101.084, -9.3031
42.500000, 101.088, -10.2053
43.099998, 101.001, -10.9471
43.700001, 100.890, -11.2122
44.400002, 100.834, -11.1766
45.000000, 100.853, -11.4147
45.500000, 100.876, -11.9807
46.200001, 100.868, -13.1636
46.799999, 100.822, -14.3203
47.500000, 100.728, -15.7041
48.200001, 100.586, -16.8997
48.700001, 100.473, -17.4512
49.400002, 100.357, -17.8268
50.000000, 100.312, -18.0566
50.799999, 100.278, -18.4906
51.500000, 100.237, -18.9094
52.200001, 100.167, -19.2069
53.000000, 100.070, -19.0853
53.799999, 100.043, -18.6421
54.500000, 100.071, -18.6107
55.200001, 100.071, -18.9492
56.000000, 100.045, -19.4377
57.000000, 100.004, -20.3932
58.000000, 99.885, -21.5308
59.000000, 99.734, -22.3201
60.000000, 99.590, -22.6401
60.799999, 99.526, -22.6173
61.500000, 99.501, -22.6987
62.200001, 99.462, -22.8108
63.000000, 99.415, -22.7436
64.000000, 99.401, -22.6730
65.000000, 99.376, -23.0073
66.000000, 99.275, -23.6001
67.000000, 99.067, -23.8562
68.000000, 98.876, -23.0544
69.000000, 98.892, -22.1696
70.000000, 98.986, -22.9041
71.000000, 98.888, -24.5124
72.000000, 98.663, -25.2877
73.000000, 98.502, -25.3442
74.000000, 98.408, -25.1982
75.000000, 98.410, -24.9189
76.199997, 98.472, -25.5294
77.500000, 98.347, -26.4335
78.800003, 98.198, -26.4772
80.000000, 98.065, -26.6915
81.199997, 97.911, -26.9310
82.500000, 97.736, -27.2579
83.800003, 97.579, -27.2530
85.000000, 97.532, -27.0941
86.199997, 97.526, -27.4357
87.500000, 97.435, -27.8049
88.500000, 97.366, -27.6145
90.000000, 97.305, -27.5062
91.199997, 97.232, -27.5429
92.500000, 97.128, -27.7316
93.800003, 96.963, -27.6685
95.000000, 96.849, -27.1336
96.199997, 96.789, -26.7639
97.500000, 96.734, -26.6383
98.800003, 96.674, -26.7250
100.000000, 96.603, -26.9242
101.500000, 96.495, -27.1648
103.000000, 96.361, -27.1793
104.400002, 96.244, -26.8347
106.000000, 96.154, -26.2875
107.500000, 96.085, -26.1860
109.000000, 95.965, -26.3082
110.599998, 95.825, -26.1947
112.000000, 95.745, -26.0044
113.800003, 95.650, -25.7400
115.000000, 95.589, -25.2853
117.199997, 95.504, -24.4071
118.000000, 95.461, -24.1940
120.599998, 95.311, -23.6997
122.000000, 95.216, -23.9500
124.099998, 95.044, -23.8321
125.000000, 95.008, -23.5046
126.500000, 94.996, -23.0875
128.000000, 94.962, -22.8107
131.500000, 94.816, -21.9166
132.000000, 94.793, -21.8059
134.000000, 94.730, -21.5388
136.000000, 94.661, -21.5869
138.000000, 94.571, -21.2733
140.000000, 94.494, -20.6427
143.000000, 94.394, -19.3867
145.000000, 94.357, -18.6213
147.500000, 94.319, -18.1617
150.000000, 94.270, -17.7752
152.500000, 94.245, -17.2358
155.000000, 94.216, -16.6815
157.500000, 94.164, -16.1377
160.000000, 94.128, -15.6876
162.500000, 94.107, -15.2863
165.000000, 94.074, -14.6736
167.500000, 93.998, -13.9929
170.000000, 93.916, -13.2349
172.500000, 93.915, -12.7273
175.000000, 93.942, -12.4489
177.500000, 93.925, -12.3032
180.000000, 93.817, -11.9116
182.500000, 93.764, -10.8990
185.000000, 93.831, -10.1514
187.500000, 93.871, -9.7635
190.000000, 93.813, -9.0765
192.500000, 93.749, -8.0323
195.000000, 93.758, -7.3780
197.500000, 93.810, -7.0681
200.000000, 93.864, -6.7570
203.000000, 93.879, -6.4003
206.000000, 93.858, -6.0468
209.000000, 93.839, -5.5951
212.000000, 93.839, -5.2644
214.000000, 93.872, -5.2662
218.000000, 94.010, -4.7010
220.000000, 94.079, -3.9680
224.000000, 94.145, -2.9018
227.000000, 94.176, -2.5964
230.000000, 94.203, -2.5894
233.000000, 94.181, -2.5469
236.000000, 94.148, -2.2902
240.000000, 94.117, -2.0663
243.000000, 94.140, -2.2821
247.000000, 94.216, -2.3621
250.000000, 94.250, -2.0826
254.000000, 94.270, -1.8531
258.000000, 94.291, -1.5486
262.000000, 94.320, -1.0876
265.000000, 94.317, -0.8617
269.000000, 94.302, -0.7227
272.000000, 94.320, -0.6756
276.000000, 94.357, -0.5707
280.000000, 94.364, -0.3206
285.000000, 94.392, -0.1882
290.000000, 94.429, 0.1181
295.000000, 94.458, 0.1726
300.000000, 94.478, 0.4393
304.000000, 94.500, 0.7556
307.000000, 94.512, 0.7522
311.000000, 94.524, 0.7036
315.000000, 94.569, 0.8685
320.000000, 94.604, 1.1208
325.000000, 94.557, 1.2159
330.000000, 94.558, 1.2102
335.000000, 94.578, 1.4211
340.000000, 94.579, 1.6803
345.000000, 94.571, 1.9210
350.000000, 94.571, 2.0605
355.000000, 94.588, 2.0249
360.000000, 94.611, 1.9530
365.000000, 94.617, 2.0882
370.000000, 94.618, 2.3260
375.000000, 94.622, 2.4924
382.000000, 94.602, 2.3606
387.000000, 94.544, 2.2922
395.000000, 94.534, 3.0229
400.000000, 94.581, 3.1712
406.000000, 94.561, 3.1031
412.000000, 94.562, 3.2338
418.000000, 94.578, 3.3289
425.000000, 94.557, 3.5353
431.000000, 94.542, 3.6530
437.000000, 94.541, 3.7501
444.000000, 94.541, 3.8297
450.000000, 94.522, 3.9894
455.000000, 94.505, 4.1768
462.000000, 94.495, 4.3890
468.000000, 94.471, 4.5284
475.000000, 94.457, 4.6061
482.000000, 94.445, 4.7745
487.000000, 94.428, 4.9133
494.000000, 94.399, 5.0931
500.000000, 94.378, 5.2964
508.000000, 94.360, 5.5386
515.000000, 94.345, 5.6664
522.000000, 94.329, 5.8809
530.000000, 94.312, 6.1577
538.000000, 94.280, 6.3876
545.000000, 94.256, 6.5873
552.000000, 94.244, 6.8653
560.000000, 94.218, 7.2148
570.000000, 94.171, 7.5681
580.000000, 94.134, 8.0323
590.000000, 94.114, 8.4574
600.000000, 94.089, 8.8402
608.000000, 94.066, 9.2283
615.000000, 94.051, 9.5266
622.000000, 94.041, 9.8086
630.000000, 94.030, 10.0986
640.000000, 94.010, 10.5284
650.000000, 93.978, 11.0103
660.000000, 93.957, 11.4739
670.000000, 93.940, 11.8706
680.000000, 93.915, 12.2777
690.000000, 93.875, 12.7708
700.000000, 93.837, 13.3597
710.000000, 93.826, 13.8998
720.000000, 93.816, 14.2648
730.000000, 93.802, 14.7587
740.000000, 93.789, 15.2220
750.000000, 93.769, 15.7307
762.000000, 93.749, 16.3765
775.000000, 93.735, 17.0125
788.000000, 93.729, 17.6354
800.000000, 93.701, 18.3340
812.000000, 93.676, 19.0975
825.000000, 93.666, 19.7894
838.000000, 93.665, 20.4236
850.000000, 93.656, 21.1733
862.000000, 93.645, 21.9307
875.000000, 93.648, 22.6865
885.000000, 93.666, 23.2618
900.000000, 93.700, 24.1093
912.000000, 93.726, 24.7911
925.000000, 93.751, 25.5146
938.000000, 93.778, 26.1846
950.000000, 93.810, 26.7130
962.000000, 93.833, 27.2184
975.000000, 93.850, 27.8124
988.000000, 93.863, 28.3874
1000.000000, 93.880, 28.8488
1015.000000, 93.911, 29.4264
1030.000000, 93.947, 29.9823
1044.000000, 93.975, 30.4791
1060.000000, 93.995, 31.0704
1075.000000, 94.008, 31.7083
1090.000000, 94.039, 32.2428
1106.000000, 94.088, 32.6328
1120.000000, 94.120, 33.0348
1138.000000, 94.145, 33.7083
1150.000000, 94.156, 34.1173
1172.000000, 94.192, 34.8060
1180.000000, 94.209, 35.0521
1206.000000, 94.261, 35.8710
1220.000000, 94.292, 36.3077
1241.000000, 94.338, 36.9578
1250.000000, 94.359, 37.2578
1265.000000, 94.389, 37.7374
1280.000000, 94.416, 38.1885
1315.000000, 94.460, 39.3115
1320.000000, 94.464, 39.4757
1340.000000, 94.474, 40.2019
1360.000000, 94.478, 40.9801
1380.000000, 94.495, 41.7130
1400.000000, 94.530, 42.4364
1430.000000, 94.571, 43.6042
1450.000000, 94.597, 44.4095
1475.000000, 94.628, 45.3622
1500.000000, 94.636, 46.4388
1525.000000, 94.649, 47.5179
1550.000000, 94.696, 48.5355
1575.000000, 94.758, 49.5770
1600.000000, 94.815, 50.7162
1625.000000, 94.874, 51.8263
1650.000000, 94.931, 52.9748
1675.000000, 94.977, 54.1797
1700.000000, 95.030, 55.4033
1725.000000, 95.100, 56.6221
1750.000000, 95.189, 57.8093
1775.000000, 95.286, 58.9082
1800.000000, 95.384, 59.9391
1825.000000, 95.483, 60.9147
1850.000000, 95.583, 61.8916
1875.000000, 95.685, 62.8792
1900.000000, 95.787, 63.8471
1925.000000, 95.892, 64.8492
1950.000000, 96.002, 65.8174
1975.000000, 96.112, 66.8250
2000.000000, 96.227, 67.9077
2030.000000, 96.393, 69.1451
2060.000000, 96.586, 70.3398
2090.000000, 96.785, 71.5244
2120.000000, 96.998, 72.6192
2140.000000, 97.153, 73.1858
2180.000000, 97.467, 74.0455
2200.000000, 97.611, 74.3865
2240.000000, 97.890, 75.0616
2270.000000, 98.116, 75.4356
2300.000000, 98.344, 75.7524
2330.000000, 98.557, 76.0208
2360.000000, 98.767, 76.1884
2400.000000, 99.051, 76.2589
2430.000000, 99.264, 76.2213
2470.000000, 99.550, 76.0629
2500.000000, 99.766, 75.7971
2540.000000, 100.051, 75.2155
2580.000000, 100.320, 74.3810
2620.000000, 100.566, 73.3402
2650.000000, 100.734, 72.4182
2690.000000, 100.924, 71.0274
2720.000000, 101.031, 69.9026
2760.000000, 101.129, 68.2620
2800.000000, 101.177, 66.5972
2850.000000, 101.172, 64.5599
2900.000000, 101.097, 62.6957
2950.000000, 100.965, 61.1245
3000.000000, 100.827, 59.9394
3040.000000, 100.724, 59.2055
3070.000000, 100.640, 58.7719
3110.000000, 100.524, 58.2127
3150.000000, 100.408, 57.6194
3200.000000, 100.242, 56.8493
3250.000000, 100.024, 56.2228
3300.000000, 99.783, 55.9309
3350.000000, 99.563, 55.9536
3400.000000, 99.361, 56.3234
3450.000000, 99.180, 56.9006
3500.000000, 99.032, 57.5973
3550.000000, 98.919, 58.3057
3600.000000, 98.831, 58.9961
3650.000000, 98.755, 59.7385
3700.000000, 98.701, 60.5413
3750.000000, 98.690, 61.2422
3820.000000, 98.709, 61.9569
3870.000000, 98.726, 62.2096
3950.000000, 98.758, 62.4163
4000.000000, 98.812, 62.2449
4060.000000, 98.837, 61.5586
4120.000000, 98.801, 60.5279
4180.000000, 98.718, 59.3558
4250.000000, 98.536, 57.9169
4310.000000, 98.274, 56.8352
4370.000000, 97.921, 56.1259
4440.000000, 97.462, 56.0107
4500.000000, 97.085, 56.6473
4550.000000, 96.813, 57.6143
4620.000000, 96.529, 59.2298
4680.000000, 96.369, 60.5294
4750.000000, 96.242, 61.8230
4820.000000, 96.161, 62.7823
4870.000000, 96.116, 63.2942
4940.000000, 96.071, 63.7290
5000.000000, 96.022, 63.8151
5080.000000, 95.905, 63.5388
5150.000000, 95.760, 63.0612
5220.000000, 95.583, 62.5992
5300.000000, 95.347, 62.2472
5380.000000, 95.078, 62.1445
5450.000000, 94.830, 62.2523
5520.000000, 94.601, 62.4946
5600.000000, 94.362, 62.9001
5700.000000, 94.058, 63.6303
5800.000000, 93.769, 64.6059
5900.000000, 93.526, 65.9172
6000.000000, 93.356, 67.4416
6080.000000, 93.280, 68.7426
6150.000000, 93.272, 69.8896
6220.000000, 93.312, 71.0352
6300.000000, 93.408, 72.3102
6400.000000, 93.612, 73.7878
6500.000000, 93.933, 74.9987
6600.000000, 94.350, 75.8722
6700.000000, 94.851, 76.2684
6800.000000, 95.454, 76.0453
6900.000000, 96.194, 74.9718
7000.000000, 97.019, 72.9019
7100.000000, 97.867, 69.6393
7200.000000, 98.678, 65.0877
7300.000000, 99.394, 59.2686
7400.000000, 99.919, 52.5354
7500.000000, 100.194, 45.4170
7620.000000, 100.261, 37.1831
7750.000000, 100.122, 29.6014
7880.000000, 99.795, 23.8264
8000.000000, 99.449, 19.9294
8120.000000, 99.164, 16.9752
8250.000000, 98.944, 14.3510
8380.000000, 98.826, 11.7960
8500.000000, 98.787, 9.1426
8620.000000, 98.767, 6.0089
8750.000000, 98.665, 2.0771
8850.000000, 98.472, -1.1917
9000.000000, 97.952, -5.9976
9120.000000, 97.360, -9.3226
9250.000000, 96.568, -11.9004
9380.000000, 95.672, -13.1667
9500.000000, 94.809, -13.1185
9620.000000, 93.955, -11.9648
9750.000000, 93.086, -9.6437
9880.000000, 92.307, -6.3705
10000.000000, 91.669, -2.6328
10150.000000, 90.976, 2.8452
10300.000000, 90.407, 9.0819
10440.000000, 90.008, 15.4294
10600.000000, 89.726, 23.1305
10750.000000, 89.656, 30.4763
10900.000000, 89.780, 37.6088
11060.000000, 90.093, 44.6042
11200.000000, 90.488, 49.9243
11380.000000, 91.095, 55.1927
11500.000000, 91.490, 57.7893
11720.000000, 92.145, 61.0433
11800.000000, 92.351, 61.7964
12060.000000, 92.853, 62.8156
12200.000000, 92.977, 62.6130
12410.000000, 92.899, 61.8398
12500.000000, 92.766, 61.5394
12650.000000, 92.405, 61.4145
12800.000000, 91.882, 62.0602
13150.000000, 90.379, 67.5552
13200.000000, 90.164, 68.8056
13400.000000, 89.364, 74.7940
13600.000000, 88.693, 82.0845
13800.000000, 88.189, 90.2761
14000.000000, 87.874, 99.0642
14300.000000, 87.754, 112.8999
14500.000000, 87.934, 122.2673
14750.000000, 88.461, 133.7388
15000.000000, 89.422, 144.3544
15250.000000, 90.909, 152.8247
15500.000000, 92.917, 156.8501
15750.000000, 94.993, 153.6129
16000.000000, 96.268, 142.8255
16250.000000, 96.101, 129.7459
16500.000000, 94.752, 121.1398
16750.000000, 93.010, 119.0323
17000.000000, 91.432, 122.1102
17250.000000, 90.290, 128.1407
17500.000000, 89.624, 134.7096
17750.000000, 89.249, 140.3391
18000.000000, 88.956, 144.9757
18250.000000, 88.697, 149.4263
18500.000000, 88.567, 153.7776
18750.000000, 88.586, 156.9890
19000.000000, 88.580, 158.1993
19250.000000, 88.340, 157.9187
19500.000000, 87.765, 157.0258
19750.000000, 86.909, 156.5447
20000.000000, 85.806, 156.6538
20300.000000, 84.257, 157.4761
20600.000000, 82.503, 158.9899
20900.000000, 80.343, 162.1436
21200.000000, 77.452, 166.6452
21400.000000, 74.813, 172.7445
21800.000000, 67.820, -155.3273
22000.000000, 64.713, 153.6353
