* Measurement data measured by REW V5.31.3
* Source: E2x2, MICROPHONE (Analogue 1), 1, volume: 1.000. Timing signal peak level -37.0 dBFS, measurement signal peak level -29.9 dBFS
* Format: 512k Log Swept Sine, 1 sweep at -34.8 dBFS using an acoustic timing reference
* Dated: Apr 19, 2025 4:32:04 PM
* REW Settings:
*  C-weighting compensation: Off
*  Target level: 75.0 dB
* Note: ; Fosi DS1 + E2x2 Macbook Delay 0.0139 ms (4.8 mm, 0.19 in) using estimated IR delay relative to Acoustic reference played from SPEAKER R with no timing offset Clock adjustment: -28.6 ppm
* Measurement: R
* Smoothing: 1/24 octave
* Frequency Step: 1/48 octave
* Start Frequency: 1.000 Hz
*
* Freq(Hz), SPL(dB), Phase(degrees)
1.000000, 64.236, 90.7888
1.015000, 64.000, 93.4412
1.030000, 63.783, 96.1252
1.044000, 63.597, 98.6555
1.060000, 63.408, 101.5726
1.075000, 63.256, 104.3268
1.090000, 63.128, 107.0945
1.106000, 63.021, 110.0548
1.120000, 62.947, 112.6472
1.138000, 62.879, 115.9783
1.150000, 62.849, 118.1952
1.172000, 62.824, 122.1535
1.180000, 62.823, 123.4928
1.206000, 62.852, 127.8161
1.220000, 62.885, 130.1145
1.241000, 62.956, 133.5127
1.250000, 62.993, 134.9483
1.265000, 63.064, 137.3099
1.280000, 63.145, 139.6288
1.315000, 63.365, 144.8530
1.320000, 63.400, 145.5762
1.340000, 63.544, 148.4073
1.360000, 63.696, 151.1397
1.380000, 63.854, 153.6375
1.400000, 64.014, 155.9772
1.430000, 64.254, 159.2811
1.450000, 64.412, 161.3481
1.475000, 64.608, 163.8015
1.500000, 64.818, 166.1614
1.525000, 65.049, 168.4470
1.550000, 65.299, 170.6536
1.575000, 65.564, 172.7040
1.600000, 65.843, 174.5366
1.625000, 66.132, 176.2791
1.650000, 66.429, 177.9300
1.675000, 66.730, 179.4892
1.700000, 67.033, -179.0427
1.725000, 67.335, -177.6643
1.750000, 67.633, -176.3732
1.775000, 67.925, -175.2206
1.800000, 68.207, -174.2540
1.825000, 68.478, -173.3594
1.850000, 68.741, -172.5168
1.875000, 69.001, -171.6984
1.900000, 69.258, -170.8976
1.925000, 69.514, -170.1168
1.950000, 69.768, -169.3575
1.975000, 70.020, -168.6737
2.000000, 70.271, -168.1160
2.030000, 70.568, -167.4808
2.060000, 70.863, -166.8906
2.090000, 71.154, -166.3471
2.120000, 71.441, -165.8518
2.140000, 71.631, -165.5486
2.180000, 72.004, -165.0573
2.200000, 72.188, -164.8871
2.240000, 72.550, -164.5659
2.270000, 72.817, -164.3289
2.300000, 73.080, -164.0961
2.330000, 73.339, -163.8712
2.360000, 73.595, -163.6584
2.400000, 73.931, -163.5164
2.430000, 74.180, -163.4465
2.470000, 74.508, -163.3840
2.500000, 74.752, -163.3623
2.540000, 75.074, -163.3675
2.580000, 75.393, -163.4417
2.620000, 75.708, -163.5986
2.650000, 75.941, -163.7090
2.690000, 76.248, -163.8536
2.720000, 76.476, -163.9639
2.760000, 76.776, -164.1155
2.800000, 77.073, -164.3711
2.850000, 77.439, -164.7333
2.900000, 77.802, -165.1338
2.950000, 78.160, -165.5636
3.000000, 78.514, -166.0590
3.040000, 78.794, -166.4713
3.070000, 79.002, -166.7780
3.110000, 79.276, -167.1887
3.150000, 79.548, -167.6069
3.200000, 79.884, -168.2061
3.250000, 80.216, -168.8622
3.300000, 80.545, -169.5485
3.350000, 80.870, -170.2419
3.400000, 81.191, -170.9853
3.450000, 81.509, -171.7478
3.500000, 81.822, -172.5126
3.550000, 82.132, -173.2869
3.600000, 82.436, -174.1261
3.650000, 82.737, -175.0093
3.700000, 83.032, -175.9114
3.750000, 83.324, -176.8192
3.820000, 83.725, -178.1513
3.870000, 84.006, -179.1169
3.950000, 84.445, 179.3294
4.000000, 84.713, 178.3119
4.060000, 85.027, 177.0537
4.120000, 85.333, 175.7782
4.180000, 85.632, 174.4863
4.250000, 85.971, 172.9338
4.310000, 86.253, 171.6150
4.370000, 86.525, 170.2989
4.440000, 86.832, 168.7135
4.500000, 87.086, 167.3376
4.550000, 87.290, 166.1893
4.620000, 87.567, 164.5602
4.680000, 87.794, 163.1833
4.750000, 88.049, 161.6162
4.820000, 88.290, 160.0335
4.870000, 88.456, 158.8940
4.940000, 88.677, 157.3101
5.000000, 88.857, 155.9630
5.080000, 89.084, 154.2205
5.150000, 89.271, 152.7639
5.220000, 89.446, 151.3132
5.300000, 89.633, 149.6776
5.380000, 89.806, 148.1037
5.450000, 89.949, 146.7833
5.520000, 90.085, 145.5472
5.600000, 90.229, 144.1931
5.700000, 90.394, 142.5730
5.800000, 90.550, 141.0833
5.900000, 90.700, 139.7418
6.000000, 90.842, 138.5425
6.080000, 90.953, 137.6570
6.150000, 91.051, 136.9476
6.220000, 91.152, 136.2830
6.300000, 91.270, 135.5998
6.400000, 91.422, 134.8463
6.500000, 91.581, 134.1541
6.600000, 91.750, 133.5007
6.700000, 91.930, 132.8829
6.800000, 92.120, 132.3022
6.900000, 92.317, 131.7036
7.000000, 92.519, 131.0682
7.100000, 92.728, 130.3984
7.200000, 92.940, 129.7009
7.300000, 93.150, 128.9491
7.400000, 93.357, 128.1399
7.500000, 93.559, 127.2755
7.620000, 93.794, 126.1984
7.750000, 94.031, 124.9897
7.880000, 94.250, 123.7275
8.000000, 94.437, 122.5686
8.120000, 94.608, 121.4389
8.250000, 94.774, 120.2422
8.380000, 94.927, 119.1095
8.500000, 95.059, 118.1445
8.620000, 95.182, 117.2523
8.750000, 95.311, 116.3649
8.850000, 95.411, 115.7427
9.000000, 95.564, 114.9043
9.120000, 95.691, 114.2786
9.250000, 95.837, 113.6301
9.380000, 95.992, 113.0049
9.500000, 96.141, 112.4070
9.620000, 96.296, 111.7764
9.750000, 96.467, 111.0540
9.880000, 96.630, 110.2732
10.000000, 96.767, 109.4967
10.150000, 96.923, 108.4363
10.300000, 97.059, 107.3299
10.440000, 97.169, 106.2618
10.600000, 97.277, 105.0409
10.750000, 97.365, 103.9253
10.900000, 97.440, 102.8521
11.060000, 97.510, 101.7756
11.200000, 97.565, 100.8860
11.380000, 97.633, 99.8501
11.500000, 97.679, 99.2286
11.720000, 97.775, 98.1933
11.800000, 97.816, 97.8404
12.060000, 97.969, 96.7207
12.200000, 98.064, 96.0837
12.410000, 98.216, 95.0889
12.500000, 98.283, 94.6402
12.650000, 98.393, 93.8620
12.800000, 98.500, 93.0538
13.150000, 98.730, 91.0703
13.200000, 98.761, 90.7816
13.400000, 98.878, 89.6389
13.600000, 98.989, 88.5321
13.800000, 99.098, 87.4708
14.000000, 99.206, 86.4448
14.300000, 99.368, 84.9110
14.500000, 99.477, 83.8858
14.750000, 99.607, 82.5855
15.000000, 99.726, 81.2683
15.250000, 99.832, 79.9443
15.500000, 99.919, 78.6931
15.750000, 99.992, 77.5646
16.000000, 100.057, 76.5904
16.250000, 100.127, 75.7389
16.500000, 100.211, 74.9858
16.750000, 100.311, 74.2609
17.000000, 100.425, 73.4910
17.250000, 100.543, 72.6209
17.500000, 100.654, 71.6589
17.750000, 100.746, 70.6436
18.000000, 100.818, 69.6311
18.250000, 100.870, 68.6696
18.500000, 100.912, 67.8120
18.750000, 100.953, 67.0637
19.000000, 101.003, 66.3954
19.250000, 101.065, 65.7345
19.500000, 101.138, 65.0362
19.750000, 101.212, 64.2632
20.000000, 101.278, 63.4118
20.299999, 101.336, 62.3246
20.600000, 101.367, 61.2778
20.900000, 101.378, 60.3726
21.200001, 101.388, 59.6511
21.400000, 101.404, 59.2598
21.799999, 101.474, 58.5611
22.000000, 101.529, 58.1736
22.400000, 101.659, 57.1628
22.700001, 101.749, 56.1919
23.000000, 101.813, 55.1159
23.299999, 101.846, 54.0523
23.600000, 101.856, 53.1265
24.000000, 101.864, 52.2101
24.299999, 101.891, 51.7159
24.700001, 101.973, 51.1295
25.000000, 102.062, 50.6044
25.400000, 102.188, 49.6876
25.799999, 102.291, 48.6068
26.200001, 102.363, 47.5356
26.500000, 102.405, 46.8205
26.900000, 102.467, 45.9894
27.200001, 102.524, 45.3908
27.600000, 102.610, 44.5186
28.000000, 102.684, 43.5247
28.500000, 102.735, 42.2317
29.000000, 102.746, 41.1320
29.500000, 102.757, 40.3116
30.000000, 102.795, 39.6144
30.400000, 102.839, 39.0014
30.700001, 102.870, 38.4899
31.100000, 102.904, 37.7740
31.500000, 102.929, 37.0739
32.000000, 102.960, 36.2606
32.500000, 103.000, 35.4530
33.000000, 103.041, 34.5891
33.500000, 103.068, 33.6958
34.000000, 103.081, 32.8742
34.500000, 103.095, 32.1713
35.000000, 103.120, 31.5371
35.500000, 103.152, 30.8850
36.000000, 103.176, 30.2092
36.500000, 103.189, 29.5799
37.000000, 103.200, 29.0435
37.500000, 103.225, 28.5242
38.200001, 103.266, 27.6170
38.700001, 103.271, 26.8708
39.500000, 103.253, 25.8185
40.000000, 103.259, 25.1655
40.599998, 103.265, 24.1105
41.200001, 103.203, 22.9624
41.799999, 103.087, 22.3635
42.500000, 103.060, 22.4871
43.099998, 103.196, 22.3092
43.700001, 103.351, 21.2596
44.400002, 103.409, 19.6063
45.000000, 103.392, 18.5992
45.500000, 103.396, 18.0738
46.200001, 103.442, 17.3836
46.799999, 103.477, 16.6991
47.500000, 103.494, 15.9692
48.200001, 103.500, 15.3800
48.700001, 103.502, 15.0104
49.400002, 103.500, 14.5467
50.000000, 103.501, 14.1670
50.799999, 103.504, 13.5791
51.500000, 103.498, 12.9820
52.200001, 103.485, 12.3723
53.000000, 103.475, 11.6609
53.799999, 103.470, 10.8929
54.500000, 103.465, 10.1957
55.200001, 103.461, 9.5172
56.000000, 103.461, 8.7908
57.000000, 103.469, 7.9305
58.000000, 103.473, 7.0655
59.000000, 103.456, 6.3201
60.000000, 103.444, 5.6926
60.799999, 103.433, 5.1426
61.500000, 103.412, 4.6667
62.200001, 103.388, 4.2372
63.000000, 103.367, 3.7570
64.000000, 103.347, 3.1322
65.000000, 103.339, 2.4738
66.000000, 103.339, 1.6862
67.000000, 103.319, 0.8423
68.000000, 103.283, 0.1489
69.000000, 103.256, -0.3802
70.000000, 103.239, -0.8804
71.000000, 103.221, -1.4067
72.000000, 103.191, -1.9280
73.000000, 103.158, -2.3735
74.000000, 103.142, -2.8480
75.000000, 103.127, -3.4889
76.199997, 103.095, -4.2762
77.500000, 103.074, -5.0702
78.800003, 103.049, -5.8206
80.000000, 103.025, -6.2447
81.199997, 103.045, -6.4806
82.500000, 103.069, -7.3389
83.800003, 102.958, -8.1848
85.000000, 102.856, -8.4951
86.199997, 102.778, -8.9535
87.500000, 102.692, -9.4719
88.500000, 102.650, -9.8162
90.000000, 102.625, -10.4951
91.199997, 102.601, -11.0778
92.500000, 102.574, -11.6167
93.800003, 102.543, -12.1059
95.000000, 102.515, -12.5126
96.199997, 102.488, -12.9310
97.500000, 102.463, -13.4225
98.800003, 102.435, -13.9558
100.000000, 102.400, -14.4684
101.500000, 102.332, -15.0649
103.000000, 102.253, -15.4635
104.400002, 102.196, -15.7647
106.000000, 102.150, -16.2000
107.500000, 102.107, -16.6548
109.000000, 102.057, -17.0911
110.599998, 101.987, -17.5082
112.000000, 101.920, -17.8276
113.800003, 101.845, -18.3611
115.000000, 101.795, -18.8395
117.199997, 101.718, -19.5964
118.000000, 101.701, -19.8692
120.599998, 101.619, -20.6169
122.000000, 101.574, -20.9681
124.099998, 101.498, -21.4760
125.000000, 101.474, -21.7154
126.500000, 101.429, -22.0871
128.000000, 101.389, -22.2627
131.500000, 101.265, -22.6041
132.000000, 101.240, -22.6599
134.000000, 101.138, -22.9270
136.000000, 101.071, -23.2680
138.000000, 101.029, -23.6994
140.000000, 100.978, -24.0110
143.000000, 100.886, -24.4367
145.000000, 100.838, -24.8274
147.500000, 100.791, -25.4114
150.000000, 100.724, -25.8210
152.500000, 100.648, -26.1805
155.000000, 100.575, -26.6049
157.500000, 100.490, -26.8232
160.000000, 100.350, -26.9497
162.500000, 100.141, -27.3566
165.000000, 100.004, -27.6721
167.500000, 100.026, -28.0236
170.000000, 100.034, -28.2772
172.500000, 99.940, -28.1095
175.000000, 99.832, -28.1466
177.500000, 99.746, -28.6039
180.000000, 99.691, -28.7878
182.500000, 99.639, -28.7688
185.000000, 99.579, -28.7113
187.500000, 99.543, -28.9562
190.000000, 99.517, -29.2103
192.500000, 99.478, -29.2879
195.000000, 99.406, -29.4344
197.500000, 99.325, -29.8037
200.000000, 99.258, -30.3631
203.000000, 99.171, -30.6722
206.000000, 99.093, -30.5870
209.000000, 99.012, -30.6555
212.000000, 98.921, -30.6981
214.000000, 98.863, -30.7666
218.000000, 98.759, -31.1386
220.000000, 98.714, -31.4379
224.000000, 98.625, -31.7493
227.000000, 98.557, -31.6193
230.000000, 98.490, -31.4704
233.000000, 98.403, -31.5590
236.000000, 98.292, -31.8020
240.000000, 98.182, -31.9662
243.000000, 98.175, -32.1278
247.000000, 98.135, -32.3646
250.000000, 98.038, -32.2580
254.000000, 97.901, -32.1095
258.000000, 97.797, -32.1505
262.000000, 97.709, -32.2037
265.000000, 97.647, -32.4122
269.000000, 97.557, -32.4848
272.000000, 97.485, -32.4164
276.000000, 97.393, -32.3880
280.000000, 97.307, -32.3583
285.000000, 97.193, -32.4623
290.000000, 97.095, -32.3909
295.000000, 97.003, -32.3560
300.000000, 96.909, -32.2237
304.000000, 96.835, -32.1567
307.000000, 96.770, -32.1318
311.000000, 96.684, -31.9599
315.000000, 96.620, -31.7270
320.000000, 96.557, -31.5823
325.000000, 96.486, -31.5840
330.000000, 96.402, -31.6140
335.000000, 96.338, -31.4270
340.000000, 96.278, -31.1798
345.000000, 96.187, -30.9596
350.000000, 96.088, -30.8427
355.000000, 96.015, -30.6765
360.000000, 95.956, -30.4335
365.000000, 95.889, -30.2192
370.000000, 95.825, -29.9815
375.000000, 95.754, -29.8507
382.000000, 95.654, -29.5900
387.000000, 95.578, -29.3593
395.000000, 95.468, -29.1248
400.000000, 95.407, -29.0003
406.000000, 95.315, -28.7389
412.000000, 95.230, -28.3503
418.000000, 95.163, -28.1009
425.000000, 95.089, -27.8769
431.000000, 95.024, -27.6219
437.000000, 94.949, -27.3985
444.000000, 94.848, -27.0269
450.000000, 94.763, -26.6689
455.000000, 94.693, -26.3876
462.000000, 94.600, -26.0071
468.000000, 94.540, -25.6830
475.000000, 94.493, -25.3353
482.000000, 94.446, -25.0353
487.000000, 94.407, -24.7839
494.000000, 94.336, -24.2861
500.000000, 94.285, -23.8843
508.000000, 94.239, -23.4140
515.000000, 94.201, -22.9217
522.000000, 94.150, -22.5630
530.000000, 94.085, -22.2129
538.000000, 94.031, -21.8408
545.000000, 93.987, -21.4322
552.000000, 93.933, -20.9652
560.000000, 93.868, -20.4167
570.000000, 93.792, -19.7834
580.000000, 93.724, -19.2131
590.000000, 93.680, -18.5869
600.000000, 93.636, -17.9401
608.000000, 93.594, -17.4345
615.000000, 93.556, -16.9714
622.000000, 93.517, -16.5112
630.000000, 93.474, -16.0050
640.000000, 93.438, -15.3584
650.000000, 93.407, -14.7541
660.000000, 93.372, -14.1995
670.000000, 93.339, -13.5074
680.000000, 93.328, -12.8343
690.000000, 93.329, -12.1402
700.000000, 93.305, -11.5019
710.000000, 93.282, -10.8699
720.000000, 93.269, -10.2195
730.000000, 93.268, -9.5592
740.000000, 93.279, -8.8981
750.000000, 93.290, -8.2646
762.000000, 93.288, -7.4901
775.000000, 93.269, -6.6082
788.000000, 93.260, -5.7019
800.000000, 93.272, -4.8973
812.000000, 93.296, -4.2165
825.000000, 93.332, -3.4888
838.000000, 93.373, -2.7718
850.000000, 93.405, -2.0895
862.000000, 93.439, -1.3898
875.000000, 93.483, -0.6893
885.000000, 93.524, -0.2113
900.000000, 93.586, 0.5220
912.000000, 93.636, 1.0775
925.000000, 93.696, 1.7082
938.000000, 93.780, 2.3048
950.000000, 93.865, 2.7600
962.000000, 93.948, 3.1860
975.000000, 94.021, 3.6600
988.000000, 94.072, 4.0756
1000.000000, 94.101, 4.4579
1015.000000, 94.133, 5.0328
1030.000000, 94.185, 5.6422
1044.000000, 94.277, 6.1031
1060.000000, 94.403, 6.4852
1075.000000, 94.518, 6.7779
1090.000000, 94.631, 6.9899
1106.000000, 94.753, 7.1067
1120.000000, 94.860, 7.1479
1138.000000, 94.988, 7.0312
1150.000000, 95.057, 6.8582
1172.000000, 95.135, 6.4860
1180.000000, 95.147, 6.3220
1206.000000, 95.122, 6.0798
1220.000000, 95.090, 6.3607
1241.000000, 95.068, 7.3006
1250.000000, 95.076, 7.8492
1265.000000, 95.120, 8.8056
1280.000000, 95.203, 9.6457
1315.000000, 95.501, 11.0382
1320.000000, 95.546, 11.1924
1340.000000, 95.718, 11.7267
1360.000000, 95.860, 12.1674
1380.000000, 95.990, 12.5405
1400.000000, 96.133, 12.8672
1430.000000, 96.365, 13.2458
1450.000000, 96.521, 13.4808
1475.000000, 96.724, 13.7624
1500.000000, 96.942, 13.9818
1525.000000, 97.171, 14.1591
1550.000000, 97.391, 14.2244
1575.000000, 97.586, 14.3105
1600.000000, 97.774, 14.2856
1625.000000, 97.964, 14.2134
1650.000000, 98.159, 14.1154
1675.000000, 98.354, 13.9321
1700.000000, 98.542, 13.7755
1725.000000, 98.739, 13.5531
1750.000000, 98.951, 13.2496
1775.000000, 99.173, 12.9214
1800.000000, 99.397, 12.4988
1825.000000, 99.610, 12.0562
1850.000000, 99.816, 11.5788
1875.000000, 100.028, 11.0019
1900.000000, 100.249, 10.3581
1925.000000, 100.473, 9.6269
1950.000000, 100.689, 8.8270
1975.000000, 100.891, 7.9879
2000.000000, 101.081, 7.0695
2030.000000, 101.305, 5.8647
2060.000000, 101.528, 4.5641
2090.000000, 101.748, 3.0992
2120.000000, 101.948, 1.5856
2140.000000, 102.071, 0.5399
2180.000000, 102.313, -1.7312
2200.000000, 102.434, -2.9097
2240.000000, 102.673, -5.4072
2270.000000, 102.821, -7.3528
2300.000000, 102.913, -9.2580
2330.000000, 102.962, -11.1674
2360.000000, 102.998, -13.1274
2400.000000, 103.034, -15.7031
2430.000000, 103.055, -17.6072
2470.000000, 103.066, -20.0703
2500.000000, 103.042, -21.7979
2540.000000, 102.966, -23.9580
2580.000000, 102.852, -25.8911
2620.000000, 102.736, -27.6216
2650.000000, 102.669, -28.8144
2690.000000, 102.612, -30.2710
2720.000000, 102.577, -31.2724
2760.000000, 102.526, -32.5196
2800.000000, 102.469, -33.7108
2850.000000, 102.388, -35.1481
2900.000000, 102.298, -36.5702
2950.000000, 102.220, -38.0375
3000.000000, 102.149, -39.4125
3040.000000, 102.108, -40.4712
3070.000000, 102.077, -41.2153
3110.000000, 102.021, -42.0898
3150.000000, 101.954, -42.8839
3200.000000, 101.871, -43.7961
3250.000000, 101.813, -44.6485
3300.000000, 101.809, -45.5396
3350.000000, 101.845, -46.4430
3400.000000, 101.900, -47.3526
3450.000000, 101.964, -48.2906
3500.000000, 102.030, -49.2457
3550.000000, 102.115, -50.2904
3600.000000, 102.232, -51.4762
3650.000000, 102.380, -52.8472
3700.000000, 102.547, -54.4524
3750.000000, 102.708, -56.2777
3820.000000, 102.913, -59.2488
3870.000000, 103.041, -61.6595
3950.000000, 103.228, -66.0757
4000.000000, 103.319, -69.1687
4060.000000, 103.366, -73.1467
4120.000000, 103.343, -77.4196
4180.000000, 103.238, -81.8746
4250.000000, 103.014, -87.1774
4310.000000, 102.749, -91.6976
4370.000000, 102.390, -95.9917
4440.000000, 101.866, -100.6233
4500.000000, 101.348, -104.1763
4550.000000, 100.876, -106.7914
4620.000000, 100.189, -109.9548
4680.000000, 99.593, -112.2051
4750.000000, 98.885, -114.2819
4820.000000, 98.177, -115.8543
4870.000000, 97.676, -116.6918
4940.000000, 96.981, -117.4934
5000.000000, 96.405, -117.8948
5080.000000, 95.675, -118.0756
5150.000000, 95.069, -117.9391
5220.000000, 94.494, -117.5696
5300.000000, 93.879, -116.8992
5380.000000, 93.317, -116.0271
5450.000000, 92.857, -115.0986
5520.000000, 92.426, -114.0466
5600.000000, 91.968, -112.7266
5700.000000, 91.440, -110.8950
5800.000000, 90.976, -108.9312
5900.000000, 90.565, -106.8504
6000.000000, 90.206, -104.6584
6080.000000, 89.973, -102.8797
6150.000000, 89.795, -101.2814
6220.000000, 89.640, -99.6624
6300.000000, 89.493, -97.8028
6400.000000, 89.348, -95.4746
6500.000000, 89.263, -93.1720
6600.000000, 89.255, -90.9219
6700.000000, 89.323, -88.7286
6800.000000, 89.463, -86.6385
6900.000000, 89.680, -84.6736
7000.000000, 89.985, -82.8861
7100.000000, 90.377, -81.3419
7200.000000, 90.867, -80.1514
7300.000000, 91.463, -79.4688
7400.000000, 92.160, -79.4596
7500.000000, 92.975, -80.4218
7620.000000, 94.105, -83.4208
7750.000000, 95.390, -89.8326
7880.000000, 96.408, -100.2599
8000.000000, 96.803, -112.9465
8120.000000, 96.494, -126.7463
8250.000000, 95.412, -140.1415
8380.000000, 93.813, -149.9360
8500.000000, 92.172, -155.5773
8620.000000, 90.549, -158.5448
8750.000000, 88.900, -159.6129
8850.000000, 87.751, -159.4094
9000.000000, 86.221, -157.9881
9120.000000, 85.142, -156.2007
9250.000000, 84.104, -153.8597
9380.000000, 83.166, -151.2123
9500.000000, 82.375, -148.5819
9620.000000, 81.656, -145.8188
9750.000000, 80.967, -142.6818
9880.000000, 80.388, -139.5617
10000.000000, 79.919, -137.0322
10150.000000, 79.326, -134.1558
10300.000000, 78.713, -131.1436
10440.000000, 78.136, -128.0389
10600.000000, 77.519, -123.9992
10750.000000, 77.021, -119.7705
10900.000000, 76.617, -115.3322
11060.000000, 76.283, -110.6555
11200.000000, 76.030, -106.6664
11380.000000, 75.725, -101.4501
11500.000000, 75.552, -97.7468
11720.000000, 75.371, -90.3970
11800.000000, 75.370, -87.6829
12060.000000, 75.591, -79.5809
12200.000000, 75.782, -75.8226
12410.000000, 76.096, -70.8137
12500.000000, 76.234, -68.8184
12650.000000, 76.466, -65.5852
12800.000000, 76.715, -62.3413
13150.000000, 77.472, -54.0734
13200.000000, 77.616, -52.7764
13400.000000, 78.344, -47.3061
13600.000000, 79.435, -41.6606
13800.000000, 81.063, -36.8349
14000.000000, 83.320, -34.8219
14300.000000, 87.340, -43.8036
14500.000000, 89.314, -60.5840
14750.000000, 89.524, -87.1858
15000.000000, 87.539, -106.4077
15250.000000, 85.114, -113.3590
15500.000000, 83.469, -112.7633
15750.000000, 82.810, -109.8636
16000.000000, 82.935, -107.7746
16250.000000, 83.641, -108.9890
16500.000000, 84.504, -115.8124
16750.000000, 84.836, -128.4799
17000.000000, 84.035, -143.0235
17250.000000, 82.151, -153.7402
17500.000000, 79.832, -157.6628
17750.000000, 77.752, -155.6227
18000.000000, 76.249, -150.5850
18250.000000, 75.275, -145.6044
18500.000000, 74.544, -141.8253
18750.000000, 73.830, -138.5150
19000.000000, 73.102, -134.6137
19250.000000, 72.420, -129.4932
19500.000000, 71.851, -123.4100
19750.000000, 71.483, -116.4947
20000.000000, 71.323, -109.4068
20300.000000, 71.513, -101.4261
20600.000000, 72.179, -95.0943
20900.000000, 72.906, -91.6857
21200.000000, 72.698, -93.9024
21400.000000, 71.519, -96.3837
21800.000000, 66.776, -87.7256
22000.000000, 63.544, -150.9249
22400.000000, 56.982, -101.3180
22700.000000, 52.774, -110.2537
23000.000000, 50.536, -92.9861
23300.000000, 55.823, -82.5700
23600.000000, 62.990, -102.8352
24000.000000, 68.422, -91.5602
