* Measurement data measured by REW V5.31.3
* Source: E2x2, MICROPHONE (Analogue 1), 1, volume: 1.000. Timing signal peak level -38.4 dBFS, measurement signal peak level -29.0 dBFS
* Format: 512k Log Swept Sine, 1 sweep at -34.8 dBFS using an acoustic timing reference
* Dated: Apr 19, 2025 4:30:07 PM
* REW Settings:
*  C-weighting compensation: Off
*  Target level: 75.0 dB
* Note: ; Fosi DS1 + E2x2 MacBook Delay 0.0135 ms (4.6 mm, 0.18 in) using estimated IR delay relative to Acoustic reference played from SPEAKER L with no timing offset Clock adjustment: -28.5 ppm
* Measurement: L
* Smoothing: 1/24 octave
* Frequency Step: 1/48 octave
* Start Frequency: 1.000 Hz
*
* Freq(Hz), SPL(dB), Phase(degrees)
1.000000, 63.229, -155.7603
1.015000, 63.319, -157.5309
1.030000, 63.416, -159.0160
1.044000, 63.513, -160.2047
1.060000, 63.630, -161.3846
1.075000, 63.745, -162.3581
1.090000, 63.865, -163.2324
1.106000, 64.002, -164.0690
1.120000, 64.139, -164.7123
1.138000, 64.344, -165.4151
1.150000, 64.498, -165.8110
1.172000, 64.812, -166.4909
1.180000, 64.936, -166.7908
1.206000, 65.367, -167.6271
1.220000, 65.616, -168.0022
1.241000, 66.006, -168.4787
1.250000, 66.178, -168.6541
1.265000, 66.471, -168.9117
1.280000, 66.769, -169.1298
1.315000, 67.474, -169.5056
1.320000, 67.574, -169.5460
1.340000, 67.974, -169.6787
1.360000, 68.367, -169.7663
1.380000, 68.747, -169.9469
1.400000, 69.111, -170.1467
1.430000, 69.615, -170.4005
1.450000, 69.918, -170.5459
1.475000, 70.260, -170.7036
1.500000, 70.574, -170.8288
1.525000, 70.869, -170.9176
1.550000, 71.147, -170.9707
1.575000, 71.410, -171.0616
1.600000, 71.659, -171.2500
1.625000, 71.897, -171.4085
1.650000, 72.126, -171.5401
1.675000, 72.346, -171.6476
1.700000, 72.560, -171.7339
1.725000, 72.769, -171.8019
1.750000, 72.975, -171.8538
1.775000, 73.180, -171.9455
1.800000, 73.386, -172.1306
1.825000, 73.592, -172.3051
1.850000, 73.799, -172.4742
1.875000, 74.001, -172.6375
1.900000, 74.198, -172.7927
1.925000, 74.390, -172.9372
1.950000, 74.578, -173.0678
1.975000, 74.761, -173.2341
2.000000, 74.941, -173.4836
2.030000, 75.153, -173.7567
2.060000, 75.360, -174.0063
2.090000, 75.564, -174.2320
2.120000, 75.765, -174.4341
2.140000, 75.897, -174.5559
2.180000, 76.160, -174.8221
2.200000, 76.291, -174.9913
2.240000, 76.547, -175.3128
2.270000, 76.735, -175.5423
2.300000, 76.919, -175.7600
2.330000, 77.099, -175.9639
2.360000, 77.277, -176.1532
2.400000, 77.509, -176.4976
2.430000, 77.681, -176.7507
2.470000, 77.908, -177.0565
2.500000, 78.076, -177.2610
2.540000, 78.300, -177.4992
2.580000, 78.522, -177.7405
2.620000, 78.740, -178.0343
2.650000, 78.902, -178.2365
2.690000, 79.114, -178.4851
2.720000, 79.272, -178.6559
2.760000, 79.480, -178.8593
2.800000, 79.686, -179.1275
2.850000, 79.944, -179.4416
2.900000, 80.201, -179.7150
2.950000, 80.459, -179.9433
3.000000, 80.715, 179.8066
3.040000, 80.918, 179.6111
3.070000, 81.071, 179.4788
3.110000, 81.273, 179.3172
3.150000, 81.476, 179.1686
3.200000, 81.730, 178.9379
3.250000, 81.986, 178.6895
3.300000, 82.245, 178.4529
3.350000, 82.506, 178.2492
3.400000, 82.769, 178.0246
3.450000, 83.033, 177.7987
3.500000, 83.298, 177.5796
3.550000, 83.565, 177.3540
3.600000, 83.833, 177.0630
3.650000, 84.103, 176.7286
3.700000, 84.374, 176.3868
3.750000, 84.648, 176.0588
3.820000, 85.034, 175.5508
3.870000, 85.310, 175.1638
3.950000, 85.752, 174.4892
4.000000, 86.026, 173.9842
4.060000, 86.353, 173.3167
4.120000, 86.681, 172.6339
4.180000, 87.008, 171.9307
4.250000, 87.386, 171.0321
4.310000, 87.705, 170.2240
4.370000, 88.019, 169.3623
4.440000, 88.378, 168.2542
4.500000, 88.680, 167.2719
4.550000, 88.928, 166.4398
4.620000, 89.269, 165.2185
4.680000, 89.553, 164.1434
4.750000, 89.874, 162.8601
4.820000, 90.185, 161.5029
4.870000, 90.400, 160.5048
4.940000, 90.693, 159.0929
5.000000, 90.935, 157.8617
5.080000, 91.244, 156.2131
5.150000, 91.501, 154.7736
5.220000, 91.745, 153.2896
5.300000, 92.010, 151.5703
5.380000, 92.259, 149.8689
5.450000, 92.465, 148.3972
5.520000, 92.659, 146.9646
5.600000, 92.866, 145.3260
5.700000, 93.104, 143.2831
5.800000, 93.322, 141.3279
5.900000, 93.521, 139.4820
6.000000, 93.700, 137.7122
6.080000, 93.831, 136.3419
6.150000, 93.939, 135.2133
6.220000, 94.043, 134.1467
6.300000, 94.156, 133.0148
6.400000, 94.287, 131.7018
6.500000, 94.413, 130.4922
6.600000, 94.542, 129.4126
6.700000, 94.672, 128.4600
6.800000, 94.805, 127.6206
6.900000, 94.946, 126.8523
7.000000, 95.098, 126.1540
7.100000, 95.261, 125.5257
7.200000, 95.435, 124.9438
7.300000, 95.620, 124.3528
7.400000, 95.817, 123.7492
7.500000, 96.025, 123.1346
7.620000, 96.283, 122.3538
7.750000, 96.569, 121.4045
7.880000, 96.859, 120.3533
8.000000, 97.126, 119.3071
8.120000, 97.384, 118.1698
8.250000, 97.654, 116.8470
8.380000, 97.911, 115.4689
8.500000, 98.133, 114.1552
8.620000, 98.340, 112.8076
8.750000, 98.548, 111.3466
8.850000, 98.697, 110.2359
9.000000, 98.901, 108.5929
9.120000, 99.052, 107.3163
9.250000, 99.204, 105.9907
9.380000, 99.346, 104.7205
9.500000, 99.471, 103.5956
9.620000, 99.592, 102.5262
9.750000, 99.718, 101.4194
9.880000, 99.834, 100.3544
10.000000, 99.931, 99.4097
10.150000, 100.040, 98.2429
10.300000, 100.140, 97.1094
10.440000, 100.228, 96.0750
10.600000, 100.324, 94.9177
10.750000, 100.411, 93.8511
10.900000, 100.495, 92.8061
11.060000, 100.579, 91.7069
11.200000, 100.647, 90.7496
11.380000, 100.727, 89.5713
11.500000, 100.777, 88.8221
11.720000, 100.867, 87.5215
11.800000, 100.900, 87.0722
12.060000, 101.013, 85.6680
12.200000, 101.079, 84.9188
12.410000, 101.183, 83.8145
12.500000, 101.228, 83.3403
12.650000, 101.303, 82.5449
12.800000, 101.377, 81.7390
13.150000, 101.535, 79.7851
13.200000, 101.555, 79.4988
13.400000, 101.630, 78.3561
13.600000, 101.695, 77.2416
13.800000, 101.749, 76.1771
14.000000, 101.795, 75.1823
14.300000, 101.855, 73.8083
14.500000, 101.895, 72.9897
14.750000, 101.953, 72.0477
15.000000, 102.023, 71.1549
15.250000, 102.106, 70.2392
15.500000, 102.194, 69.2949
15.750000, 102.281, 68.3142
16.000000, 102.360, 67.3079
16.250000, 102.429, 66.2837
16.500000, 102.488, 65.2913
16.750000, 102.541, 64.3558
17.000000, 102.593, 63.4830
17.250000, 102.650, 62.6496
17.500000, 102.712, 61.8469
17.750000, 102.779, 61.0460
18.000000, 102.850, 60.2200
18.250000, 102.921, 59.3417
18.500000, 102.986, 58.4234
18.750000, 103.043, 57.4825
19.000000, 103.090, 56.5437
19.250000, 103.128, 55.6240
19.500000, 103.159, 54.7601
19.750000, 103.186, 53.9654
20.000000, 103.214, 53.2390
20.299999, 103.255, 52.4209
20.600000, 103.308, 51.6341
20.900000, 103.371, 50.8307
21.200001, 103.440, 49.9658
21.400000, 103.486, 49.3484
21.799999, 103.568, 48.0301
22.000000, 103.602, 47.3416
22.400000, 103.650, 45.9427
22.700001, 103.669, 44.9294
23.000000, 103.674, 43.9875
23.299999, 103.671, 43.1433
23.600000, 103.663, 42.4247
24.000000, 103.662, 41.6637
24.299999, 103.678, 41.2008
24.700001, 103.726, 40.6397
25.000000, 103.781, 40.1866
25.400000, 103.868, 39.4514
25.799999, 103.952, 38.5630
26.200001, 104.018, 37.5770
26.500000, 104.052, 36.8271
26.900000, 104.084, 35.8720
27.200001, 104.102, 35.1987
27.600000, 104.121, 34.3538
28.000000, 104.135, 33.5638
28.500000, 104.146, 32.6634
29.000000, 104.161, 31.8901
29.500000, 104.195, 31.1846
30.000000, 104.249, 30.4166
30.400000, 104.294, 29.6872
30.700001, 104.321, 29.0840
31.100000, 104.342, 28.2569
31.500000, 104.349, 27.4684
32.000000, 104.350, 26.5986
32.500000, 104.358, 25.8187
33.000000, 104.373, 25.0522
33.500000, 104.389, 24.2571
34.000000, 104.397, 23.4597
34.500000, 104.399, 22.6979
35.000000, 104.397, 21.9996
35.500000, 104.397, 21.3593
36.000000, 104.404, 20.7465
36.500000, 104.416, 20.1141
37.000000, 104.426, 19.4570
37.500000, 104.433, 18.8157
38.200001, 104.453, 17.9821
38.700001, 104.484, 17.3329
39.500000, 104.524, 16.0939
40.000000, 104.529, 15.3671
40.599998, 104.549, 14.6571
41.200001, 104.611, 13.8301
41.799999, 104.657, 12.6067
42.500000, 104.593, 11.1575
43.099998, 104.483, 10.5901
43.700001, 104.438, 10.5818
44.400002, 104.488, 10.3872
45.000000, 104.525, 9.7683
45.500000, 104.515, 9.1780
46.200001, 104.479, 8.5565
46.799999, 104.461, 8.1259
47.500000, 104.452, 7.5436
48.200001, 104.440, 6.8803
48.700001, 104.429, 6.3839
49.400002, 104.410, 5.6740
50.000000, 104.388, 5.0917
50.799999, 104.360, 4.4030
51.500000, 104.342, 3.8773
52.200001, 104.330, 3.4196
53.000000, 104.330, 2.9244
53.799999, 104.334, 2.3525
54.500000, 104.323, 1.8123
55.200001, 104.304, 1.3118
56.000000, 104.286, 0.7463
57.000000, 104.261, -0.0918
58.000000, 104.216, -0.9792
59.000000, 104.171, -1.7908
60.000000, 104.134, -2.5745
60.799999, 104.105, -3.1698
61.500000, 104.080, -3.6214
62.200001, 104.060, -4.0154
63.000000, 104.043, -4.4524
64.000000, 104.018, -4.9991
65.000000, 103.990, -5.5329
66.000000, 103.960, -6.1417
67.000000, 103.918, -6.7916
68.000000, 103.873, -7.3770
69.000000, 103.850, -7.8991
70.000000, 103.853, -8.5180
71.000000, 103.849, -9.2944
72.000000, 103.814, -10.0179
73.000000, 103.762, -10.5385
74.000000, 103.707, -10.8590
75.000000, 103.670, -11.0529
76.199997, 103.652, -11.4631
77.500000, 103.610, -12.2677
78.800003, 103.520, -13.1038
80.000000, 103.441, -13.6277
81.199997, 103.385, -14.2203
82.500000, 103.315, -14.6906
83.800003, 103.288, -15.0498
85.000000, 103.278, -15.4773
86.199997, 103.274, -16.0654
87.500000, 103.227, -16.7812
88.500000, 103.177, -17.0995
90.000000, 103.128, -17.4803
91.199997, 103.077, -17.8896
92.500000, 102.997, -18.3181
93.800003, 102.906, -18.7827
95.000000, 102.834, -19.3053
96.199997, 102.755, -20.2186
97.500000, 102.611, -21.0538
98.800003, 102.520, -21.1415
100.000000, 102.543, -21.2000
101.500000, 102.590, -21.6664
103.000000, 102.597, -22.1036
104.400002, 102.564, -22.4999
106.000000, 102.494, -22.8130
107.500000, 102.431, -23.2383
109.000000, 102.343, -23.7137
110.599998, 102.266, -24.0060
112.000000, 102.208, -24.4099
113.800003, 102.095, -24.7659
115.000000, 102.040, -24.8768
117.199997, 101.975, -25.4019
118.000000, 101.953, -25.7106
120.599998, 101.850, -26.6658
122.000000, 101.780, -26.9233
124.099998, 101.713, -27.1934
125.000000, 101.677, -27.3475
126.500000, 101.616, -27.6044
128.000000, 101.538, -27.8692
131.500000, 101.382, -28.6276
132.000000, 101.353, -28.7623
134.000000, 101.253, -29.3802
136.000000, 101.124, -29.7983
138.000000, 101.109, -29.6594
140.000000, 101.098, -30.1083
143.000000, 101.036, -30.4429
145.000000, 100.981, -30.9608
147.500000, 100.874, -31.6561
150.000000, 100.754, -31.6400
152.500000, 100.686, -31.3687
155.000000, 100.608, -31.4825
157.500000, 100.528, -31.8674
160.000000, 100.460, -32.4758
162.500000, 100.374, -32.8831
165.000000, 100.293, -33.0369
167.500000, 100.190, -33.1550
170.000000, 100.067, -33.0586
172.500000, 99.951, -33.1410
175.000000, 99.848, -33.5135
177.500000, 99.788, -33.9582
180.000000, 99.734, -34.3063
182.500000, 99.643, -34.4589
185.000000, 99.541, -34.5472
187.500000, 99.466, -34.5684
190.000000, 99.406, -34.4681
192.500000, 99.321, -34.4445
195.000000, 99.240, -34.7615
197.500000, 99.171, -35.3472
200.000000, 99.067, -35.6802
203.000000, 98.919, -35.5936
206.000000, 98.826, -35.6967
209.000000, 98.804, -35.8107
212.000000, 98.735, -35.8049
214.000000, 98.663, -35.6175
218.000000, 98.542, -35.4651
220.000000, 98.502, -35.5042
224.000000, 98.406, -35.7731
227.000000, 98.324, -35.9512
230.000000, 98.237, -36.0496
233.000000, 98.150, -36.1073
236.000000, 98.077, -36.1298
240.000000, 97.993, -35.9523
243.000000, 97.922, -35.7643
247.000000, 97.815, -35.9065
250.000000, 97.732, -36.0426
254.000000, 97.625, -35.9347
258.000000, 97.539, -36.0663
262.000000, 97.441, -35.7399
265.000000, 97.385, -35.8712
269.000000, 97.246, -35.5890
272.000000, 97.244, -35.0972
276.000000, 97.248, -35.5336
280.000000, 97.082, -36.2750
285.000000, 96.831, -36.0975
290.000000, 96.709, -35.2511
295.000000, 96.684, -34.6644
300.000000, 96.608, -34.4554
304.000000, 96.528, -34.6685
307.000000, 96.487, -35.0666
311.000000, 96.518, -35.4008
315.000000, 96.505, -34.5271
320.000000, 96.302, -34.3228
325.000000, 96.280, -34.6495
330.000000, 96.216, -33.8622
335.000000, 96.082, -33.7451
340.000000, 95.982, -33.7476
345.000000, 95.916, -33.8471
350.000000, 95.861, -33.7295
355.000000, 95.790, -33.3707
360.000000, 95.693, -32.9410
365.000000, 95.585, -32.7271
370.000000, 95.488, -32.6783
375.000000, 95.430, -32.6149
382.000000, 95.369, -32.2337
387.000000, 95.322, -32.0479
395.000000, 95.215, -31.7637
400.000000, 95.124, -31.4348
406.000000, 95.018, -31.0642
412.000000, 94.927, -30.6191
418.000000, 94.825, -30.2356
425.000000, 94.716, -29.9266
431.000000, 94.639, -29.6029
437.000000, 94.571, -29.2736
444.000000, 94.505, -28.8853
450.000000, 94.439, -28.5319
455.000000, 94.383, -28.2337
462.000000, 94.320, -27.8923
468.000000, 94.267, -27.6025
475.000000, 94.193, -27.2208
482.000000, 94.121, -26.7462
487.000000, 94.070, -26.4187
494.000000, 94.003, -26.0037
500.000000, 93.948, -25.5889
508.000000, 93.880, -25.0131
515.000000, 93.832, -24.5318
522.000000, 93.790, -24.1664
530.000000, 93.727, -23.7273
538.000000, 93.673, -23.2432
545.000000, 93.638, -22.7567
552.000000, 93.583, -22.1381
560.000000, 93.500, -21.4214
570.000000, 93.426, -20.5836
580.000000, 93.349, -19.8069
590.000000, 93.333, -19.3066
600.000000, 93.310, -18.8154
608.000000, 93.270, -18.5446
615.000000, 93.249, -18.2349
622.000000, 93.221, -17.8164
630.000000, 93.180, -17.2495
640.000000, 93.132, -16.5669
650.000000, 93.080, -15.8910
660.000000, 93.043, -15.2100
670.000000, 93.018, -14.5159
680.000000, 93.003, -13.8427
690.000000, 92.994, -13.1365
700.000000, 92.984, -12.4473
710.000000, 92.975, -11.8254
720.000000, 92.957, -11.1929
730.000000, 92.939, -10.5207
740.000000, 92.933, -9.8544
750.000000, 92.923, -9.1674
762.000000, 92.919, -8.2784
775.000000, 92.932, -7.4078
788.000000, 92.958, -6.6169
800.000000, 93.001, -5.8798
812.000000, 93.046, -5.1893
825.000000, 93.082, -4.4605
838.000000, 93.096, -3.6188
850.000000, 93.101, -2.8821
862.000000, 93.124, -2.2407
875.000000, 93.176, -1.5276
885.000000, 93.224, -0.9568
900.000000, 93.306, -0.2372
912.000000, 93.384, 0.3004
925.000000, 93.484, 0.8484
938.000000, 93.591, 1.2458
950.000000, 93.696, 1.4994
962.000000, 93.805, 1.6040
975.000000, 93.907, 1.2576
988.000000, 93.949, 0.2941
1000.000000, 93.849, -0.9108
1015.000000, 93.510, -1.2172
1030.000000, 93.250, 0.9412
1044.000000, 93.265, 3.2065
1060.000000, 93.416, 4.5323
1075.000000, 93.527, 4.8848
1090.000000, 93.542, 5.0898
1106.000000, 93.526, 6.0785
1120.000000, 93.596, 7.4984
1138.000000, 93.789, 8.9621
1150.000000, 93.926, 9.5720
1172.000000, 94.143, 10.3276
1180.000000, 94.208, 10.5551
1206.000000, 94.407, 11.2186
1220.000000, 94.521, 11.5023
1241.000000, 94.698, 11.9325
1250.000000, 94.775, 12.1024
1265.000000, 94.903, 12.3456
1280.000000, 95.020, 12.5718
1315.000000, 95.245, 13.2591
1320.000000, 95.277, 13.3403
1340.000000, 95.407, 13.6638
1360.000000, 95.529, 13.9846
1380.000000, 95.666, 14.2214
1400.000000, 95.817, 14.5125
1430.000000, 96.043, 14.9374
1450.000000, 96.197, 15.1748
1475.000000, 96.386, 15.4716
1500.000000, 96.574, 15.7278
1525.000000, 96.753, 15.9989
1550.000000, 96.930, 16.2234
1575.000000, 97.118, 16.4139
1600.000000, 97.318, 16.5552
1625.000000, 97.533, 16.6387
1650.000000, 97.760, 16.6577
1675.000000, 97.983, 16.6510
1700.000000, 98.200, 16.6077
1725.000000, 98.413, 16.5021
1750.000000, 98.623, 16.3862
1775.000000, 98.840, 16.1991
1800.000000, 99.066, 15.9270
1825.000000, 99.294, 15.6276
1850.000000, 99.521, 15.2418
1875.000000, 99.740, 14.8071
1900.000000, 99.954, 14.3291
1925.000000, 100.173, 13.7435
1950.000000, 100.397, 13.0795
1975.000000, 100.621, 12.3638
2000.000000, 100.847, 11.5498
2030.000000, 101.120, 10.4770
2060.000000, 101.396, 9.2999
2090.000000, 101.671, 7.9736
2120.000000, 101.932, 6.5679
2140.000000, 102.097, 5.5776
2180.000000, 102.403, 3.4335
2200.000000, 102.540, 2.3153
2240.000000, 102.784, -0.0262
2270.000000, 102.944, -1.8630
2300.000000, 103.086, -3.7213
2330.000000, 103.216, -5.6429
2360.000000, 103.337, -7.6113
2400.000000, 103.480, -10.2979
2430.000000, 103.575, -12.3893
2470.000000, 103.674, -15.2212
2500.000000, 103.720, -17.3535
2540.000000, 103.734, -20.1223
2580.000000, 103.705, -22.7584
2620.000000, 103.659, -25.2777
2650.000000, 103.611, -27.0491
2690.000000, 103.522, -29.2226
2720.000000, 103.437, -30.7287
2760.000000, 103.303, -32.5757
2800.000000, 103.156, -34.2435
2850.000000, 102.985, -36.1390
2900.000000, 102.840, -37.8107
2950.000000, 102.719, -39.2759
3000.000000, 102.612, -40.5496
3040.000000, 102.535, -41.4449
3070.000000, 102.486, -42.0752
3110.000000, 102.436, -42.8765
3150.000000, 102.398, -43.6666
3200.000000, 102.361, -44.6683
3250.000000, 102.331, -45.6895
3300.000000, 102.310, -46.7284
3350.000000, 102.303, -47.7540
3400.000000, 102.330, -48.8362
3450.000000, 102.382, -49.9254
3500.000000, 102.462, -51.0806
3550.000000, 102.560, -52.3394
3600.000000, 102.655, -53.6774
3650.000000, 102.754, -55.1598
3700.000000, 102.869, -56.8380
3750.000000, 102.989, -58.6996
3820.000000, 103.179, -61.7470
3870.000000, 103.314, -64.2573
3950.000000, 103.496, -68.8533
4000.000000, 103.582, -72.1005
4060.000000, 103.626, -76.2937
4120.000000, 103.592, -80.7628
4180.000000, 103.471, -85.4011
4250.000000, 103.207, -90.8593
4310.000000, 102.877, -95.4495
4370.000000, 102.454, -99.7974
4440.000000, 101.873, -104.4550
4500.000000, 101.321, -108.0028
4550.000000, 100.828, -110.5961
4620.000000, 100.099, -113.6863
4680.000000, 99.456, -115.8319
4750.000000, 98.709, -117.8040
4820.000000, 97.979, -119.2562
4870.000000, 97.462, -119.9896
4940.000000, 96.752, -120.6576
5000.000000, 96.168, -120.9639
5080.000000, 95.425, -121.0142
5150.000000, 94.808, -120.7624
5220.000000, 94.228, -120.3145
5300.000000, 93.604, -119.5559
5380.000000, 93.021, -118.5887
5450.000000, 92.543, -117.5955
5520.000000, 92.094, -116.4700
5600.000000, 91.625, -115.0692
5700.000000, 91.104, -113.1716
5800.000000, 90.638, -111.1340
5900.000000, 90.217, -108.9673
6000.000000, 89.843, -106.6982
6080.000000, 89.584, -104.8300
6150.000000, 89.391, -103.1666
6220.000000, 89.231, -101.4949
6300.000000, 89.077, -99.5648
6400.000000, 88.929, -97.1462
6500.000000, 88.840, -94.7673
6600.000000, 88.810, -92.4208
6700.000000, 88.857, -90.1466
6800.000000, 88.983, -87.9949
6900.000000, 89.194, -85.9724
7000.000000, 89.508, -84.1576
7100.000000, 89.905, -82.5961
7200.000000, 90.387, -81.3831
7300.000000, 90.973, -80.6917
7400.000000, 91.649, -80.6765
7500.000000, 92.427, -81.5842
7620.000000, 93.523, -84.4700
7750.000000, 94.797, -90.7099
7880.000000, 95.840, -101.0349
8000.000000, 96.275, -113.8056
8120.000000, 95.971, -127.8063
8250.000000, 94.839, -141.4524
8380.000000, 93.156, -151.4073
8500.000000, 91.428, -157.0349
8620.000000, 89.735, -159.8763
8750.000000, 88.040, -160.7349
8850.000000, 86.851, -160.2984
9000.000000, 85.248, -158.3682
9120.000000, 84.123, -156.0937
9250.000000, 83.051, -153.2759
9380.000000, 82.090, -150.3180
9500.000000, 81.279, -147.4957
9620.000000, 80.530, -144.5124
9750.000000, 79.792, -141.2163
9880.000000, 79.100, -137.9440
10000.000000, 78.493, -134.5293
10150.000000, 77.842, -130.0150
10300.000000, 77.290, -125.5599
10440.000000, 76.835, -121.4321
10600.000000, 76.359, -116.7457
10750.000000, 75.938, -112.3931
10900.000000, 75.535, -107.9464
11060.000000, 75.134, -102.8867
11200.000000, 74.839, -98.0636
11380.000000, 74.599, -91.4380
11500.000000, 74.540, -86.9767
11720.000000, 74.593, -79.1019
11800.000000, 74.647, -76.3694
12060.000000, 74.921, -67.9059
12200.000000, 75.129, -63.6100
12410.000000, 75.504, -57.4843
12500.000000, 75.685, -54.9425
12650.000000, 76.018, -50.7738
12800.000000, 76.403, -46.6672
13150.000000, 77.570, -37.1162
13200.000000, 77.779, -35.7435
13400.000000, 78.763, -30.2736
13600.000000, 80.049, -25.0271
13800.000000, 81.761, -20.5468
14000.000000, 84.013, -18.0408
14300.000000, 88.329, -23.4436
14500.000000, 91.048, -37.5962
14750.000000, 92.531, -65.6852
15000.000000, 91.243, -91.6904
15250.000000, 88.691, -104.9521
15500.000000, 86.615, -107.7900
15750.000000, 85.601, -106.2893
16000.000000, 85.516, -104.3959
16250.000000, 86.196, -104.9126
16500.000000, 87.350, -110.8208
16750.000000, 88.271, -124.0077
17000.000000, 88.081, -142.1686
17250.000000, 86.470, -158.9735
17500.000000, 83.951, -169.3813
17750.000000, 81.281, -172.7959
18000.000000, 78.938, -171.2617
18250.000000, 77.051, -167.0386
18500.000000, 75.565, -161.4860
18750.000000, 74.408, -155.4154
19000.000000, 73.504, -149.4142
19250.000000, 72.766, -143.6227
19500.000000, 72.096, -138.1982
19750.000000, 71.452, -132.4552
20000.000000, 70.825, -125.8572
20300.000000, 70.381, -116.5308
20600.000000, 70.586, -106.9579
20900.000000, 71.126, -99.7133
21200.000000, 70.929, -98.6086
21400.000000, 69.803, -99.4341
21800.000000, 65.118, -88.8940
22000.000000, 61.851, -151.6477
22400.000000, 55.162, -101.9670
22700.000000, 51.166, -114.2938
23000.000000, 50.515, -105.2090
23300.000000, 57.173, -78.1052
23600.000000, 64.436, -64.1939
24000.000000, 69.872, -31.1923
