* Measurement data measured by REW V5.31.3
* Source: E2x2, MICROPHONE (Analogue 1), 1, volume: 1.000. Timing signal peak level -36.9 dBFS, measurement signal peak level -34.8 dBFS
* Format: 512k Log Swept Sine, 1 sweep at -45.1 dBFS using an acoustic timing reference
* Dated: May 4, 2025 10:52:57 AM
* REW Settings:
*  C-weighting compensation: Off
*  Target level: 75.0 dB
* Note: ; Fosi DS1 4.4mm + E2x2 MacBook Delay -0.0264 ms (-9.1 mm, -0.36 in) using estimated IR delay relative to Acoustic reference played from SPEAKER R with no timing offset Clock adjustment: -28.2 ppm
* Measurement: OFF R
* Smoothing: 1/24 octave
* Frequency Step: 1/48 octave
* Start Frequency: 1.000 Hz
*
* Freq(Hz), SPL(dB), Phase(degrees)
1.000000, 70.238, 173.5435
1.015000, 70.398, 172.8566
1.030000, 70.558, 172.1887
1.044000, 70.706, 171.5754
1.060000, 70.873, 170.8792
1.075000, 71.027, 170.2246
1.090000, 71.177, 169.5646
1.106000, 71.336, 168.8621
1.120000, 71.477, 168.2695
1.138000, 71.662, 167.5574
1.150000, 71.788, 167.1172
1.172000, 72.024, 166.2947
1.180000, 72.112, 165.9268
1.206000, 72.400, 164.8256
1.220000, 72.558, 164.2859
1.241000, 72.798, 163.5418
1.250000, 72.901, 163.2456
1.265000, 73.074, 162.7802
1.280000, 73.248, 162.3476
1.315000, 73.654, 161.4509
1.320000, 73.711, 161.3341
1.340000, 73.942, 160.8915
1.360000, 74.171, 160.4873
1.380000, 74.397, 159.9833
1.400000, 74.620, 159.4528
1.430000, 74.946, 158.6883
1.450000, 75.158, 158.1920
1.475000, 75.415, 157.5876
1.500000, 75.667, 157.0202
1.525000, 75.916, 156.5016
1.550000, 76.162, 156.0334
1.575000, 76.405, 155.5420
1.600000, 76.644, 154.9669
1.625000, 76.881, 154.4344
1.650000, 77.116, 153.9397
1.675000, 77.347, 153.4781
1.700000, 77.576, 153.0446
1.725000, 77.802, 152.6344
1.750000, 78.025, 152.2430
1.775000, 78.246, 151.8124
1.800000, 78.465, 151.2873
1.825000, 78.681, 150.7705
1.850000, 78.895, 150.2604
1.875000, 79.106, 149.7637
1.900000, 79.314, 149.2850
1.925000, 79.520, 148.8268
1.950000, 79.723, 148.3916
1.975000, 79.923, 147.9288
2.000000, 80.121, 147.3895
2.030000, 80.355, 146.7751
2.060000, 80.585, 146.1888
2.090000, 80.813, 145.6276
2.120000, 81.037, 145.0882
2.140000, 81.184, 144.7389
2.180000, 81.475, 144.0077
2.200000, 81.619, 143.6004
2.240000, 81.901, 142.7972
2.270000, 82.109, 142.2072
2.300000, 82.313, 141.6313
2.330000, 82.513, 141.0724
2.360000, 82.711, 140.5312
2.400000, 82.969, 139.7210
2.430000, 83.160, 139.1197
2.470000, 83.409, 138.3481
2.500000, 83.594, 137.7906
2.540000, 83.836, 137.0729
2.580000, 84.073, 136.3367
2.620000, 84.306, 135.5297
2.650000, 84.477, 134.9337
2.690000, 84.700, 134.1536
2.720000, 84.865, 133.5822
2.760000, 85.080, 132.8453
2.800000, 85.291, 132.0464
2.850000, 85.549, 131.0739
2.900000, 85.801, 130.1462
2.950000, 86.046, 129.2543
3.000000, 86.285, 128.3084
3.040000, 86.471, 127.5363
3.070000, 86.607, 126.9664
3.110000, 86.786, 126.2219
3.150000, 86.961, 125.4982
3.200000, 87.174, 124.5691
3.250000, 87.383, 123.6525
3.300000, 87.587, 122.7734
3.350000, 87.785, 121.9191
3.400000, 87.979, 121.0204
3.450000, 88.166, 120.1152
3.500000, 88.349, 119.2345
3.550000, 88.528, 118.3849
3.600000, 88.702, 117.5234
3.650000, 88.873, 116.6776
3.700000, 89.039, 115.8591
3.750000, 89.201, 115.0564
3.820000, 89.421, 113.8969
3.870000, 89.574, 113.0792
3.950000, 89.811, 111.8244
4.000000, 89.955, 111.0435
4.060000, 90.125, 110.1226
4.120000, 90.290, 109.2264
4.180000, 90.450, 108.3405
4.250000, 90.632, 107.2876
4.310000, 90.784, 106.4185
4.370000, 90.933, 105.5769
4.440000, 91.102, 104.5877
4.500000, 91.243, 103.7610
4.550000, 91.358, 103.0874
4.620000, 91.516, 102.1316
4.680000, 91.648, 101.3289
4.750000, 91.799, 100.4245
4.820000, 91.947, 99.5166
4.870000, 92.050, 98.8758
4.940000, 92.191, 97.9991
5.000000, 92.310, 97.2475
5.080000, 92.465, 96.2579
5.150000, 92.597, 95.4193
5.220000, 92.725, 94.5760
5.300000, 92.869, 93.6254
5.380000, 93.008, 92.6964
5.450000, 93.127, 91.8813
5.520000, 93.244, 91.0887
5.600000, 93.373, 90.1900
5.700000, 93.531, 89.0724
5.800000, 93.683, 87.9818
5.900000, 93.830, 86.9066
6.000000, 93.971, 85.8527
6.080000, 94.081, 85.0133
6.150000, 94.175, 84.2988
6.220000, 94.266, 83.5856
6.300000, 94.368, 82.7862
6.400000, 94.492, 81.8038
6.500000, 94.611, 80.8330
6.600000, 94.727, 79.8881
6.700000, 94.839, 78.9565
6.800000, 94.948, 78.0452
6.900000, 95.053, 77.1461
7.000000, 95.156, 76.2698
7.100000, 95.256, 75.4053
7.200000, 95.353, 74.5593
7.300000, 95.448, 73.7244
7.400000, 95.540, 72.9075
7.500000, 95.631, 72.0992
7.620000, 95.736, 71.1487
7.750000, 95.847, 70.1409
7.880000, 95.954, 69.1448
8.000000, 96.050, 68.2460
8.120000, 96.143, 67.3600
8.250000, 96.240, 66.4149
8.380000, 96.334, 65.4885
8.500000, 96.418, 64.6455
8.620000, 96.500, 63.8167
8.750000, 96.585, 62.9341
8.850000, 96.648, 62.2647
9.000000, 96.740, 61.2814
9.120000, 96.811, 60.5081
9.250000, 96.886, 59.6854
9.380000, 96.959, 58.8799
9.500000, 97.024, 58.1460
9.620000, 97.088, 57.4265
9.750000, 97.154, 56.6601
9.880000, 97.211, 55.9051
10.000000, 97.253, 55.2234
10.150000, 97.292, 54.3617
10.300000, 97.322, 53.5235
10.440000, 97.344, 52.7613
10.600000, 97.367, 51.9135
10.750000, 97.389, 51.1406
10.900000, 97.411, 50.3879
11.060000, 97.434, 49.5900
11.200000, 97.453, 48.8849
11.380000, 97.475, 48.0021
11.500000, 97.489, 47.4279
11.720000, 97.515, 46.4035
11.800000, 97.525, 46.0398
12.060000, 97.559, 44.8750
12.200000, 97.579, 44.2429
12.410000, 97.609, 43.3178
12.500000, 97.621, 42.9295
12.650000, 97.641, 42.2930
12.800000, 97.660, 41.6696
13.150000, 97.701, 40.2393
13.200000, 97.707, 40.0356
13.400000, 97.730, 39.2348
13.600000, 97.754, 38.4550
13.800000, 97.779, 37.6956
14.000000, 97.802, 36.9528
14.300000, 97.835, 35.8369
14.500000, 97.856, 35.1120
14.750000, 97.880, 34.2283
15.000000, 97.905, 33.3678
15.250000, 97.932, 32.5064
15.500000, 97.959, 31.6692
15.750000, 97.985, 30.8573
16.000000, 98.009, 30.0695
16.250000, 98.033, 29.2832
16.500000, 98.055, 28.5169
16.750000, 98.077, 27.7691
17.000000, 98.100, 27.0364
17.250000, 98.123, 26.3040
17.500000, 98.144, 25.5860
17.750000, 98.164, 24.8851
18.000000, 98.183, 24.2003
18.250000, 98.200, 23.5208
18.500000, 98.217, 22.8575
18.750000, 98.233, 22.2112
19.000000, 98.250, 21.5798
19.250000, 98.267, 20.9482
19.500000, 98.284, 20.3281
19.750000, 98.301, 19.7188
20.000000, 98.316, 19.1198
20.299999, 98.333, 18.4014
20.600000, 98.349, 17.6994
20.900000, 98.363, 17.0146
21.200001, 98.375, 16.3392
21.400000, 98.383, 15.8956
21.799999, 98.397, 15.0291
22.000000, 98.403, 14.6041
22.400000, 98.416, 13.7555
22.700001, 98.425, 13.1282
23.000000, 98.432, 12.5070
23.299999, 98.439, 11.8866
23.600000, 98.443, 11.2758
24.000000, 98.448, 10.4824
24.299999, 98.451, 9.8993
24.700001, 98.454, 9.1466
25.000000, 98.457, 8.5978
25.400000, 98.462, 7.8706
25.799999, 98.467, 7.1518
26.200001, 98.471, 6.4353
26.500000, 98.472, 5.9019
26.900000, 98.473, 5.2063
27.200001, 98.472, 4.6948
27.600000, 98.472, 4.0277
28.000000, 98.471, 3.3756
28.500000, 98.470, 2.5681
29.000000, 98.468, 1.7745
29.500000, 98.463, 0.9937
30.000000, 98.457, 0.2339
30.400000, 98.451, -0.3657
30.700001, 98.446, -0.8099
31.100000, 98.438, -1.3970
31.500000, 98.429, -1.9806
32.000000, 98.416, -2.6962
32.500000, 98.402, -3.3989
33.000000, 98.388, -4.0843
33.500000, 98.373, -4.7593
34.000000, 98.360, -5.4232
34.500000, 98.348, -6.0803
35.000000, 98.335, -6.7283
35.500000, 98.323, -7.3705
36.000000, 98.309, -8.0034
36.500000, 98.295, -8.6281
37.000000, 98.280, -9.2406
37.500000, 98.264, -9.8446
38.200001, 98.241, -10.6758
38.700001, 98.224, -11.2606
39.500000, 98.194, -12.1721
40.000000, 98.175, -12.7261
40.599998, 98.153, -13.3865
41.200001, 98.131, -14.0403
41.799999, 98.106, -14.6788
42.500000, 98.080, -15.4036
43.099998, 98.059, -16.0237
43.700001, 98.038, -16.6519
44.400002, 98.010, -17.3737
45.000000, 97.983, -17.9683
45.500000, 97.962, -18.4531
46.200001, 97.933, -19.1268
46.799999, 97.907, -19.6975
47.500000, 97.876, -20.3464
48.200001, 97.847, -20.9839
48.700001, 97.827, -21.4391
49.400002, 97.797, -22.0745
50.000000, 97.771, -22.6102
50.799999, 97.735, -23.3091
51.500000, 97.703, -23.9099
52.200001, 97.671, -24.5009
53.000000, 97.634, -25.1611
53.799999, 97.596, -25.8073
54.500000, 97.562, -26.3657
55.200001, 97.528, -26.9181
56.000000, 97.489, -27.5414
57.000000, 97.439, -28.3116
58.000000, 97.387, -29.0640
59.000000, 97.336, -29.7965
60.000000, 97.285, -30.5200
60.799999, 97.245, -31.0886
61.500000, 97.210, -31.5778
62.200001, 97.175, -32.0614
63.000000, 97.135, -32.6083
64.000000, 97.085, -33.2839
65.000000, 97.034, -33.9460
66.000000, 96.982, -34.5949
67.000000, 96.930, -35.2278
68.000000, 96.879, -35.8486
69.000000, 96.827, -36.4650
70.000000, 96.775, -37.0732
71.000000, 96.722, -37.6656
72.000000, 96.670, -38.2452
73.000000, 96.618, -38.8171
74.000000, 96.566, -39.3820
75.000000, 96.514, -39.9378
76.199997, 96.452, -40.5922
77.500000, 96.385, -41.2830
78.800003, 96.318, -41.9624
80.000000, 96.256, -42.5786
81.199997, 96.194, -43.1727
82.500000, 96.129, -43.8091
83.800003, 96.064, -44.4393
85.000000, 96.005, -45.0082
86.199997, 95.946, -45.5673
87.500000, 95.883, -46.1553
88.500000, 95.835, -46.6046
90.000000, 95.764, -47.2705
91.199997, 95.708, -47.7896
92.500000, 95.648, -48.3407
93.800003, 95.588, -48.8836
95.000000, 95.532, -49.3779
96.199997, 95.475, -49.8643
97.500000, 95.413, -50.3802
98.800003, 95.351, -50.8867
100.000000, 95.295, -51.3488
101.500000, 95.226, -51.9101
103.000000, 95.158, -52.4648
104.400002, 95.095, -52.9747
106.000000, 95.023, -53.5475
107.500000, 94.955, -54.0779
109.000000, 94.887, -54.5934
110.599998, 94.816, -55.1328
112.000000, 94.754, -55.5929
113.800003, 94.676, -56.1671
115.000000, 94.624, -56.5434
117.199997, 94.530, -57.2252
118.000000, 94.496, -57.4692
120.599998, 94.389, -58.2515
122.000000, 94.335, -58.6642
124.099998, 94.256, -59.2709
125.000000, 94.222, -59.5263
126.500000, 94.166, -59.9446
128.000000, 94.111, -60.3527
131.500000, 93.983, -61.2712
132.000000, 93.965, -61.4000
134.000000, 93.895, -61.9158
136.000000, 93.828, -62.4281
138.000000, 93.762, -62.9265
140.000000, 93.698, -63.4108
143.000000, 93.605, -64.1221
145.000000, 93.543, -64.5812
147.500000, 93.467, -65.1334
150.000000, 93.391, -65.6680
152.500000, 93.315, -66.1920
155.000000, 93.240, -66.7028
157.500000, 93.167, -67.1866
160.000000, 93.096, -67.6457
162.500000, 93.027, -68.0946
165.000000, 92.962, -68.5438
167.500000, 92.897, -68.9876
170.000000, 92.830, -69.4137
172.500000, 92.762, -69.8171
175.000000, 92.695, -70.1959
177.500000, 92.632, -70.5400
180.000000, 92.579, -70.8638
182.500000, 92.534, -71.2078
185.000000, 92.493, -71.6136
187.500000, 92.449, -72.0695
190.000000, 92.400, -72.5292
192.500000, 92.347, -72.9640
195.000000, 92.292, -73.3574
197.500000, 92.237, -73.7119
200.000000, 92.185, -74.0314
203.000000, 92.128, -74.3693
206.000000, 92.084, -74.6825
209.000000, 92.052, -75.0182
212.000000, 92.028, -75.4260
214.000000, 92.010, -75.7441
218.000000, 91.965, -76.4238
220.000000, 91.937, -76.7556
224.000000, 91.877, -77.3811
227.000000, 91.831, -77.8220
230.000000, 91.787, -78.2394
233.000000, 91.743, -78.6387
236.000000, 91.701, -79.0278
240.000000, 91.645, -79.5284
243.000000, 91.605, -79.8871
247.000000, 91.555, -80.3419
250.000000, 91.519, -80.6678
254.000000, 91.474, -81.0906
258.000000, 91.434, -81.5003
262.000000, 91.396, -81.9042
265.000000, 91.369, -82.2025
269.000000, 91.335, -82.5979
272.000000, 91.313, -82.8904
276.000000, 91.285, -83.2724
280.000000, 91.259, -83.6461
285.000000, 91.229, -84.1080
290.000000, 91.203, -84.5634
295.000000, 91.177, -85.0082
300.000000, 91.155, -85.4365
304.000000, 91.139, -85.7704
307.000000, 91.128, -86.0186
311.000000, 91.116, -86.3451
315.000000, 91.105, -86.6620
320.000000, 91.094, -87.0490
325.000000, 91.085, -87.4283
330.000000, 91.078, -87.8062
335.000000, 91.072, -88.1807
340.000000, 91.067, -88.5540
345.000000, 91.062, -88.9229
350.000000, 91.058, -89.2786
355.000000, 91.055, -89.6246
360.000000, 91.054, -89.9694
365.000000, 91.053, -90.3063
370.000000, 91.054, -90.6411
375.000000, 91.057, -90.9700
382.000000, 91.062, -91.4167
387.000000, 91.066, -91.7271
395.000000, 91.074, -92.2226
400.000000, 91.082, -92.5299
406.000000, 91.093, -92.8840
412.000000, 91.104, -93.2304
418.000000, 91.117, -93.5791
425.000000, 91.135, -93.9809
431.000000, 91.150, -94.3171
437.000000, 91.167, -94.6426
444.000000, 91.186, -95.0157
450.000000, 91.205, -95.3370
455.000000, 91.221, -95.6027
462.000000, 91.246, -95.9685
468.000000, 91.268, -96.2768
475.000000, 91.295, -96.6284
482.000000, 91.324, -96.9771
487.000000, 91.346, -97.2264
494.000000, 91.379, -97.5718
500.000000, 91.408, -97.8621
508.000000, 91.447, -98.2380
515.000000, 91.482, -98.5651
522.000000, 91.518, -98.8912
530.000000, 91.559, -99.2550
538.000000, 91.602, -99.6125
545.000000, 91.640, -99.9202
552.000000, 91.679, -100.2231
560.000000, 91.724, -100.5621
570.000000, 91.780, -100.9847
580.000000, 91.838, -101.3965
590.000000, 91.896, -101.7952
600.000000, 91.954, -102.1860
608.000000, 91.999, -102.4889
615.000000, 92.038, -102.7490
622.000000, 92.076, -103.0042
630.000000, 92.120, -103.2875
640.000000, 92.177, -103.6376
650.000000, 92.236, -103.9904
660.000000, 92.295, -104.3314
670.000000, 92.354, -104.6775
680.000000, 92.414, -105.0195
690.000000, 92.474, -105.3541
700.000000, 92.534, -105.6886
710.000000, 92.595, -106.0189
720.000000, 92.655, -106.3370
730.000000, 92.716, -106.6417
740.000000, 92.776, -106.9433
750.000000, 92.838, -107.2476
762.000000, 92.912, -107.6033
775.000000, 92.989, -107.9816
788.000000, 93.067, -108.3477
800.000000, 93.139, -108.6754
812.000000, 93.211, -109.0048
825.000000, 93.291, -109.3568
838.000000, 93.372, -109.7025
850.000000, 93.446, -110.0210
862.000000, 93.520, -110.3396
875.000000, 93.601, -110.6890
885.000000, 93.663, -110.9592
900.000000, 93.757, -111.3606
912.000000, 93.832, -111.6880
925.000000, 93.913, -112.0472
938.000000, 93.993, -112.4135
950.000000, 94.068, -112.7579
962.000000, 94.140, -113.1080
975.000000, 94.217, -113.4896
988.000000, 94.291, -113.8816
1000.000000, 94.359, -114.2571
1015.000000, 94.443, -114.7325
1030.000000, 94.525, -115.2072
1044.000000, 94.599, -115.6570
1060.000000, 94.681, -116.1814
1075.000000, 94.756, -116.6793
1090.000000, 94.834, -117.1778
1106.000000, 94.924, -117.7092
1120.000000, 95.002, -118.1775
1138.000000, 95.101, -118.7787
1150.000000, 95.164, -119.1750
1172.000000, 95.276, -119.9061
1180.000000, 95.315, -120.1700
1206.000000, 95.439, -121.0056
1220.000000, 95.506, -121.4471
1241.000000, 95.606, -122.1029
1250.000000, 95.647, -122.3754
1265.000000, 95.716, -122.8182
1280.000000, 95.782, -123.2520
1315.000000, 95.930, -124.2230
1320.000000, 95.950, -124.3562
1340.000000, 96.022, -124.8779
1360.000000, 96.074, -125.3800
1380.000000, 96.122, -125.8596
1400.000000, 96.185, -126.3253
1430.000000, 96.286, -126.9956
1450.000000, 96.352, -127.4163
1475.000000, 96.434, -127.9176
1500.000000, 96.515, -128.3993
1525.000000, 96.593, -128.8617
1550.000000, 96.667, -129.3098
1575.000000, 96.738, -129.7345
1600.000000, 96.809, -130.1342
1625.000000, 96.880, -130.5213
1650.000000, 96.953, -130.8914
1675.000000, 97.028, -131.2479
1700.000000, 97.104, -131.5891
1725.000000, 97.181, -131.9156
1750.000000, 97.260, -132.2434
1775.000000, 97.342, -132.5750
1800.000000, 97.427, -132.9122
1825.000000, 97.514, -133.2605
1850.000000, 97.602, -133.6213
1875.000000, 97.692, -134.0023
1900.000000, 97.784, -134.4053
1925.000000, 97.877, -134.8308
1950.000000, 97.969, -135.2858
1975.000000, 98.062, -135.7648
2000.000000, 98.153, -136.2748
2030.000000, 98.261, -136.9275
2060.000000, 98.365, -137.6176
2090.000000, 98.465, -138.3501
2120.000000, 98.562, -139.1290
2140.000000, 98.624, -139.6703
2180.000000, 98.739, -140.7943
2200.000000, 98.791, -141.3776
2240.000000, 98.883, -142.5875
2270.000000, 98.941, -143.5238
2300.000000, 98.989, -144.4783
2330.000000, 99.027, -145.4495
2360.000000, 99.055, -146.4335
2400.000000, 99.075, -147.7389
2430.000000, 99.076, -148.7022
2470.000000, 99.062, -149.9431
2500.000000, 99.039, -150.8360
2540.000000, 98.995, -151.9743
2580.000000, 98.936, -153.0354
2620.000000, 98.864, -154.0013
2650.000000, 98.803, -154.6517
2690.000000, 98.714, -155.4293
2720.000000, 98.642, -155.9409
2760.000000, 98.541, -156.5233
2800.000000, 98.437, -156.9860
2850.000000, 98.308, -157.4035
2900.000000, 98.186, -157.6578
2950.000000, 98.074, -157.7665
3000.000000, 97.977, -157.7582
3040.000000, 97.910, -157.6939
3070.000000, 97.867, -157.6208
3110.000000, 97.817, -157.5032
3150.000000, 97.776, -157.3831
3200.000000, 97.731, -157.2401
3250.000000, 97.690, -157.1030
3300.000000, 97.649, -156.9554
3350.000000, 97.606, -156.7626
3400.000000, 97.567, -156.4959
3450.000000, 97.536, -156.1324
3500.000000, 97.520, -155.6588
3550.000000, 97.520, -155.0944
3600.000000, 97.539, -154.4682
3650.000000, 97.583, -153.7980
3700.000000, 97.651, -153.1064
3750.000000, 97.745, -152.4342
3820.000000, 97.918, -151.5978
3870.000000, 98.069, -151.1146
3950.000000, 98.354, -150.6200
4000.000000, 98.556, -150.5421
4060.000000, 98.816, -150.7291
4120.000000, 99.088, -151.2500
4180.000000, 99.363, -152.1323
4250.000000, 99.674, -153.6493
4310.000000, 99.916, -155.3785
4370.000000, 100.118, -157.5184
4440.000000, 100.288, -160.5275
4500.000000, 100.360, -163.5077
4550.000000, 100.354, -166.2119
4620.000000, 100.226, -170.1606
4680.000000, 99.996, -173.4960
4750.000000, 99.594, -177.0642
4820.000000, 99.073, 179.9484
4870.000000, 98.643, 178.2692
4940.000000, 97.988, 176.6158
5000.000000, 97.400, 175.8575
5080.000000, 96.608, 175.7603
5150.000000, 95.931, 176.4676
5220.000000, 95.286, 177.8356
5300.000000, 94.601, -179.8651
5380.000000, 93.993, -176.8363
5450.000000, 93.542, -173.7363
5520.000000, 93.170, -170.2778
5600.000000, 92.873, -166.0579
5700.000000, 92.672, -161.2791
5800.000000, 92.413, -157.1633
5900.000000, 92.136, -150.8783
6000.000000, 92.269, -143.6116
6080.000000, 92.602, -138.6091
6150.000000, 92.992, -134.8354
6220.000000, 93.458, -131.6141
6300.000000, 94.070, -128.6960
6400.000000, 94.915, -126.4026
6500.000000, 95.781, -125.7963
6600.000000, 96.575, -126.8527
6700.000000, 97.212, -129.2677
6800.000000, 97.647, -132.5067
6900.000000, 97.883, -135.9470
7000.000000, 97.956, -139.0536
7100.000000, 97.910, -141.4984
7200.000000, 97.804, -143.2068
7300.000000, 97.685, -144.2688
7400.000000, 97.583, -144.8525
7500.000000, 97.512, -145.1385
7620.000000, 97.491, -145.3162
7750.000000, 97.536, -145.5440
7880.000000, 97.542, -145.9833
8000.000000, 97.505, -146.6364
8120.000000, 97.434, -147.4813
8250.000000, 97.310, -148.4998
8380.000000, 97.138, -149.4749
8500.000000, 96.949, -150.2817
8620.000000, 96.739, -151.0455
8750.000000, 96.476, -151.9109
8850.000000, 96.239, -152.6105
9000.000000, 95.812, -153.6014
9120.000000, 95.404, -154.1586
9250.000000, 94.910, -154.2946
9380.000000, 94.397, -153.8027
9500.000000, 93.946, -152.8018
9620.000000, 93.556, -151.3920
9750.000000, 93.238, -149.6744
9880.000000, 93.047, -148.1805
10000.000000, 92.963, -147.4604
10150.000000, 92.891, -148.0932
10300.000000, 92.666, -150.6750
10440.000000, 92.116, -154.1190
10600.000000, 90.977, -157.2522
10750.000000, 89.536, -157.4253
10900.000000, 88.010, -154.1093
11060.000000, 86.580, -147.3373
11200.000000, 85.627, -139.7841
11380.000000, 84.832, -129.3602
11500.000000, 84.532, -122.5674
11720.000000, 84.334, -111.1901
11800.000000, 84.343, -107.4940
12060.000000, 84.533, -97.1485
12200.000000, 84.687, -92.5283
12410.000000, 84.933, -86.7552
12500.000000, 85.030, -84.7081
12650.000000, 85.157, -81.7904
12800.000000, 85.223, -79.3236
13150.000000, 85.098, -74.0491
13200.000000, 85.053, -73.2450
13400.000000, 84.827, -69.6948
13600.000000, 84.575, -65.4736
13800.000000, 84.357, -60.5349
14000.000000, 84.225, -54.9595
14300.000000, 84.267, -45.6896
14500.000000, 84.523, -39.2291
14750.000000, 85.170, -31.6863
15000.000000, 86.190, -25.9924
15250.000000, 87.488, -23.7501
15500.000000, 88.744, -26.2257
15750.000000, 89.527, -32.1234
16000.000000, 89.813, -38.8514
16250.000000, 89.717, -46.3620
16500.000000, 88.957, -54.0923
16750.000000, 87.512, -58.4282
17000.000000, 85.907, -57.5436
17250.000000, 84.618, -52.9840
17500.000000, 83.785, -47.0102
17750.000000, 83.347, -41.0603
18000.000000, 83.221, -36.0834
18250.000000, 83.267, -33.0079
18500.000000, 83.282, -32.1337
18750.000000, 83.052, -32.9155
19000.000000, 82.465, -34.0790
19250.000000, 81.561, -33.9906
19500.000000, 80.496, -31.9693
19750.000000, 79.477, -27.8867
20000.000000, 78.583, -22.5984
20300.000000, 77.759, -15.7960
20600.000000, 77.257, -9.4821
20900.000000, 76.774, -4.3436
21200.000000, 75.528, -2.2794
21400.000000, 73.802, -0.2524
21800.000000, 68.260, 19.5245
22000.000000, 64.805, -38.6211
22400.000000, 58.341, 18.8966
22700.000000, 54.257, 10.1161
23000.000000, 49.767, 13.7645
23300.000000, 45.459, -92.0587
23600.000000, 45.881, -114.6640
24000.000000, 49.725, -72.3181
