* Measurement data measured by REW V5.31.3
* Source: E2x2, MICROPHONE (Analogue 1), 1, volume: 1.000. Timing signal peak level -36.9 dBFS, measurement signal peak level -33.8 dBFS
* Format: 512k Log Swept Sine, 1 sweep at -45.1 dBFS using an acoustic timing reference
* Dated: May 4, 2025 10:53:51 AM
* REW Settings:
*  C-weighting compensation: Off
*  Target level: 75.0 dB
* Note: ; Fosi DS1 4.4mm + E2x2 MacBook Delay -0.0264 ms (-9.1 mm, -0.36 in) using estimated IR delay relative to Acoustic reference played from SPEAKER R with no timing offset Clock adjustment: -28.2 ppm
* Measurement: ON R
* Smoothing: 1/24 octave
* Frequency Step: 1/48 octave
* Start Frequency: 1.000 Hz
*
* Freq(Hz), SPL(dB), Phase(degrees)
1.000000, 71.536, 172.8314
1.015000, 71.722, 172.1189
1.030000, 71.905, 171.4283
1.044000, 72.074, 170.7959
1.060000, 72.263, 170.0798
1.075000, 72.434, 169.4084
1.090000, 72.600, 168.7329
1.106000, 72.772, 168.0161
1.120000, 72.924, 167.4136
1.138000, 73.121, 166.6932
1.150000, 73.255, 166.2501
1.172000, 73.506, 165.4267
1.180000, 73.598, 165.0598
1.206000, 73.901, 163.9656
1.220000, 74.066, 163.4317
1.241000, 74.316, 162.6984
1.250000, 74.423, 162.4075
1.265000, 74.603, 161.9513
1.280000, 74.783, 161.5287
1.315000, 75.202, 160.6564
1.320000, 75.262, 160.5433
1.340000, 75.500, 160.1151
1.360000, 75.735, 159.7252
1.380000, 75.968, 159.2353
1.400000, 76.197, 158.7187
1.430000, 76.533, 157.9741
1.450000, 76.750, 157.4907
1.475000, 77.014, 156.9020
1.500000, 77.273, 156.3508
1.525000, 77.528, 155.8492
1.550000, 77.779, 155.3982
1.575000, 78.027, 154.9241
1.600000, 78.271, 154.3662
1.625000, 78.511, 153.8506
1.650000, 78.748, 153.3724
1.675000, 78.983, 152.9267
1.700000, 79.214, 152.5088
1.725000, 79.443, 152.1134
1.750000, 79.668, 151.7362
1.775000, 79.892, 151.3192
1.800000, 80.113, 150.8070
1.825000, 80.332, 150.3028
1.850000, 80.548, 149.8049
1.875000, 80.761, 149.3204
1.900000, 80.971, 148.8539
1.925000, 81.179, 148.4078
1.950000, 81.383, 147.9846
1.975000, 81.585, 147.5336
2.000000, 81.784, 147.0057
2.030000, 82.020, 146.4047
2.060000, 82.252, 145.8312
2.090000, 82.481, 145.2823
2.120000, 82.706, 144.7547
2.140000, 82.855, 144.4129
2.180000, 83.147, 143.6961
2.200000, 83.292, 143.2957
2.240000, 83.576, 142.5061
2.270000, 83.784, 141.9260
2.300000, 83.989, 141.3601
2.330000, 84.191, 140.8110
2.360000, 84.389, 140.2793
2.400000, 84.649, 139.4813
2.430000, 84.840, 138.8887
2.470000, 85.091, 138.1282
2.500000, 85.276, 137.5787
2.540000, 85.519, 136.8710
2.580000, 85.757, 136.1442
2.620000, 85.990, 135.3464
2.650000, 86.162, 134.7572
2.690000, 86.386, 133.9859
2.720000, 86.551, 133.4211
2.760000, 86.768, 132.6926
2.800000, 86.979, 131.9015
2.850000, 87.238, 130.9383
2.900000, 87.490, 130.0190
2.950000, 87.736, 129.1348
3.000000, 87.976, 128.1962
3.040000, 88.162, 127.4298
3.070000, 88.299, 126.8640
3.110000, 88.478, 126.1248
3.150000, 88.653, 125.4060
3.200000, 88.867, 124.4826
3.250000, 89.076, 123.5711
3.300000, 89.281, 122.6964
3.350000, 89.480, 121.8460
3.400000, 89.673, 120.9508
3.450000, 89.861, 120.0489
3.500000, 90.044, 119.1710
3.550000, 90.223, 118.3238
3.600000, 90.398, 117.4644
3.650000, 90.569, 116.6202
3.700000, 90.736, 115.8028
3.750000, 90.898, 115.0008
3.820000, 91.118, 113.8416
3.870000, 91.271, 113.0238
3.950000, 91.508, 111.7683
4.000000, 91.652, 110.9868
4.060000, 91.822, 110.0647
4.120000, 91.987, 109.1668
4.180000, 92.147, 108.2788
4.250000, 92.328, 107.2231
4.310000, 92.480, 106.3516
4.370000, 92.628, 105.5074
4.440000, 92.797, 104.5152
4.500000, 92.938, 103.6857
4.550000, 93.053, 103.0097
4.620000, 93.210, 102.0504
4.680000, 93.341, 101.2447
4.750000, 93.491, 100.3372
4.820000, 93.638, 99.4264
4.870000, 93.741, 98.7836
4.940000, 93.882, 97.9042
5.000000, 94.000, 97.1503
5.080000, 94.153, 96.1580
5.150000, 94.285, 95.3175
5.220000, 94.413, 94.4726
5.300000, 94.555, 93.5204
5.380000, 94.694, 92.5900
5.450000, 94.812, 91.7738
5.520000, 94.928, 90.9803
5.600000, 95.057, 90.0808
5.700000, 95.214, 88.9624
5.800000, 95.365, 87.8710
5.900000, 95.512, 86.7944
6.000000, 95.653, 85.7391
6.080000, 95.763, 84.8984
6.150000, 95.857, 84.1825
6.220000, 95.948, 83.4673
6.300000, 96.050, 82.6653
6.400000, 96.174, 81.6790
6.500000, 96.294, 80.7037
6.600000, 96.410, 79.7535
6.700000, 96.522, 78.8158
6.800000, 96.631, 77.8976
6.900000, 96.737, 76.9913
7.000000, 96.840, 76.1075
7.100000, 96.940, 75.2350
7.200000, 97.037, 74.3809
7.300000, 97.132, 73.5380
7.400000, 97.224, 72.7134
7.500000, 97.314, 71.8976
7.620000, 97.420, 70.9387
7.750000, 97.530, 69.9225
7.880000, 97.637, 68.9190
8.000000, 97.733, 68.0140
8.120000, 97.825, 67.1224
8.250000, 97.923, 66.1720
8.380000, 98.017, 65.2406
8.500000, 98.101, 64.3931
8.620000, 98.183, 63.5597
8.750000, 98.268, 62.6722
8.850000, 98.332, 61.9988
9.000000, 98.424, 61.0093
9.120000, 98.496, 60.2310
9.250000, 98.571, 59.4030
9.380000, 98.643, 58.5925
9.500000, 98.708, 57.8546
9.620000, 98.772, 57.1322
9.750000, 98.838, 56.3636
9.880000, 98.895, 55.6077
10.000000, 98.936, 54.9265
10.150000, 98.974, 54.0672
10.300000, 99.005, 53.2326
10.440000, 99.028, 52.4750
10.600000, 99.051, 51.6325
10.750000, 99.074, 50.8637
10.900000, 99.098, 50.1139
11.060000, 99.122, 49.3164
11.200000, 99.143, 48.6093
11.380000, 99.167, 47.7203
11.500000, 99.182, 47.1396
11.720000, 99.209, 46.0999
11.800000, 99.219, 45.7298
12.060000, 99.253, 44.5437
12.200000, 99.272, 43.9014
12.410000, 99.301, 42.9639
12.500000, 99.313, 42.5719
12.650000, 99.331, 41.9316
12.800000, 99.348, 41.3071
13.150000, 99.386, 39.8828
13.200000, 99.392, 39.6806
13.400000, 99.415, 38.8856
13.600000, 99.439, 38.1105
13.800000, 99.463, 37.3528
14.000000, 99.488, 36.6086
14.300000, 99.521, 35.4847
14.500000, 99.542, 34.7524
14.750000, 99.566, 33.8593
15.000000, 99.589, 32.9916
15.250000, 99.615, 32.1262
15.500000, 99.642, 31.2874
15.750000, 99.667, 30.4749
16.000000, 99.691, 29.6852
16.250000, 99.715, 28.8942
16.500000, 99.738, 28.1203
16.750000, 99.760, 27.3627
17.000000, 99.783, 26.6194
17.250000, 99.805, 25.8773
17.500000, 99.826, 25.1511
17.750000, 99.846, 24.4435
18.000000, 99.864, 23.7530
18.250000, 99.881, 23.0675
18.500000, 99.897, 22.3983
18.750000, 99.913, 21.7460
19.000000, 99.929, 21.1094
19.250000, 99.945, 20.4745
19.500000, 99.961, 19.8531
19.750000, 99.978, 19.2441
20.000000, 99.993, 18.6458
20.299999, 100.010, 17.9258
20.600000, 100.027, 17.2175
20.900000, 100.041, 16.5215
21.200001, 100.053, 15.8314
21.400000, 100.060, 15.3781
21.799999, 100.071, 14.4967
22.000000, 100.076, 14.0680
22.400000, 100.085, 13.2197
22.700001, 100.092, 12.5969
23.000000, 100.099, 11.9809
23.299999, 100.105, 11.3636
23.600000, 100.110, 10.7525
24.000000, 100.115, 9.9534
24.299999, 100.117, 9.3632
24.700001, 100.120, 8.5997
25.000000, 100.122, 8.0436
25.400000, 100.125, 7.3092
25.799999, 100.129, 6.5870
26.200001, 100.132, 5.8699
26.500000, 100.133, 5.3358
26.900000, 100.134, 4.6360
27.200001, 100.134, 4.1173
27.600000, 100.134, 3.4354
28.000000, 100.133, 2.7661
28.500000, 100.130, 1.9398
29.000000, 100.125, 1.1336
29.500000, 100.119, 0.3425
30.000000, 100.112, -0.4300
30.400000, 100.104, -1.0409
30.700001, 100.097, -1.4919
31.100000, 100.086, -2.0836
31.500000, 100.075, -2.6654
32.000000, 100.061, -3.3751
32.500000, 100.048, -4.0771
33.000000, 100.035, -4.7732
33.500000, 100.020, -5.4659
34.000000, 100.005, -6.1458
34.500000, 99.990, -6.8121
35.000000, 99.976, -7.4641
35.500000, 99.961, -8.1080
36.000000, 99.946, -8.7408
36.500000, 99.930, -9.3633
37.000000, 99.914, -9.9730
37.500000, 99.898, -10.5762
38.200001, 99.873, -11.4105
38.700001, 99.855, -11.9999
39.500000, 99.822, -12.9257
40.000000, 99.801, -13.4905
40.599998, 99.776, -14.1580
41.200001, 99.750, -14.8152
41.799999, 99.724, -15.4674
42.500000, 99.692, -16.2192
43.099998, 99.666, -16.8459
43.700001, 99.640, -17.4554
44.400002, 99.612, -18.1536
45.000000, 99.588, -18.7515
45.500000, 99.568, -19.2512
46.200001, 99.538, -19.9437
46.799999, 99.511, -20.5248
47.500000, 99.480, -21.1854
48.200001, 99.448, -21.8318
48.700001, 99.426, -22.2882
49.400002, 99.394, -22.9208
50.000000, 99.365, -23.4535
50.799999, 99.328, -24.1496
51.500000, 99.294, -24.7520
52.200001, 99.261, -25.3505
53.000000, 99.221, -26.0220
53.799999, 99.181, -26.6799
54.500000, 99.146, -27.2524
55.200001, 99.109, -27.8207
56.000000, 99.066, -28.4545
57.000000, 99.014, -29.2251
58.000000, 98.961, -29.9853
59.000000, 98.908, -30.7305
60.000000, 98.854, -31.4574
60.799999, 98.812, -32.0302
61.500000, 98.774, -32.5258
62.200001, 98.736, -33.0140
63.000000, 98.693, -33.5625
64.000000, 98.639, -34.2394
65.000000, 98.585, -34.9028
66.000000, 98.532, -35.5561
67.000000, 98.478, -36.1987
68.000000, 98.424, -36.8287
69.000000, 98.368, -37.4461
70.000000, 98.313, -38.0500
71.000000, 98.258, -38.6441
72.000000, 98.203, -39.2343
73.000000, 98.148, -39.8168
74.000000, 98.092, -40.3883
75.000000, 98.036, -40.9490
76.199997, 97.971, -41.6066
77.500000, 97.901, -42.3073
78.800003, 97.830, -42.9922
80.000000, 97.765, -43.6129
81.199997, 97.701, -44.2216
82.500000, 97.631, -44.8671
83.800003, 97.562, -45.4986
85.000000, 97.499, -46.0696
86.199997, 97.438, -46.6329
87.500000, 97.371, -47.2340
88.500000, 97.320, -47.6889
90.000000, 97.244, -48.3555
91.199997, 97.183, -48.8811
92.500000, 97.118, -49.4408
93.800003, 97.054, -49.9896
95.000000, 96.994, -50.4868
96.199997, 96.935, -50.9728
97.500000, 96.870, -51.4917
98.800003, 96.806, -52.0026
100.000000, 96.746, -52.4644
101.500000, 96.673, -53.0298
103.000000, 96.599, -53.5886
104.400002, 96.532, -54.1005
106.000000, 96.455, -54.6765
107.500000, 96.383, -55.2106
109.000000, 96.312, -55.7333
110.599998, 96.236, -56.2796
112.000000, 96.170, -56.7490
113.800003, 96.085, -57.3357
115.000000, 96.030, -57.7155
117.199997, 95.930, -58.4015
118.000000, 95.894, -58.6495
120.599998, 95.781, -59.4415
122.000000, 95.722, -59.8521
124.099998, 95.637, -60.4502
125.000000, 95.601, -60.7058
126.500000, 95.539, -61.1271
128.000000, 95.478, -61.5350
131.500000, 95.339, -62.4716
132.000000, 95.320, -62.6042
134.000000, 95.245, -63.1304
136.000000, 95.172, -63.6458
138.000000, 95.100, -64.1455
140.000000, 95.030, -64.6348
143.000000, 94.926, -65.3510
145.000000, 94.858, -65.8063
147.500000, 94.774, -66.3612
150.000000, 94.690, -66.9069
152.500000, 94.606, -67.4401
155.000000, 94.523, -67.9470
157.500000, 94.441, -68.4330
160.000000, 94.360, -68.8994
162.500000, 94.282, -69.3457
165.000000, 94.207, -69.7775
167.500000, 94.133, -70.2055
170.000000, 94.060, -70.6212
172.500000, 93.986, -71.0051
175.000000, 93.915, -71.3494
177.500000, 93.853, -71.6725
180.000000, 93.800, -72.0182
182.500000, 93.753, -72.4164
185.000000, 93.703, -72.8715
187.500000, 93.646, -73.3530
190.000000, 93.585, -73.8203
192.500000, 93.522, -74.2526
195.000000, 93.459, -74.6447
197.500000, 93.397, -75.0004
200.000000, 93.338, -75.3293
203.000000, 93.275, -75.6898
206.000000, 93.222, -76.0179
209.000000, 93.178, -76.3645
212.000000, 93.140, -76.7820
214.000000, 93.114, -77.0969
218.000000, 93.054, -77.7546
220.000000, 93.021, -78.0807
224.000000, 92.950, -78.7074
227.000000, 92.897, -79.1505
230.000000, 92.842, -79.5750
233.000000, 92.788, -79.9846
236.000000, 92.735, -80.3748
240.000000, 92.666, -80.8658
243.000000, 92.616, -81.2158
247.000000, 92.553, -81.6599
250.000000, 92.509, -81.9851
254.000000, 92.453, -82.4081
258.000000, 92.401, -82.8153
262.000000, 92.351, -83.2166
265.000000, 92.316, -83.5155
269.000000, 92.271, -83.9095
272.000000, 92.240, -84.2003
276.000000, 92.201, -84.5850
280.000000, 92.164, -84.9639
285.000000, 92.119, -85.4232
290.000000, 92.077, -85.8659
295.000000, 92.038, -86.2889
300.000000, 92.001, -86.7128
304.000000, 91.973, -87.0470
307.000000, 91.955, -87.2884
311.000000, 91.932, -87.6022
315.000000, 91.911, -87.9111
320.000000, 91.886, -88.2935
325.000000, 91.864, -88.6680
330.000000, 91.845, -89.0358
335.000000, 91.826, -89.4042
340.000000, 91.809, -89.7620
345.000000, 91.792, -90.1136
350.000000, 91.776, -90.4634
355.000000, 91.761, -90.8055
360.000000, 91.747, -91.1364
365.000000, 91.736, -91.4601
370.000000, 91.725, -91.7813
375.000000, 91.716, -92.1019
382.000000, 91.705, -92.5410
387.000000, 91.698, -92.8423
395.000000, 91.691, -93.3157
400.000000, 91.687, -93.6044
406.000000, 91.685, -93.9468
412.000000, 91.685, -94.2848
418.000000, 91.686, -94.6143
425.000000, 91.689, -94.9938
431.000000, 91.693, -95.3123
437.000000, 91.698, -95.6266
444.000000, 91.706, -95.9854
450.000000, 91.714, -96.2898
455.000000, 91.723, -96.5400
462.000000, 91.736, -96.8872
468.000000, 91.748, -97.1814
475.000000, 91.764, -97.5229
482.000000, 91.783, -97.8574
487.000000, 91.797, -98.0892
494.000000, 91.819, -98.4103
500.000000, 91.839, -98.6853
508.000000, 91.868, -99.0487
515.000000, 91.893, -99.3577
522.000000, 91.919, -99.6620
530.000000, 91.950, -100.0065
538.000000, 91.983, -100.3466
545.000000, 92.013, -100.6400
552.000000, 92.044, -100.9277
560.000000, 92.080, -101.2483
570.000000, 92.126, -101.6437
580.000000, 92.173, -102.0352
590.000000, 92.221, -102.4129
600.000000, 92.269, -102.7795
608.000000, 92.307, -103.0677
615.000000, 92.339, -103.3186
622.000000, 92.372, -103.5641
630.000000, 92.410, -103.8362
640.000000, 92.459, -104.1681
650.000000, 92.509, -104.4990
660.000000, 92.559, -104.8271
670.000000, 92.610, -105.1586
680.000000, 92.663, -105.4819
690.000000, 92.715, -105.7976
700.000000, 92.768, -106.1146
710.000000, 92.822, -106.4215
720.000000, 92.877, -106.7148
730.000000, 92.932, -107.0051
740.000000, 92.988, -107.2961
750.000000, 93.045, -107.5834
762.000000, 93.112, -107.9210
775.000000, 93.183, -108.2830
788.000000, 93.254, -108.6337
800.000000, 93.320, -108.9496
812.000000, 93.388, -109.2662
825.000000, 93.462, -109.6097
838.000000, 93.538, -109.9484
850.000000, 93.608, -110.2552
862.000000, 93.678, -110.5656
875.000000, 93.754, -110.8981
885.000000, 93.813, -111.1544
900.000000, 93.902, -111.5477
912.000000, 93.973, -111.8705
925.000000, 94.050, -112.2236
938.000000, 94.127, -112.5842
950.000000, 94.198, -112.9245
962.000000, 94.268, -113.2657
975.000000, 94.341, -113.6423
988.000000, 94.412, -114.0291
1000.000000, 94.477, -114.3961
1015.000000, 94.558, -114.8619
1030.000000, 94.637, -115.3318
1044.000000, 94.708, -115.7749
1060.000000, 94.787, -116.2904
1075.000000, 94.859, -116.7787
1090.000000, 94.935, -117.2720
1106.000000, 95.022, -117.8027
1120.000000, 95.098, -118.2649
1138.000000, 95.194, -118.8577
1150.000000, 95.256, -119.2551
1172.000000, 95.365, -119.9778
1180.000000, 95.403, -120.2385
1206.000000, 95.524, -121.0813
1220.000000, 95.588, -121.5237
1241.000000, 95.686, -122.1682
1250.000000, 95.726, -122.4374
1265.000000, 95.793, -122.8785
1280.000000, 95.857, -123.3082
1315.000000, 96.000, -124.2737
1320.000000, 96.019, -124.4083
1340.000000, 96.089, -124.9317
1360.000000, 96.139, -125.4355
1380.000000, 96.186, -125.9142
1400.000000, 96.246, -126.3746
1430.000000, 96.344, -127.0328
1450.000000, 96.408, -127.4523
1475.000000, 96.488, -127.9564
1500.000000, 96.567, -128.4388
1525.000000, 96.644, -128.8973
1550.000000, 96.715, -129.3384
1575.000000, 96.783, -129.7585
1600.000000, 96.852, -130.1577
1625.000000, 96.921, -130.5400
1650.000000, 96.991, -130.9052
1675.000000, 97.064, -131.2509
1700.000000, 97.138, -131.5820
1725.000000, 97.214, -131.9069
1750.000000, 97.292, -132.2296
1775.000000, 97.373, -132.5552
1800.000000, 97.456, -132.8860
1825.000000, 97.542, -133.2304
1850.000000, 97.630, -133.5901
1875.000000, 97.720, -133.9685
1900.000000, 97.811, -134.3694
1925.000000, 97.903, -134.7918
1950.000000, 97.995, -135.2401
1975.000000, 98.086, -135.7172
2000.000000, 98.177, -136.2202
2030.000000, 98.283, -136.8627
2060.000000, 98.388, -137.5512
2090.000000, 98.489, -138.2803
2120.000000, 98.585, -139.0524
2140.000000, 98.646, -139.5896
2180.000000, 98.762, -140.7081
2200.000000, 98.813, -141.2898
2240.000000, 98.903, -142.4964
2270.000000, 98.960, -143.4336
2300.000000, 99.007, -144.3932
2330.000000, 99.046, -145.3647
2360.000000, 99.073, -146.3420
2400.000000, 99.093, -147.6393
2430.000000, 99.095, -148.5984
2470.000000, 99.080, -149.8399
2500.000000, 99.058, -150.7343
2540.000000, 99.013, -151.8687
2580.000000, 98.954, -152.9203
2620.000000, 98.883, -153.8773
2650.000000, 98.822, -154.5305
2690.000000, 98.733, -155.3093
2720.000000, 98.661, -155.8157
2760.000000, 98.561, -156.3904
2800.000000, 98.458, -156.8525
2850.000000, 98.331, -157.2676
2900.000000, 98.210, -157.5187
2950.000000, 98.101, -157.6205
3000.000000, 98.006, -157.6135
3040.000000, 97.941, -157.5499
3070.000000, 97.900, -157.4817
3110.000000, 97.853, -157.3761
3150.000000, 97.814, -157.2744
3200.000000, 97.772, -157.1595
3250.000000, 97.732, -157.0551
3300.000000, 97.690, -156.9423
3350.000000, 97.646, -156.7868
3400.000000, 97.603, -156.5477
3450.000000, 97.568, -156.2021
3500.000000, 97.547, -155.7466
3550.000000, 97.544, -155.1927
3600.000000, 97.560, -154.5621
3650.000000, 97.600, -153.8792
3700.000000, 97.664, -153.1802
3750.000000, 97.756, -152.4999
3820.000000, 97.929, -151.6498
3870.000000, 98.079, -151.1541
3950.000000, 98.363, -150.6490
4000.000000, 98.565, -150.5619
4060.000000, 98.826, -150.7392
4120.000000, 99.099, -151.2617
4180.000000, 99.375, -152.1514
4250.000000, 99.685, -153.6725
4310.000000, 99.926, -155.4053
4370.000000, 100.128, -157.5515
4440.000000, 100.297, -160.5618
4500.000000, 100.367, -163.5367
4550.000000, 100.359, -166.2332
4620.000000, 100.229, -170.1701
4680.000000, 99.999, -173.4963
4750.000000, 99.599, -177.0546
4820.000000, 99.076, 179.9656
4870.000000, 98.647, 178.2899
4940.000000, 97.992, 176.6481
5000.000000, 97.404, 175.9021
5080.000000, 96.615, 175.8182
5150.000000, 95.940, 176.5343
5220.000000, 95.297, 177.9056
5300.000000, 94.616, -179.8004
5380.000000, 94.011, -176.7851
5450.000000, 93.562, -173.7033
5520.000000, 93.192, -170.2626
5600.000000, 92.897, -166.0417
5700.000000, 92.704, -161.2899
5800.000000, 92.445, -157.3251
5900.000000, 92.150, -151.0690
6000.000000, 92.280, -143.7659
6080.000000, 92.609, -138.7740
6150.000000, 92.994, -135.0133
6220.000000, 93.455, -131.7927
6300.000000, 94.062, -128.8595
6400.000000, 94.903, -126.5386
6500.000000, 95.765, -125.9001
6600.000000, 96.557, -126.9271
6700.000000, 97.195, -129.3206
6800.000000, 97.628, -132.5435
6900.000000, 97.863, -135.9598
7000.000000, 97.933, -139.0380
7100.000000, 97.886, -141.4552
7200.000000, 97.780, -143.1275
7300.000000, 97.661, -144.1511
7400.000000, 97.558, -144.6935
7500.000000, 97.488, -144.9181
7620.000000, 97.469, -144.9946
7750.000000, 97.527, -145.0929
7880.000000, 97.557, -145.4022
8000.000000, 97.558, -145.9794
8120.000000, 97.538, -146.8673
8250.000000, 97.471, -148.1498
8380.000000, 97.335, -149.6321
8500.000000, 97.136, -151.0259
8620.000000, 96.869, -152.2825
8750.000000, 96.511, -153.3729
8850.000000, 96.202, -153.9945
9000.000000, 95.700, -154.5831
9120.000000, 95.271, -154.7475
9250.000000, 94.782, -154.5350
9380.000000, 94.289, -153.8246
9500.000000, 93.860, -152.7128
9620.000000, 93.489, -151.2560
9750.000000, 93.186, -149.5291
9880.000000, 93.004, -148.0424
10000.000000, 92.926, -147.3390
10150.000000, 92.859, -147.9961
10300.000000, 92.634, -150.5899
10440.000000, 92.083, -154.0323
10600.000000, 90.941, -157.1451
10750.000000, 89.501, -157.2950
10900.000000, 87.978, -153.9509
11060.000000, 86.552, -147.1564
11200.000000, 85.602, -139.5925
11380.000000, 84.811, -129.1573
11500.000000, 84.513, -122.3638
11720.000000, 84.319, -110.9879
11800.000000, 84.328, -107.2926
12060.000000, 84.522, -96.9489
12200.000000, 84.678, -92.3271
12410.000000, 84.928, -86.5536
12500.000000, 85.026, -84.5076
12650.000000, 85.154, -81.5911
12800.000000, 85.220, -79.1252
13150.000000, 85.099, -73.8466
13200.000000, 85.054, -73.0405
13400.000000, 84.830, -69.4771
13600.000000, 84.580, -65.2490
13800.000000, 84.367, -60.3077
14000.000000, 84.241, -54.7332
14300.000000, 84.292, -45.4639
14500.000000, 84.555, -39.0196
14750.000000, 85.213, -31.5192
15000.000000, 86.242, -25.8938
15250.000000, 87.545, -23.7612
15500.000000, 88.797, -26.3593
15750.000000, 89.570, -32.3456
16000.000000, 89.845, -39.1528
16250.000000, 89.728, -46.7324
16500.000000, 88.940, -54.4309
16750.000000, 87.477, -58.6136
17000.000000, 85.873, -57.5591
17250.000000, 84.601, -52.8939
17500.000000, 83.786, -46.8940
17750.000000, 83.366, -40.9827
18000.000000, 83.255, -36.0938
18250.000000, 83.310, -33.1591
18500.000000, 83.319, -32.4534
18750.000000, 83.070, -33.3701
19000.000000, 82.459, -34.5950
19250.000000, 81.529, -34.4911
19500.000000, 80.444, -32.4059
19750.000000, 79.412, -28.2377
20000.000000, 78.514, -22.8599
20300.000000, 77.695, -15.9685
20600.000000, 77.201, -9.5987
20900.000000, 76.722, -4.4071
21200.000000, 75.476, -2.2386
21400.000000, 73.753, -0.1462
21800.000000, 68.348, 20.1701
22000.000000, 65.225, -37.2535
22400.000000, 59.032, 21.7392
22700.000000, 54.479, 15.3516
23000.000000, 49.788, 21.6451
23300.000000, 45.431, 83.8261
23600.000000, 45.429, 165.3077
24000.000000, 49.020, -151.4497
