* Measurement data measured by REW V5.31.3
* Source: Analog 1/2 (E2x2), LINE_IN (Master Volume), L, volume: 1.000. Timing signal peak level -51.1 dBFS, measurement signal peak level -32.8 dBFS
* Format: 2M Log Swept Sine, 1 sweep at -28.8 dBFS using an acoustic timing reference
* Dated: Jul 16, 2025 7:44:15 AM
* REW Settings:
*  C-weighting compensation: Off
*  Target level: 85.0 dB
* Note: ; Fosi DS1 & E2x2 Delay -0.0527 ms (-18 mm, -0.71 in) using estimated IR delay relative to Acoustic reference played from Master Volume R with no timing offset Clock adjustment: -27.6 ppm
* Measurement: 75 Ohm R
* Smoothing: 1/24 octave
* Frequency Step: 1/48 octave
* Start Frequency: 1.000 Hz
*
* Freq(Hz), SPL(dB), Phase(degrees)
1.000000, 68.143, -154.6107
1.015000, 68.201, -155.0753
1.030000, 68.265, -155.5497
1.044000, 68.332, -156.0043
1.060000, 68.417, -156.5406
1.075000, 68.506, -157.0618
1.090000, 68.605, -157.5995
1.106000, 68.721, -158.1722
1.120000, 68.831, -158.6383
1.138000, 68.982, -159.1664
1.150000, 69.089, -159.4741
1.172000, 69.295, -160.0433
1.180000, 69.374, -160.3179
1.206000, 69.640, -161.1207
1.220000, 69.789, -161.5064
1.241000, 70.019, -162.0334
1.250000, 70.121, -162.2427
1.265000, 70.292, -162.5724
1.280000, 70.466, -162.8816
1.315000, 70.879, -163.5417
1.320000, 70.939, -163.6307
1.340000, 71.179, -163.9774
1.360000, 71.419, -164.3095
1.380000, 71.658, -164.7645
1.400000, 71.894, -165.2677
1.430000, 72.243, -166.0292
1.450000, 72.469, -166.5445
1.475000, 72.746, -167.1790
1.500000, 73.022, -167.7483
1.525000, 73.299, -168.2323
1.550000, 73.578, -168.6391
1.575000, 73.858, -169.0528
1.600000, 74.138, -169.5427
1.625000, 74.418, -169.9897
1.650000, 74.698, -170.4048
1.675000, 74.977, -170.7975
1.700000, 75.254, -171.1763
1.725000, 75.530, -171.5490
1.750000, 75.804, -171.9219
1.775000, 76.075, -172.3544
1.800000, 76.343, -172.9022
1.825000, 76.607, -173.4584
1.850000, 76.869, -174.0092
1.875000, 77.129, -174.5290
1.900000, 77.387, -175.0107
1.925000, 77.643, -175.4566
1.950000, 77.898, -175.8696
1.975000, 78.150, -176.3051
2.000000, 78.401, -176.8165
2.030000, 78.699, -177.4016
2.060000, 78.994, -177.9687
2.090000, 79.286, -178.5252
2.120000, 79.574, -179.0783
2.140000, 79.764, -179.4483
2.180000, 80.140, 179.7501
2.200000, 80.325, 179.2966
2.240000, 80.691, 178.4063
2.270000, 80.961, 177.7665
2.300000, 81.227, 177.1525
2.330000, 81.490, 176.5630
2.360000, 81.750, 175.9943
2.400000, 82.092, 175.1454
2.430000, 82.344, 174.5089
2.470000, 82.675, 173.6757
2.500000, 82.920, 173.0574
2.540000, 83.242, 172.2355
2.580000, 83.558, 171.3740
2.620000, 83.869, 170.4421
2.650000, 84.098, 169.7587
2.690000, 84.399, 168.8690
2.720000, 84.621, 168.2185
2.760000, 84.912, 167.3763
2.800000, 85.197, 166.4672
2.850000, 85.547, 165.3435
2.900000, 85.889, 164.2415
2.950000, 86.222, 163.1519
3.000000, 86.548, 162.0020
3.040000, 86.802, 161.0690
3.070000, 86.989, 160.3797
3.110000, 87.234, 159.4769
3.150000, 87.474, 158.5940
3.200000, 87.768, 157.4614
3.250000, 88.056, 156.3312
3.300000, 88.336, 155.2247
3.350000, 88.610, 154.1326
3.400000, 88.877, 152.9925
3.450000, 89.137, 151.8453
3.500000, 89.390, 150.7228
3.550000, 89.637, 149.6309
3.600000, 89.878, 148.5245
3.650000, 90.114, 147.4288
3.700000, 90.345, 146.3535
3.750000, 90.569, 145.2882
3.820000, 90.873, 143.7568
3.870000, 91.084, 142.6736
3.950000, 91.411, 140.9964
4.000000, 91.610, 139.9525
4.060000, 91.843, 138.7141
4.120000, 92.069, 137.4954
4.180000, 92.288, 136.2842
4.250000, 92.537, 134.8529
4.310000, 92.744, 133.6633
4.370000, 92.946, 132.5054
4.440000, 93.176, 131.1492
4.500000, 93.367, 130.0064
4.550000, 93.522, 129.0689
4.620000, 93.734, 127.7466
4.680000, 93.911, 126.6342
4.750000, 94.114, 125.3747
4.820000, 94.311, 124.1152
4.870000, 94.449, 123.2236
4.940000, 94.637, 121.9970
5.000000, 94.795, 120.9484
5.080000, 95.000, 119.5685
5.150000, 95.175, 118.3936
5.220000, 95.347, 117.2159
5.300000, 95.537, 115.8849
5.380000, 95.722, 114.5785
5.450000, 95.880, 113.4361
5.520000, 96.035, 112.3185
5.600000, 96.207, 111.0492
5.700000, 96.416, 109.4695
5.800000, 96.617, 107.9194
5.900000, 96.813, 106.3860
6.000000, 97.001, 104.8724
6.080000, 97.147, 103.6646
6.150000, 97.272, 102.6287
6.220000, 97.393, 101.5950
6.300000, 97.528, 100.4287
6.400000, 97.691, 98.9850
6.500000, 97.848, 97.5536
6.600000, 98.000, 96.1515
6.700000, 98.146, 94.7631
6.800000, 98.287, 93.3946
6.900000, 98.422, 92.0425
7.000000, 98.553, 90.7187
7.100000, 98.680, 89.4084
7.200000, 98.802, 88.1198
7.300000, 98.920, 86.8489
7.400000, 99.034, 85.6029
7.500000, 99.144, 84.3701
7.620000, 99.272, 82.9173
7.750000, 99.405, 81.3765
7.880000, 99.533, 79.8572
8.000000, 99.647, 78.4836
8.120000, 99.757, 77.1315
8.250000, 99.872, 75.6882
8.380000, 99.983, 74.2713
8.500000, 100.081, 72.9824
8.620000, 100.176, 71.7128
8.750000, 100.275, 70.3591
8.850000, 100.349, 69.3306
9.000000, 100.454, 67.8137
9.120000, 100.536, 66.6194
9.250000, 100.621, 65.3461
9.380000, 100.702, 64.0948
9.500000, 100.775, 62.9552
9.620000, 100.847, 61.8349
9.750000, 100.920, 60.6391
9.880000, 100.984, 59.4593
10.000000, 101.031, 58.3900
10.150000, 101.076, 57.0500
10.300000, 101.112, 55.7393
10.440000, 101.138, 54.5408
10.600000, 101.165, 53.1990
10.750000, 101.190, 51.9671
10.900000, 101.215, 50.7592
11.060000, 101.239, 49.4806
11.200000, 101.259, 48.3586
11.380000, 101.280, 46.9466
11.500000, 101.292, 46.0241
11.720000, 101.313, 44.3720
11.800000, 101.320, 43.7840
12.060000, 101.345, 41.9052
12.200000, 101.358, 40.8987
12.410000, 101.379, 39.4244
12.500000, 101.386, 38.8052
12.650000, 101.398, 37.7892
12.800000, 101.409, 36.7921
13.150000, 101.429, 34.5090
13.200000, 101.432, 34.1855
13.400000, 101.442, 32.9087
13.600000, 101.453, 31.6596
13.800000, 101.462, 30.4375
14.000000, 101.470, 29.2401
14.300000, 101.477, 27.4584
14.500000, 101.480, 26.3020
14.750000, 101.481, 24.8926
15.000000, 101.481, 23.5201
15.250000, 101.484, 22.1583
15.500000, 101.487, 20.8288
15.750000, 101.487, 19.5304
16.000000, 101.486, 18.2601
16.250000, 101.484, 16.9949
16.500000, 101.479, 15.7540
16.750000, 101.473, 14.5366
17.000000, 101.468, 13.3397
17.250000, 101.462, 12.1489
17.500000, 101.454, 10.9780
17.750000, 101.444, 9.8298
18.000000, 101.432, 8.7031
18.250000, 101.418, 7.5871
18.500000, 101.402, 6.4930
18.750000, 101.386, 5.4215
19.000000, 101.370, 4.3705
19.250000, 101.353, 3.3252
19.500000, 101.336, 2.2977
19.750000, 101.318, 1.2883
20.000000, 101.298, 0.2983
20.299999, 101.271, -0.8749
20.600000, 101.243, -2.0138
20.900000, 101.214, -3.1182
21.200001, 101.186, -4.2004
21.400000, 101.167, -4.9120
21.799999, 101.129, -6.3177
22.000000, 101.111, -7.0176
22.400000, 101.071, -8.4269
22.700001, 101.037, -9.4774
23.000000, 100.999, -10.5129
23.299999, 100.957, -11.5297
23.600000, 100.913, -12.5134
24.000000, 100.853, -13.7711
24.299999, 100.809, -14.6871
24.700001, 100.753, -15.8805
25.000000, 100.712, -16.7637
25.400000, 100.656, -17.9414
25.799999, 100.598, -19.1044
26.200001, 100.536, -20.2480
26.500000, 100.489, -21.0892
26.900000, 100.425, -22.1841
27.200001, 100.378, -22.9914
27.600000, 100.316, -24.0537
28.000000, 100.253, -25.1025
28.500000, 100.174, -26.4034
29.000000, 100.091, -27.6807
29.500000, 100.005, -28.9290
30.000000, 99.917, -30.1364
30.400000, 99.845, -31.0793
30.700001, 99.791, -31.7739
31.100000, 99.720, -32.6893
31.500000, 99.648, -33.5980
32.000000, 99.557, -34.7137
32.500000, 99.463, -35.8013
33.000000, 99.368, -36.8516
33.500000, 99.275, -37.8782
34.000000, 99.185, -38.8931
34.500000, 99.095, -39.9061
35.000000, 99.003, -40.9059
35.500000, 98.908, -41.8818
36.000000, 98.813, -42.8254
36.500000, 98.717, -43.7450
37.000000, 98.623, -44.6485
37.500000, 98.529, -45.5459
38.200001, 98.394, -46.7832
38.700001, 98.295, -47.6451
39.500000, 98.137, -48.9792
40.000000, 98.039, -49.7921
40.599998, 97.922, -50.7566
41.200001, 97.804, -51.7042
41.799999, 97.685, -52.6294
42.500000, 97.547, -53.6808
43.099998, 97.431, -54.5630
43.700001, 97.314, -55.4281
44.400002, 97.177, -56.4116
45.000000, 97.060, -57.2356
45.500000, 96.962, -57.9095
46.200001, 96.823, -58.8253
46.799999, 96.706, -59.5867
47.500000, 96.573, -60.4679
48.200001, 96.438, -61.3518
48.700001, 96.340, -61.9752
49.400002, 96.201, -62.8209
50.000000, 96.082, -63.5211
50.799999, 95.922, -64.4260
51.500000, 95.783, -65.1865
52.200001, 95.646, -65.9246
53.000000, 95.490, -66.7606
53.799999, 95.330, -67.5811
54.500000, 95.188, -68.2682
55.200001, 95.049, -68.9351
56.000000, 94.891, -69.7053
57.000000, 94.690, -70.6616
58.000000, 94.490, -71.6017
59.000000, 94.281, -72.5504
60.000000, 94.065, -73.3265
60.799999, 93.912, -73.8640
61.500000, 93.789, -74.3953
62.200001, 93.661, -74.9636
63.000000, 93.508, -75.5853
64.000000, 93.318, -76.3231
65.000000, 93.125, -77.0258
66.000000, 92.935, -77.6873
67.000000, 92.746, -78.3469
68.000000, 92.558, -78.9608
69.000000, 92.378, -79.5831
70.000000, 92.188, -80.2718
71.000000, 91.982, -80.8478
72.000000, 91.785, -81.3034
73.000000, 91.596, -81.7721
74.000000, 91.406, -82.2496
75.000000, 91.214, -82.7238
76.199997, 90.983, -83.2683
77.500000, 90.738, -83.8204
78.800003, 90.498, -84.3575
80.000000, 90.276, -84.8342
81.199997, 90.051, -85.2614
82.500000, 89.811, -85.6585
83.800003, 89.575, -86.0429
85.000000, 89.358, -86.4031
86.199997, 89.142, -86.7423
87.500000, 88.910, -87.0831
88.500000, 88.731, -87.3237
90.000000, 88.465, -87.6247
91.199997, 88.254, -87.8355
92.500000, 88.026, -88.0427
93.800003, 87.800, -88.2227
95.000000, 87.593, -88.3909
96.199997, 87.385, -88.5468
97.500000, 87.158, -88.6598
98.800003, 86.935, -88.7177
100.000000, 86.733, -88.7603
101.500000, 86.482, -88.8212
103.000000, 86.230, -88.8943
104.400002, 85.995, -88.9336
106.000000, 85.731, -88.9166
107.500000, 85.489, -88.8262
109.000000, 85.252, -88.6797
110.599998, 85.001, -88.5227
112.000000, 84.780, -88.3820
113.800003, 84.500, -88.1694
115.000000, 84.320, -88.0219
117.199997, 83.988, -87.6304
118.000000, 83.872, -87.4104
120.599998, 83.501, -86.7793
122.000000, 83.287, -86.4595
124.099998, 82.962, -85.9397
125.000000, 82.830, -85.7040
126.500000, 82.622, -85.3658
128.000000, 82.419, -85.0175
131.500000, 81.973, -83.9577
132.000000, 81.910, -83.7955
134.000000, 81.654, -83.0964
136.000000, 81.394, -82.2994
138.000000, 81.141, -81.4512
140.000000, 80.907, -80.5957
143.000000, 80.583, -79.4140
145.000000, 80.378, -78.6122
147.500000, 80.113, -77.5688
150.000000, 79.858, -76.4460
152.500000, 79.614, -75.3510
155.000000, 79.380, -74.1375
157.500000, 79.150, -72.8228
160.000000, 78.924, -71.4654
162.500000, 78.713, -70.1309
165.000000, 78.512, -68.8921
167.500000, 78.321, -67.6118
170.000000, 78.145, -66.3308
172.500000, 77.978, -65.0175
175.000000, 77.827, -63.6836
177.500000, 77.688, -62.4302
180.000000, 77.545, -61.1904
182.500000, 77.404, -59.8253
185.000000, 77.274, -58.4540
187.500000, 77.153, -57.1481
190.000000, 77.041, -55.8881
192.500000, 76.940, -54.6318
195.000000, 76.846, -53.4366
197.500000, 76.753, -52.2606
200.000000, 76.671, -51.0649
203.000000, 76.584, -49.6010
206.000000, 76.513, -47.9410
209.000000, 76.471, -46.2842
212.000000, 76.411, -44.9160
214.000000, 76.364, -43.9224
218.000000, 76.344, -42.0269
220.000000, 76.351, -41.2762
224.000000, 76.336, -39.9489
227.000000, 76.314, -38.8737
230.000000, 76.292, -37.8071
233.000000, 76.268, -36.8270
236.000000, 76.253, -35.9301
240.000000, 76.244, -34.7657
243.000000, 76.221, -33.8345
247.000000, 76.187, -32.6170
250.000000, 76.168, -31.7687
254.000000, 76.151, -30.6725
258.000000, 76.135, -29.5721
262.000000, 76.126, -28.4692
265.000000, 76.123, -27.6653
269.000000, 76.120, -26.6554
272.000000, 76.117, -25.9485
276.000000, 76.115, -25.0540
280.000000, 76.121, -24.1719
285.000000, 76.132, -23.0629
290.000000, 76.134, -22.0024
295.000000, 76.129, -20.9822
300.000000, 76.119, -20.0284
304.000000, 76.129, -19.2663
307.000000, 76.137, -18.7139
311.000000, 76.141, -18.0065
315.000000, 76.144, -17.3185
320.000000, 76.153, -16.4504
325.000000, 76.161, -15.5958
330.000000, 76.176, -14.8005
335.000000, 76.188, -14.0099
340.000000, 76.194, -13.2124
345.000000, 76.196, -12.4468
350.000000, 76.198, -11.7112
355.000000, 76.204, -10.9745
360.000000, 76.208, -10.2715
365.000000, 76.212, -9.5619
370.000000, 76.216, -8.8613
375.000000, 76.221, -8.1755
382.000000, 76.225, -7.2946
387.000000, 76.226, -6.6532
395.000000, 76.225, -5.6193
400.000000, 76.228, -4.9734
406.000000, 76.234, -4.1916
412.000000, 76.243, -3.4352
418.000000, 76.256, -2.7346
425.000000, 76.274, -1.9660
431.000000, 76.286, -1.3354
437.000000, 76.293, -0.7195
444.000000, 76.299, -0.0024
450.000000, 76.303, 0.6057
455.000000, 76.306, 1.1008
462.000000, 76.313, 1.7987
468.000000, 76.316, 2.3782
475.000000, 76.317, 3.0557
482.000000, 76.323, 3.6993
487.000000, 76.319, 4.1622
494.000000, 76.314, 4.8214
500.000000, 76.317, 5.3821
508.000000, 76.326, 6.1489
515.000000, 76.331, 6.7814
522.000000, 76.334, 7.3942
530.000000, 76.334, 8.1312
538.000000, 76.335, 8.8461
545.000000, 76.341, 9.4767
552.000000, 76.347, 10.1078
560.000000, 76.352, 10.8224
570.000000, 76.359, 11.7084
580.000000, 76.367, 12.5736
590.000000, 76.374, 13.4403
600.000000, 76.381, 14.3120
608.000000, 76.386, 15.0078
615.000000, 76.389, 15.6322
622.000000, 76.390, 16.2539
630.000000, 76.393, 16.9427
640.000000, 76.398, 17.8063
650.000000, 76.401, 18.6857
660.000000, 76.406, 19.5667
670.000000, 76.413, 20.4158
680.000000, 76.421, 21.2750
690.000000, 76.434, 22.1359
700.000000, 76.445, 22.9918
710.000000, 76.456, 23.8464
720.000000, 76.470, 24.7180
730.000000, 76.487, 25.5710
740.000000, 76.504, 26.4292
750.000000, 76.522, 27.2853
762.000000, 76.549, 28.2980
775.000000, 76.577, 29.3951
788.000000, 76.609, 30.4752
800.000000, 76.640, 31.4607
812.000000, 76.673, 32.4586
825.000000, 76.713, 33.5169
838.000000, 76.752, 34.5616
850.000000, 76.792, 35.5140
862.000000, 76.832, 36.4467
875.000000, 76.877, 37.4526
885.000000, 76.914, 38.2220
900.000000, 76.973, 39.3381
912.000000, 77.020, 40.1921
925.000000, 77.075, 41.0928
938.000000, 77.133, 41.9979
950.000000, 77.187, 42.8313
962.000000, 77.238, 43.6502
975.000000, 77.292, 44.5094
988.000000, 77.346, 45.3455
1000.000000, 77.395, 46.1058
1015.000000, 77.457, 47.0062
1030.000000, 77.522, 47.8642
1044.000000, 77.584, 48.6706
1060.000000, 77.651, 49.5645
1075.000000, 77.712, 50.3806
1090.000000, 77.780, 51.1906
1106.000000, 77.860, 52.0374
1120.000000, 77.931, 52.7629
1138.000000, 78.024, 53.6447
1150.000000, 78.084, 54.2166
1172.000000, 78.191, 55.2521
1180.000000, 78.229, 55.6326
1206.000000, 78.348, 56.8690
1220.000000, 78.414, 57.5251
1241.000000, 78.515, 58.4981
1250.000000, 78.559, 58.9149
1265.000000, 78.633, 59.5989
1280.000000, 78.705, 60.2634
1315.000000, 78.870, 61.8411
1320.000000, 78.892, 62.0705
1340.000000, 78.973, 62.9950
1360.000000, 79.038, 63.9209
1380.000000, 79.103, 64.8242
1400.000000, 79.187, 65.7077
1430.000000, 79.320, 67.0339
1450.000000, 79.408, 67.8928
1475.000000, 79.519, 68.9453
1500.000000, 79.627, 69.9937
1525.000000, 79.732, 71.0128
1550.000000, 79.831, 72.0247
1575.000000, 79.927, 73.0323
1600.000000, 80.020, 74.0238
1625.000000, 80.111, 75.0096
1650.000000, 80.204, 76.0031
1675.000000, 80.299, 77.0056
1700.000000, 80.391, 78.0056
1725.000000, 80.480, 79.0060
1750.000000, 80.570, 79.9927
1775.000000, 80.661, 80.9734
1800.000000, 80.754, 81.9449
1825.000000, 80.847, 82.9141
1850.000000, 80.943, 83.8928
1875.000000, 81.040, 84.8680
1900.000000, 81.136, 85.8116
1925.000000, 81.234, 86.7525
1950.000000, 81.333, 87.6928
1975.000000, 81.434, 88.6248
2000.000000, 81.535, 89.5546
2030.000000, 81.659, 90.6486
2060.000000, 81.784, 91.7235
2090.000000, 81.911, 92.7682
2120.000000, 82.041, 93.7948
2140.000000, 82.130, 94.4728
2180.000000, 82.311, 95.8032
2200.000000, 82.400, 96.4541
2240.000000, 82.577, 97.7234
2270.000000, 82.711, 98.6464
2300.000000, 82.847, 99.5458
2330.000000, 82.986, 100.4145
2360.000000, 83.128, 101.2524
2400.000000, 83.321, 102.3155
2430.000000, 83.466, 103.0717
2470.000000, 83.661, 104.0228
2500.000000, 83.807, 104.6964
2540.000000, 84.001, 105.5321
2580.000000, 84.193, 106.2908
2620.000000, 84.383, 106.9831
2650.000000, 84.524, 107.4515
2690.000000, 84.708, 108.0167
2720.000000, 84.843, 108.4045
2760.000000, 85.018, 108.8665
2800.000000, 85.189, 109.2637
2850.000000, 85.393, 109.6673
2900.000000, 85.587, 109.9821
2950.000000, 85.770, 110.2079
3000.000000, 85.941, 110.3578
3040.000000, 86.069, 110.4194
3070.000000, 86.160, 110.4329
3110.000000, 86.275, 110.4146
3150.000000, 86.381, 110.3535
3200.000000, 86.499, 110.2133
3250.000000, 86.600, 110.0012
3300.000000, 86.682, 109.7467
3350.000000, 86.746, 109.4538
3400.000000, 86.793, 109.1425
3450.000000, 86.827, 108.8249
3500.000000, 86.848, 108.5045
3550.000000, 86.852, 108.1768
3600.000000, 86.837, 107.8495
3650.000000, 86.803, 107.5396
3700.000000, 86.748, 107.2664
3750.000000, 86.672, 107.0577
3820.000000, 86.538, 106.8824
3870.000000, 86.424, 106.8582
3950.000000, 86.214, 106.9882
4000.000000, 86.071, 107.1632
4060.000000, 85.888, 107.4608
4120.000000, 85.691, 107.8655
4180.000000, 85.482, 108.3989
4250.000000, 85.226, 109.1851
4310.000000, 84.997, 110.0058
4370.000000, 84.758, 110.9579
4440.000000, 84.472, 112.2137
4500.000000, 84.226, 113.4092
4550.000000, 84.023, 114.4815
4620.000000, 83.740, 116.0815
4680.000000, 83.501, 117.5587
4750.000000, 83.225, 119.3864
4820.000000, 82.952, 121.3212
4870.000000, 82.759, 122.7676
4940.000000, 82.494, 124.8819
5000.000000, 82.271, 126.7779
5080.000000, 81.985, 129.4223
5150.000000, 81.745, 131.8351
5220.000000, 81.512, 134.3235
5300.000000, 81.257, 137.2892
5380.000000, 81.015, 140.3543
5450.000000, 80.816, 143.1057
5520.000000, 80.634, 145.9341
5600.000000, 80.442, 149.2590
5700.000000, 80.224, 153.5117
5800.000000, 80.036, 157.8452
5900.000000, 79.879, 162.2501
6000.000000, 79.758, 166.7128
6080.000000, 79.686, 170.3177
6150.000000, 79.642, 173.4639
6220.000000, 79.619, 176.6012
6300.000000, 79.614, -179.8174
6400.000000, 79.641, -175.3904
6500.000000, 79.708, -171.0338
6600.000000, 79.816, -166.8094
6700.000000, 79.966, -162.7641
6800.000000, 80.159, -158.9499
6900.000000, 80.405, -155.4323
7000.000000, 80.696, -152.2355
7100.000000, 81.001, -149.3865
7200.000000, 81.306, -146.8471
7300.000000, 81.606, -144.5077
7400.000000, 81.919, -142.2990
7500.000000, 82.280, -140.2635
7620.000000, 82.826, -138.4441
7750.000000, 83.514, -138.0943
7880.000000, 84.063, -140.0546
8000.000000, 84.291, -143.7216
8120.000000, 84.147, -148.2926
8250.000000, 83.547, -152.9043
8380.000000, 82.578, -155.9833
8500.000000, 81.492, -156.9792
8620.000000, 80.335, -156.2228
8750.000000, 79.084, -153.7141
8850.000000, 78.156, -150.8296
9000.000000, 76.857, -145.3529
9120.000000, 75.903, -140.2224
9250.000000, 74.954, -134.0937
9380.000000, 74.087, -127.5221
9500.000000, 73.361, -121.1393
9620.000000, 72.702, -114.5202
9750.000000, 72.063, -107.1801
9880.000000, 71.487, -99.7112
10000.000000, 71.002, -92.6791
10150.000000, 70.467, -83.7377
10300.000000, 70.004, -74.7334
10440.000000, 69.635, -66.2497
10600.000000, 69.282, -56.4998
10750.000000, 69.010, -47.2939
10900.000000, 68.795, -38.0427
11060.000000, 68.639, -28.1412
11200.000000, 68.564, -19.4588
11380.000000, 68.546, -8.3315
11500.000000, 68.586, -0.9641
11720.000000, 68.791, 12.3744
11800.000000, 68.907, 17.1400
12060.000000, 69.440, 32.2189
12200.000000, 69.820, 39.9600
12410.000000, 70.506, 50.8059
12500.000000, 70.844, 55.1314
12650.000000, 71.468, 61.8132
12800.000000, 72.158, 67.6607
13150.000000, 73.893, 77.1142
13200.000000, 74.133, 77.9002
13400.000000, 74.995, 79.5389
13600.000000, 75.580, 79.0872
13800.000000, 75.771, 77.4878
14000.000000, 75.545, 76.0488
14300.000000, 74.606, 76.4627
14500.000000, 73.793, 79.0293
14750.000000, 72.799, 84.5774
15000.000000, 71.983, 91.5989
15250.000000, 71.369, 98.5970
15500.000000, 70.844, 104.7919
15750.000000, 70.277, 110.3589
16000.000000, 69.560, 115.9672
16250.000000, 68.683, 122.0747
16500.000000, 67.679, 129.0647
16750.000000, 66.588, 137.2685
17000.000000, 65.461, 146.7302
17250.000000, 64.356, 157.4196
17500.000000, 63.314, 169.2136
17750.000000, 62.393, -177.8792
18000.000000, 61.584, -164.1604
18250.000000, 60.892, -149.8860
18500.000000, 60.372, -135.2008
18750.000000, 60.030, -120.0761
19000.000000, 59.857, -104.9490
19250.000000, 59.812, -90.2263
19500.000000, 59.873, -76.2065
19750.000000, 60.054, -63.5121
20000.000000, 60.190, -52.4882
20300.000000, 60.168, -41.2343
20600.000000, 59.840, -31.9718
20900.000000, 59.049, -22.5280
21200.000000, 57.863, -9.9530
21400.000000, 57.019, 0.7051
21800.000000, 55.701, 26.6140
22000.000000, 55.400, 41.0363
22400.000000, 55.599, 69.8151
22700.000000, 56.342, 90.6808
23000.000000, 57.186, 110.0619
23300.000000, 57.040, 131.9528
23600.000000, 55.420, 161.7437
24000.000000, 53.369, 147.0311
