* Measurement data measured by REW V5.31.3
* Source: Analog 1/2 (E2x2), LINE_IN (Master Volume), L, volume: 1.000. Timing signal peak level -35.3 dBFS, measurement signal peak level -24.7 dBFS
* Format: 2M Log Swept Sine, 1 sweep at -28.8 dBFS using an acoustic timing reference
* Dated: Jul 16, 2025 7:35:44 AM
* REW Settings:
*  C-weighting compensation: Off
*  Target level: 85.0 dB
* Note: ; Fosi DS1 & E2x2 Delay -0.0597 ms (-20 mm, -0.81 in) using estimated IR delay relative to Acoustic reference played from Master Volume L with no timing offset Clock adjustment: -27.4 ppm
* Measurement: L
* Smoothing: 1/24 octave
* Frequency Step: 1/48 octave
* Start Frequency: 1.000 Hz
*
* Freq(Hz), SPL(dB), Phase(degrees)
1.000000, 76.955, -160.9657
1.015000, 76.955, -161.1425
1.030000, 76.964, -161.3393
1.044000, 76.980, -161.5426
1.060000, 77.009, -161.7997
1.075000, 77.049, -162.0656
1.090000, 77.100, -162.3539
1.106000, 77.168, -162.6696
1.120000, 77.237, -162.9238
1.138000, 77.338, -163.2007
1.150000, 77.411, -163.3542
1.172000, 77.560, -163.6660
1.180000, 77.617, -163.8546
1.206000, 77.818, -164.4032
1.220000, 77.934, -164.6664
1.241000, 78.116, -165.0260
1.250000, 78.197, -165.1689
1.265000, 78.335, -165.3943
1.280000, 78.476, -165.6063
1.315000, 78.818, -166.0624
1.320000, 78.868, -166.1244
1.340000, 79.069, -166.3677
1.360000, 79.272, -166.6025
1.380000, 79.475, -166.9650
1.400000, 79.678, -167.3796
1.430000, 79.977, -168.0131
1.450000, 80.172, -168.4455
1.475000, 80.411, -168.9802
1.500000, 80.652, -169.4586
1.525000, 80.898, -169.8620
1.550000, 81.147, -170.1974
1.575000, 81.401, -170.5473
1.600000, 81.657, -170.9792
1.625000, 81.915, -171.3731
1.650000, 82.174, -171.7383
1.675000, 82.435, -172.0832
1.700000, 82.695, -172.4154
1.725000, 82.954, -172.7418
1.750000, 83.212, -173.0680
1.775000, 83.467, -173.4527
1.800000, 83.720, -173.9508
1.825000, 83.970, -174.4556
1.850000, 84.217, -174.9538
1.875000, 84.463, -175.4216
1.900000, 84.708, -175.8527
1.925000, 84.953, -176.2496
1.950000, 85.198, -176.6150
1.975000, 85.441, -177.0043
2.000000, 85.683, -177.4707
2.030000, 85.971, -178.0031
2.060000, 86.258, -178.5184
2.090000, 86.541, -179.0237
2.120000, 86.822, -179.5253
2.140000, 87.007, -179.8608
2.180000, 87.373, 179.4081
2.200000, 87.553, 178.9907
2.240000, 87.909, 178.1744
2.270000, 88.173, 177.5906
2.300000, 88.434, 177.0326
2.330000, 88.693, 176.4984
2.360000, 88.948, 175.9842
2.400000, 89.284, 175.2065
2.430000, 89.533, 174.6222
2.470000, 89.860, 173.8575
2.500000, 90.102, 173.2899
2.540000, 90.421, 172.5351
2.580000, 90.733, 171.7413
2.620000, 91.041, 170.8789
2.650000, 91.268, 170.2484
2.690000, 91.567, 169.4294
2.720000, 91.787, 168.8314
2.760000, 92.077, 168.0580
2.800000, 92.361, 167.2161
2.850000, 92.710, 166.1737
2.900000, 93.051, 165.1502
2.950000, 93.384, 164.1378
3.000000, 93.709, 163.0665
3.040000, 93.963, 162.1971
3.070000, 94.151, 161.5555
3.110000, 94.396, 160.7156
3.150000, 94.638, 159.8941
3.200000, 94.933, 158.8357
3.250000, 95.221, 157.7763
3.300000, 95.504, 156.7378
3.350000, 95.780, 155.7132
3.400000, 96.048, 154.6410
3.450000, 96.310, 153.5617
3.500000, 96.566, 152.5056
3.550000, 96.815, 151.4778
3.600000, 97.059, 150.4327
3.650000, 97.298, 149.3950
3.700000, 97.531, 148.3755
3.750000, 97.758, 147.3656
3.820000, 98.066, 145.9108
3.870000, 98.280, 144.8809
3.950000, 98.611, 143.2849
4.000000, 98.813, 142.2887
4.060000, 99.049, 141.1045
4.120000, 99.279, 139.9382
4.180000, 99.502, 138.7780
4.250000, 99.754, 137.4044
4.310000, 99.964, 136.2625
4.370000, 100.169, 135.1502
4.440000, 100.401, 133.8445
4.500000, 100.595, 132.7432
4.550000, 100.752, 131.8394
4.620000, 100.966, 130.5633
4.680000, 101.145, 129.4898
4.750000, 101.349, 128.2753
4.820000, 101.548, 127.0600
4.870000, 101.686, 126.1993
4.940000, 101.875, 125.0155
5.000000, 102.034, 124.0037
5.080000, 102.239, 122.6739
5.150000, 102.415, 121.5441
5.220000, 102.585, 120.4125
5.300000, 102.775, 119.1349
5.380000, 102.959, 117.8832
5.450000, 103.116, 116.7905
5.520000, 103.270, 115.7247
5.600000, 103.441, 114.5172
5.700000, 103.649, 113.0178
5.800000, 103.850, 111.5507
5.900000, 104.044, 110.1039
6.000000, 104.232, 108.6810
6.080000, 104.378, 107.5482
6.150000, 104.502, 106.5785
6.220000, 104.624, 105.6114
6.300000, 104.760, 104.5223
6.400000, 104.925, 103.1776
6.500000, 105.085, 101.8457
6.600000, 105.239, 100.5416
6.700000, 105.389, 99.2506
6.800000, 105.533, 97.9793
6.900000, 105.674, 96.7227
7.000000, 105.810, 95.4913
7.100000, 105.941, 94.2715
7.200000, 106.069, 93.0716
7.300000, 106.193, 91.8869
7.400000, 106.313, 90.7243
7.500000, 106.429, 89.5729
7.620000, 106.563, 88.2159
7.750000, 106.704, 86.7768
7.880000, 106.839, 85.3574
8.000000, 106.959, 84.0758
8.120000, 107.075, 82.8162
8.250000, 107.196, 81.4743
8.380000, 107.312, 80.1601
8.500000, 107.416, 78.9681
8.620000, 107.516, 77.7975
8.750000, 107.621, 76.5527
8.850000, 107.700, 75.6093
9.000000, 107.813, 74.2222
9.120000, 107.900, 73.1326
9.250000, 107.992, 71.9728
9.380000, 108.080, 70.8356
9.500000, 108.160, 69.8007
9.620000, 108.238, 68.7847
9.750000, 108.319, 67.7013
9.880000, 108.389, 66.6334
10.000000, 108.443, 65.6669
10.150000, 108.496, 64.4555
10.300000, 108.539, 63.2745
10.440000, 108.573, 62.1982
10.600000, 108.607, 60.9984
10.750000, 108.639, 59.9028
10.900000, 108.671, 58.8340
11.060000, 108.703, 57.7068
11.200000, 108.729, 56.7198
11.380000, 108.760, 55.4829
11.500000, 108.779, 54.6777
11.720000, 108.813, 53.2396
11.800000, 108.825, 52.7284
12.060000, 108.867, 51.0943
12.200000, 108.890, 50.2155
12.410000, 108.924, 48.9272
12.500000, 108.938, 48.3859
12.650000, 108.960, 47.4974
12.800000, 108.980, 46.6262
13.150000, 109.020, 44.6335
13.200000, 109.026, 44.3515
13.400000, 109.047, 43.2421
13.600000, 109.068, 42.1626
13.800000, 109.089, 41.1122
14.000000, 109.107, 40.0877
14.300000, 109.133, 38.5654
14.500000, 109.147, 37.5797
14.750000, 109.164, 36.3792
15.000000, 109.181, 35.2101
15.250000, 109.200, 34.0460
15.500000, 109.218, 32.9104
15.750000, 109.234, 31.8038
16.000000, 109.247, 30.7256
16.250000, 109.259, 29.6542
16.500000, 109.268, 28.6102
16.750000, 109.277, 27.5932
17.000000, 109.285, 26.5999
17.250000, 109.294, 25.6145
17.500000, 109.302, 24.6499
17.750000, 109.309, 23.7065
18.000000, 109.314, 22.7823
18.250000, 109.317, 21.8653
18.500000, 109.319, 20.9669
18.750000, 109.320, 20.0885
19.000000, 109.321, 19.2296
19.250000, 109.321, 18.3765
19.500000, 109.322, 17.5415
19.750000, 109.321, 16.7239
20.000000, 109.319, 15.9225
20.299999, 109.316, 14.9672
20.600000, 109.311, 14.0333
20.900000, 109.304, 13.1210
21.200001, 109.295, 12.2230
21.400000, 109.288, 11.6344
21.799999, 109.272, 10.4882
22.000000, 109.263, 9.9290
22.400000, 109.245, 8.8235
22.700001, 109.231, 8.0118
23.000000, 109.216, 7.2114
23.299999, 109.201, 6.4147
23.600000, 109.184, 5.6289
24.000000, 109.161, 4.6029
24.299999, 109.142, 3.8458
24.700001, 109.116, 2.8628
25.000000, 109.095, 2.1442
25.400000, 109.068, 1.1974
25.799999, 109.039, 0.2709
26.200001, 109.010, -0.6409
26.500000, 108.987, -1.3145
26.900000, 108.955, -2.1927
27.200001, 108.931, -2.8402
27.600000, 108.899, -3.6883
28.000000, 108.867, -4.5190
28.500000, 108.825, -5.5415
29.000000, 108.781, -6.5377
29.500000, 108.736, -7.5112
30.000000, 108.689, -8.4582
30.400000, 108.650, -9.2031
30.700001, 108.620, -9.7524
31.100000, 108.579, -10.4741
31.500000, 108.538, -11.1870
32.000000, 108.486, -12.0612
32.500000, 108.432, -12.9215
33.000000, 108.378, -13.7621
33.500000, 108.322, -14.5856
34.000000, 108.268, -15.3899
34.500000, 108.216, -16.1821
35.000000, 108.163, -16.9613
35.500000, 108.110, -17.7291
36.000000, 108.055, -18.4801
36.500000, 108.000, -19.2165
37.000000, 107.945, -19.9379
37.500000, 107.889, -20.6495
38.200001, 107.810, -21.6267
38.700001, 107.751, -22.3115
39.500000, 107.657, -23.3818
40.000000, 107.597, -24.0341
40.599998, 107.525, -24.8033
41.200001, 107.452, -25.5563
41.799999, 107.379, -26.2936
42.500000, 107.294, -27.1334
43.099998, 107.223, -27.8379
43.700001, 107.153, -28.5316
44.400002, 107.069, -29.3254
45.000000, 106.998, -29.9929
45.500000, 106.938, -30.5413
46.200001, 106.853, -31.2933
46.799999, 106.779, -31.9221
47.500000, 106.694, -32.6411
48.200001, 106.607, -33.3466
48.700001, 106.545, -33.8383
49.400002, 106.458, -34.5052
50.000000, 106.384, -35.0677
50.799999, 106.286, -35.8209
51.500000, 106.197, -36.4695
52.200001, 106.107, -37.0936
53.000000, 106.005, -37.7864
53.799999, 105.902, -38.4670
54.500000, 105.811, -39.0519
55.200001, 105.720, -39.6283
56.000000, 105.615, -40.2783
57.000000, 105.481, -41.0613
58.000000, 105.351, -41.8203
59.000000, 105.219, -42.5914
60.000000, 105.082, -43.3169
60.799999, 104.975, -43.8470
61.500000, 104.886, -44.3073
62.200001, 104.797, -44.7679
63.000000, 104.694, -45.2844
64.000000, 104.565, -45.9277
65.000000, 104.430, -46.5414
66.000000, 104.295, -47.0993
67.000000, 104.163, -47.6505
68.000000, 104.029, -48.1959
69.000000, 103.893, -48.7249
70.000000, 103.757, -49.2433
71.000000, 103.621, -49.7417
72.000000, 103.486, -50.2189
73.000000, 103.352, -50.6811
74.000000, 103.218, -51.1306
75.000000, 103.084, -51.5613
76.199997, 102.922, -52.0512
77.500000, 102.747, -52.5529
78.800003, 102.573, -53.0297
80.000000, 102.411, -53.4492
81.199997, 102.250, -53.8477
82.500000, 102.075, -54.2567
83.800003, 101.901, -54.6405
85.000000, 101.742, -54.9651
86.199997, 101.585, -55.2715
87.500000, 101.416, -55.5869
88.500000, 101.286, -55.8114
90.000000, 101.091, -56.1222
91.199997, 100.935, -56.3480
92.500000, 100.768, -56.5652
93.800003, 100.601, -56.7603
95.000000, 100.448, -56.9199
96.199997, 100.295, -57.0670
97.500000, 100.128, -57.2093
98.800003, 99.962, -57.3251
100.000000, 99.810, -57.4132
101.500000, 99.619, -57.4962
103.000000, 99.431, -57.5438
104.400002, 99.255, -57.5774
106.000000, 99.054, -57.5554
107.500000, 98.874, -57.5045
109.000000, 98.695, -57.4539
110.599998, 98.505, -57.3710
112.000000, 98.340, -57.2746
113.800003, 98.128, -57.1148
115.000000, 97.989, -56.9860
117.199997, 97.737, -56.7369
118.000000, 97.645, -56.6373
120.599998, 97.356, -56.2405
122.000000, 97.207, -55.9958
124.099998, 96.987, -55.5999
125.000000, 96.895, -55.4155
126.500000, 96.743, -55.0947
128.000000, 96.593, -54.7585
131.500000, 96.252, -53.8907
132.000000, 96.205, -53.7584
134.000000, 96.021, -53.2177
136.000000, 95.842, -52.6422
138.000000, 95.670, -52.0402
140.000000, 95.503, -51.4204
143.000000, 95.262, -50.4469
145.000000, 95.109, -49.7745
147.500000, 94.925, -48.9094
150.000000, 94.749, -48.0229
152.500000, 94.579, -47.1244
155.000000, 94.416, -46.1953
157.500000, 94.263, -45.2297
160.000000, 94.119, -44.2581
162.500000, 93.981, -43.2831
165.000000, 93.851, -42.3098
167.500000, 93.730, -41.3451
170.000000, 93.615, -40.3735
172.500000, 93.505, -39.3967
175.000000, 93.399, -38.4224
177.500000, 93.299, -37.4611
180.000000, 93.205, -36.5166
182.500000, 93.116, -35.5715
185.000000, 93.034, -34.6241
187.500000, 92.958, -33.6932
190.000000, 92.886, -32.7815
192.500000, 92.820, -31.8873
195.000000, 92.759, -31.0024
197.500000, 92.702, -30.1228
200.000000, 92.647, -29.2562
203.000000, 92.583, -28.2305
206.000000, 92.521, -27.1918
209.000000, 92.464, -26.1063
212.000000, 92.416, -24.9783
214.000000, 92.391, -24.2052
218.000000, 92.368, -22.6533
220.000000, 92.372, -21.9183
224.000000, 92.400, -20.6351
227.000000, 92.423, -19.8552
230.000000, 92.440, -19.1748
233.000000, 92.447, -18.5420
236.000000, 92.448, -17.9318
240.000000, 92.443, -17.1349
243.000000, 92.436, -16.5200
247.000000, 92.427, -15.7133
250.000000, 92.423, -15.1227
254.000000, 92.417, -14.3445
258.000000, 92.412, -13.5934
262.000000, 92.409, -12.8525
265.000000, 92.408, -12.3008
269.000000, 92.408, -11.5725
272.000000, 92.409, -11.0408
276.000000, 92.412, -10.3490
280.000000, 92.418, -9.6832
285.000000, 92.426, -8.8848
290.000000, 92.436, -8.1198
295.000000, 92.445, -7.3740
300.000000, 92.452, -6.6458
304.000000, 92.458, -6.0546
307.000000, 92.465, -5.6200
311.000000, 92.476, -5.0604
315.000000, 92.486, -4.5236
320.000000, 92.499, -3.8676
325.000000, 92.512, -3.2271
330.000000, 92.524, -2.5998
335.000000, 92.536, -1.9758
340.000000, 92.547, -1.3719
345.000000, 92.558, -0.7812
350.000000, 92.568, -0.2004
355.000000, 92.576, 0.3652
360.000000, 92.586, 0.9217
365.000000, 92.595, 1.4670
370.000000, 92.604, 2.0015
375.000000, 92.614, 2.5253
382.000000, 92.629, 3.2270
387.000000, 92.637, 3.7260
395.000000, 92.650, 4.5144
400.000000, 92.658, 4.9969
406.000000, 92.667, 5.5608
412.000000, 92.674, 6.1080
418.000000, 92.681, 6.6461
425.000000, 92.688, 7.2743
431.000000, 92.693, 7.8151
437.000000, 92.698, 8.3546
444.000000, 92.707, 8.9927
450.000000, 92.716, 9.5444
455.000000, 92.726, 10.0011
462.000000, 92.742, 10.6132
468.000000, 92.758, 11.1058
475.000000, 92.776, 11.6510
482.000000, 92.792, 12.1666
487.000000, 92.801, 12.5240
494.000000, 92.813, 13.0165
500.000000, 92.821, 13.4371
508.000000, 92.830, 14.0123
515.000000, 92.837, 14.5256
522.000000, 92.843, 15.0441
530.000000, 92.852, 15.6340
538.000000, 92.861, 16.2197
545.000000, 92.869, 16.7352
552.000000, 92.876, 17.2571
560.000000, 92.886, 17.8540
570.000000, 92.898, 18.5894
580.000000, 92.911, 19.3159
590.000000, 92.925, 20.0416
600.000000, 92.938, 20.7665
608.000000, 92.947, 21.3499
615.000000, 92.952, 21.8582
622.000000, 92.955, 22.3682
630.000000, 92.958, 22.9648
640.000000, 92.966, 23.7108
650.000000, 92.973, 24.4351
660.000000, 92.984, 25.1734
670.000000, 92.997, 25.9079
680.000000, 93.006, 26.6315
690.000000, 93.018, 27.3857
700.000000, 93.034, 28.1463
710.000000, 93.048, 28.8655
720.000000, 93.065, 29.6069
730.000000, 93.085, 30.3814
740.000000, 93.103, 31.1123
750.000000, 93.123, 31.8268
762.000000, 93.151, 32.7442
775.000000, 93.180, 33.7007
788.000000, 93.211, 34.6383
800.000000, 93.244, 35.5418
812.000000, 93.277, 36.3971
825.000000, 93.314, 37.3166
838.000000, 93.354, 38.2697
850.000000, 93.391, 39.1005
862.000000, 93.431, 39.9235
875.000000, 93.476, 40.8443
885.000000, 93.512, 41.5294
900.000000, 93.570, 42.5101
912.000000, 93.618, 43.2993
925.000000, 93.672, 44.1395
938.000000, 93.725, 44.9479
950.000000, 93.774, 45.6867
962.000000, 93.824, 46.4189
975.000000, 93.877, 47.1754
988.000000, 93.932, 47.9066
1000.000000, 93.982, 48.5786
1015.000000, 94.044, 49.3987
1030.000000, 94.107, 50.1793
1044.000000, 94.165, 50.8930
1060.000000, 94.231, 51.6931
1075.000000, 94.291, 52.4096
1090.000000, 94.355, 53.1089
1106.000000, 94.429, 53.8492
1120.000000, 94.496, 54.4749
1138.000000, 94.581, 55.2497
1150.000000, 94.636, 55.7673
1172.000000, 94.733, 56.7129
1180.000000, 94.768, 57.0497
1206.000000, 94.878, 58.1403
1220.000000, 94.937, 58.7402
1241.000000, 95.028, 59.6310
1250.000000, 95.066, 60.0123
1265.000000, 95.129, 60.6576
1280.000000, 95.191, 61.3159
1315.000000, 95.337, 62.8715
1320.000000, 95.358, 63.0977
1340.000000, 95.435, 64.0089
1360.000000, 95.496, 64.9186
1380.000000, 95.557, 65.8307
1400.000000, 95.636, 66.7399
1430.000000, 95.766, 68.0868
1450.000000, 95.856, 68.9803
1475.000000, 95.971, 70.0731
1500.000000, 96.087, 71.1510
1525.000000, 96.201, 72.2086
1550.000000, 96.314, 73.2429
1575.000000, 96.428, 74.2459
1600.000000, 96.545, 75.2126
1625.000000, 96.661, 76.1472
1650.000000, 96.774, 77.0559
1675.000000, 96.884, 77.9527
1700.000000, 96.990, 78.8302
1725.000000, 97.096, 79.6882
1750.000000, 97.201, 80.5370
1775.000000, 97.304, 81.3792
1800.000000, 97.407, 82.2096
1825.000000, 97.510, 83.0298
1850.000000, 97.611, 83.8476
1875.000000, 97.712, 84.6624
1900.000000, 97.813, 85.4638
1925.000000, 97.914, 86.2617
1950.000000, 98.014, 87.0547
1975.000000, 98.116, 87.8365
2000.000000, 98.218, 88.6091
2030.000000, 98.342, 89.5222
2060.000000, 98.467, 90.4221
2090.000000, 98.593, 91.2988
2120.000000, 98.720, 92.1623
2140.000000, 98.807, 92.7269
2180.000000, 98.981, 93.8259
2200.000000, 99.068, 94.3618
2240.000000, 99.241, 95.4008
2270.000000, 99.372, 96.1460
2300.000000, 99.505, 96.8645
2330.000000, 99.639, 97.5547
2360.000000, 99.774, 98.2108
2400.000000, 99.955, 99.0299
2430.000000, 100.089, 99.6019
2470.000000, 100.267, 100.3004
2500.000000, 100.400, 100.7739
2540.000000, 100.576, 101.3446
2580.000000, 100.748, 101.8412
2620.000000, 100.915, 102.2695
2650.000000, 101.036, 102.5506
2690.000000, 101.191, 102.8710
2720.000000, 101.302, 103.0740
2760.000000, 101.442, 103.2978
2800.000000, 101.574, 103.4708
2850.000000, 101.728, 103.6206
2900.000000, 101.870, 103.7001
2950.000000, 101.997, 103.7042
3000.000000, 102.108, 103.6398
3040.000000, 102.185, 103.5403
3070.000000, 102.235, 103.4428
3110.000000, 102.294, 103.2934
3150.000000, 102.340, 103.1215
3200.000000, 102.378, 102.8910
3250.000000, 102.395, 102.6561
3300.000000, 102.392, 102.4327
3350.000000, 102.371, 102.2213
3400.000000, 102.333, 102.0410
3450.000000, 102.280, 101.9026
3500.000000, 102.214, 101.8159
3550.000000, 102.135, 101.7896
3600.000000, 102.040, 101.8369
3650.000000, 101.932, 101.9695
3700.000000, 101.811, 102.1950
3750.000000, 101.681, 102.5303
3820.000000, 101.490, 103.1721
3870.000000, 101.349, 103.7419
3950.000000, 101.118, 104.8044
4000.000000, 100.974, 105.5293
4060.000000, 100.797, 106.4501
4120.000000, 100.615, 107.4363
4180.000000, 100.426, 108.5035
4250.000000, 100.199, 109.8705
4310.000000, 99.998, 111.1462
4370.000000, 99.791, 112.5070
4440.000000, 99.548, 114.1967
4500.000000, 99.340, 115.7202
4550.000000, 99.167, 117.0476
4620.000000, 98.928, 118.9839
4680.000000, 98.726, 120.7206
4750.000000, 98.493, 122.8381
4820.000000, 98.267, 125.0490
4870.000000, 98.109, 126.6819
4940.000000, 97.893, 129.0403
5000.000000, 97.714, 131.1207
5080.000000, 97.486, 133.9750
5150.000000, 97.296, 136.5454
5220.000000, 97.116, 139.1727
5300.000000, 96.922, 142.2507
5380.000000, 96.744, 145.3977
5450.000000, 96.600, 148.2073
5520.000000, 96.469, 151.0645
5600.000000, 96.335, 154.3742
5700.000000, 96.190, 158.5707
5800.000000, 96.075, 162.8241
5900.000000, 95.990, 167.1135
6000.000000, 95.936, 171.4237
6080.000000, 95.917, 174.8690
6150.000000, 95.920, 177.8715
6220.000000, 95.941, -179.1483
6300.000000, 95.987, -175.7820
6400.000000, 96.077, -171.6549
6500.000000, 96.203, -167.6558
6600.000000, 96.367, -163.8314
6700.000000, 96.571, -160.2418
6800.000000, 96.817, -156.9532
6900.000000, 97.112, -154.0392
7000.000000, 97.442, -151.5572
7100.000000, 97.772, -149.5432
7200.000000, 98.074, -147.9427
7300.000000, 98.334, -146.6175
7400.000000, 98.557, -145.3892
7500.000000, 98.778, -144.1023
7620.000000, 99.129, -142.6652
7750.000000, 99.642, -142.1046
7880.000000, 100.089, -143.5505
8000.000000, 100.286, -146.7504
8120.000000, 100.161, -151.0694
8250.000000, 99.609, -155.8342
8380.000000, 98.662, -159.5345
8500.000000, 97.531, -161.3380
8620.000000, 96.256, -161.3163
8750.000000, 94.811, -159.2486
8850.000000, 93.714, -156.3486
9000.000000, 92.172, -150.2646
9120.000000, 91.062, -144.2786
9250.000000, 89.997, -137.0429
9380.000000, 89.067, -129.3237
9500.000000, 88.316, -121.9409
9620.000000, 87.656, -114.4172
9750.000000, 87.035, -106.1717
9880.000000, 86.502, -97.8773
10000.000000, 86.075, -90.2029
10150.000000, 85.615, -80.5958
10300.000000, 85.232, -70.9896
10440.000000, 84.938, -62.0514
10600.000000, 84.673, -51.8610
10750.000000, 84.492, -42.3364
10900.000000, 84.374, -32.8649
11060.000000, 84.316, -22.8374
11200.000000, 84.324, -14.1258
11380.000000, 84.413, -3.0414
11500.000000, 84.524, 4.2642
11720.000000, 84.840, 17.4178
11800.000000, 84.991, 22.1069
12060.000000, 85.627, 36.9113
12200.000000, 86.064, 44.5315
12410.000000, 86.848, 55.3097
12500.000000, 87.236, 59.6207
12650.000000, 87.963, 66.2680
12800.000000, 88.786, 72.0469
13150.000000, 90.979, 80.3367
13200.000000, 91.294, 80.7468
13400.000000, 92.424, 80.1904
13600.000000, 93.129, 76.5552
13800.000000, 93.201, 71.4710
14000.000000, 92.631, 67.2106
14300.000000, 91.004, 65.7470
14500.000000, 89.763, 68.4055
14750.000000, 88.331, 74.9228
15000.000000, 87.201, 83.5398
15250.000000, 86.408, 92.3510
15500.000000, 85.809, 100.1473
15750.000000, 85.217, 107.1074
16000.000000, 84.518, 113.9519
16250.000000, 83.701, 121.2132
16500.000000, 82.797, 129.1985
16750.000000, 81.841, 138.0720
17000.000000, 80.872, 147.9102
17250.000000, 79.929, 158.6909
17500.000000, 79.058, 170.3493
17750.000000, 78.281, -177.2539
18000.000000, 77.614, -164.2512
18250.000000, 77.067, -150.8243
18500.000000, 76.651, -137.1530
18750.000000, 76.380, -123.4669
19000.000000, 76.258, -110.0531
19250.000000, 76.255, -97.3672
19500.000000, 76.313, -85.8944
19750.000000, 76.361, -76.0899
20000.000000, 76.203, -68.0554
20300.000000, 75.583, -59.9334
20600.000000, 74.468, -51.2094
20900.000000, 72.959, -39.1287
21200.000000, 71.398, -22.4002
21400.000000, 70.527, -9.0056
21800.000000, 69.532, 20.5035
22000.000000, 69.463, 35.3616
22400.000000, 70.053, 63.1796
22700.000000, 70.852, 81.5425
23000.000000, 71.291, 97.1894
23300.000000, 70.159, 113.8684
23600.000000, 66.575, 136.7694
24000.000000, 60.347, 112.2797
