* Measurement data measured by REW V5.31.3
* Source: Analog 1/2 (E2x2), LINE_IN (Master Volume), L, volume: 1.000. Timing signal peak level -48.8 dBFS, measurement signal peak level -30.3 dBFS
* Format: 2M Log Swept Sine, 1 sweep at -28.8 dBFS using an acoustic timing reference
* Dated: Jul 16, 2025 7:39:14 AM
* REW Settings:
*  C-weighting compensation: Off
*  Target level: 85.0 dB
* Note: ; Fosi DS1 & E2x2 Delay -0.0538 ms (-18 mm, -0.73 in) using estimated IR delay relative to Acoustic reference played from Master Volume L with no timing offset Clock adjustment: -27.5 ppm
* Measurement: 50 Ohm L
* Smoothing: 1/24 octave
* Frequency Step: 1/48 octave
* Start Frequency: 1.000 Hz
*
* Freq(Hz), SPL(dB), Phase(degrees)
1.000000, 71.742, -155.5103
1.015000, 71.769, -155.9169
1.030000, 71.804, -156.3352
1.044000, 71.845, -156.7389
1.060000, 71.901, -157.2187
1.075000, 71.965, -157.6884
1.090000, 72.041, -158.1767
1.106000, 72.134, -158.7015
1.120000, 72.224, -159.1340
1.138000, 72.351, -159.6320
1.150000, 72.442, -159.9270
1.172000, 72.621, -160.4857
1.180000, 72.689, -160.7601
1.206000, 72.923, -161.5719
1.220000, 73.055, -161.9674
1.241000, 73.262, -162.5137
1.250000, 73.353, -162.7324
1.265000, 73.507, -163.0790
1.280000, 73.665, -163.4059
1.315000, 74.042, -164.1079
1.320000, 74.097, -164.2028
1.340000, 74.316, -164.5722
1.360000, 74.537, -164.9254
1.380000, 74.757, -165.3996
1.400000, 74.976, -165.9197
1.430000, 75.299, -166.7021
1.450000, 75.509, -167.2285
1.475000, 75.766, -167.8759
1.500000, 76.023, -168.4624
1.525000, 76.283, -168.9688
1.550000, 76.545, -169.4021
1.575000, 76.810, -169.8444
1.600000, 77.076, -170.3638
1.625000, 77.343, -170.8403
1.650000, 77.610, -171.2838
1.675000, 77.877, -171.7031
1.700000, 78.144, -172.1064
1.725000, 78.409, -172.5011
1.750000, 78.672, -172.8932
1.775000, 78.933, -173.3420
1.800000, 79.191, -173.9030
1.825000, 79.446, -174.4698
1.850000, 79.698, -175.0299
1.875000, 79.948, -175.5599
1.900000, 80.198, -176.0529
1.925000, 80.446, -176.5108
1.950000, 80.693, -176.9360
1.975000, 80.938, -177.3837
2.000000, 81.182, -177.9068
2.030000, 81.472, -178.5051
2.060000, 81.759, -179.0838
2.090000, 82.044, -179.6502
2.120000, 82.325, 179.7889
2.140000, 82.511, 179.4150
2.180000, 82.877, 178.6086
2.200000, 83.058, 178.1541
2.240000, 83.415, 177.2628
2.270000, 83.680, 176.6221
2.300000, 83.941, 176.0074
2.330000, 84.198, 175.4171
2.360000, 84.453, 174.8478
2.400000, 84.788, 173.9985
2.430000, 85.036, 173.3624
2.470000, 85.362, 172.5307
2.500000, 85.603, 171.9146
2.540000, 85.919, 171.0969
2.580000, 86.231, 170.2414
2.620000, 86.536, 169.3165
2.650000, 86.762, 168.6387
2.690000, 87.059, 167.7567
2.720000, 87.277, 167.1119
2.760000, 87.565, 166.2774
2.800000, 87.847, 165.3761
2.850000, 88.192, 164.2622
2.900000, 88.530, 163.1703
2.950000, 88.860, 162.0916
3.000000, 89.182, 160.9536
3.040000, 89.434, 160.0304
3.070000, 89.619, 159.3486
3.110000, 89.862, 158.4557
3.150000, 90.101, 157.5823
3.200000, 90.392, 156.4612
3.250000, 90.678, 155.3417
3.300000, 90.957, 154.2454
3.350000, 91.229, 153.1635
3.400000, 91.494, 152.0338
3.450000, 91.753, 150.8971
3.500000, 92.005, 149.7846
3.550000, 92.251, 148.7019
3.600000, 92.491, 147.6039
3.650000, 92.726, 146.5153
3.700000, 92.956, 145.4463
3.750000, 93.180, 144.3870
3.820000, 93.483, 142.8636
3.870000, 93.693, 141.7854
3.950000, 94.020, 140.1147
4.000000, 94.218, 139.0737
4.060000, 94.451, 137.8373
4.120000, 94.676, 136.6196
4.180000, 94.895, 135.4084
4.250000, 95.143, 133.9763
4.310000, 95.350, 132.7853
4.370000, 95.551, 131.6253
4.440000, 95.780, 130.2654
4.500000, 95.970, 129.1182
4.550000, 96.125, 128.1765
4.620000, 96.335, 126.8477
4.680000, 96.511, 125.7298
4.750000, 96.712, 124.4642
4.820000, 96.907, 123.1983
4.870000, 97.044, 122.3016
4.940000, 97.230, 121.0676
5.000000, 97.385, 120.0128
5.080000, 97.587, 118.6262
5.150000, 97.760, 117.4468
5.220000, 97.928, 116.2653
5.300000, 98.114, 114.9304
5.380000, 98.295, 113.6214
5.450000, 98.449, 112.4785
5.520000, 98.600, 111.3626
5.600000, 98.768, 110.0972
5.700000, 98.971, 108.5244
5.800000, 99.167, 106.9844
5.900000, 99.357, 105.4650
6.000000, 99.540, 103.9689
6.080000, 99.682, 102.7773
6.150000, 99.802, 101.7566
6.220000, 99.920, 100.7394
6.300000, 100.052, 99.5934
6.400000, 100.210, 98.1777
6.500000, 100.364, 96.7758
6.600000, 100.512, 95.4039
6.700000, 100.655, 94.0466
6.800000, 100.792, 92.7103
6.900000, 100.925, 91.3903
7.000000, 101.054, 90.0980
7.100000, 101.179, 88.8189
7.200000, 101.299, 87.5613
7.300000, 101.416, 86.3206
7.400000, 101.529, 85.1036
7.500000, 101.638, 83.8991
7.620000, 101.765, 82.4795
7.750000, 101.897, 80.9734
7.880000, 102.024, 79.4879
8.000000, 102.137, 78.1450
8.120000, 102.246, 76.8231
8.250000, 102.360, 75.4124
8.380000, 102.470, 74.0278
8.500000, 102.568, 72.7685
8.620000, 102.662, 71.5284
8.750000, 102.761, 70.2059
8.850000, 102.834, 69.2008
9.000000, 102.940, 67.7180
9.120000, 103.021, 66.5496
9.250000, 103.106, 65.3024
9.380000, 103.188, 64.0757
9.500000, 103.261, 62.9572
9.620000, 103.332, 61.8565
9.750000, 103.405, 60.6805
9.880000, 103.467, 59.5200
10.000000, 103.513, 58.4682
10.150000, 103.556, 57.1504
10.300000, 103.590, 55.8640
10.440000, 103.614, 54.6905
10.600000, 103.637, 53.3811
10.750000, 103.659, 52.1846
10.900000, 103.680, 51.0163
11.060000, 103.702, 49.7847
11.200000, 103.718, 48.7077
11.380000, 103.738, 47.3566
11.500000, 103.749, 46.4759
11.720000, 103.770, 44.9001
11.800000, 103.778, 44.3390
12.060000, 103.805, 42.5422
12.200000, 103.821, 41.5750
12.410000, 103.844, 40.1526
12.500000, 103.853, 39.5532
12.650000, 103.867, 38.5670
12.800000, 103.880, 37.5968
13.150000, 103.902, 35.3705
13.200000, 103.905, 35.0549
13.400000, 103.916, 33.8112
13.600000, 103.927, 32.5979
13.800000, 103.936, 31.4155
14.000000, 103.943, 30.2613
14.300000, 103.951, 28.5497
14.500000, 103.955, 27.4418
14.750000, 103.958, 26.0923
15.000000, 103.961, 24.7775
15.250000, 103.967, 23.4698
15.500000, 103.973, 22.1909
15.750000, 103.977, 20.9406
16.000000, 103.979, 19.7169
16.250000, 103.979, 18.4980
16.500000, 103.977, 17.3041
16.750000, 103.973, 16.1345
17.000000, 103.970, 14.9863
17.250000, 103.966, 13.8445
17.500000, 103.961, 12.7222
17.750000, 103.954, 11.6211
18.000000, 103.944, 10.5403
18.250000, 103.932, 9.4691
18.500000, 103.918, 8.4207
18.750000, 103.903, 7.3976
19.000000, 103.887, 6.3999
19.250000, 103.872, 5.4139
19.500000, 103.857, 4.4506
19.750000, 103.842, 3.5072
20.000000, 103.827, 2.5797
20.299999, 103.808, 1.4686
20.600000, 103.789, 0.3707
20.900000, 103.767, -0.7147
21.200001, 103.742, -1.7917
21.400000, 103.723, -2.5001
21.799999, 103.680, -3.8773
22.000000, 103.657, -4.5444
22.400000, 103.612, -5.8473
22.700001, 103.579, -6.7952
23.000000, 103.548, -7.7296
23.299999, 103.518, -8.6661
23.600000, 103.486, -9.6023
24.000000, 103.442, -10.8450
24.299999, 103.405, -11.7693
24.700001, 103.353, -12.9678
25.000000, 103.312, -13.8358
25.400000, 103.257, -14.9658
25.799999, 103.203, -16.0668
26.200001, 103.149, -17.1552
26.500000, 103.108, -17.9644
26.900000, 103.051, -19.0230
27.200001, 103.009, -19.8013
27.600000, 102.952, -20.8167
28.000000, 102.896, -21.8126
28.500000, 102.827, -23.0533
29.000000, 102.755, -24.2833
29.500000, 102.677, -25.4871
30.000000, 102.597, -26.6426
30.400000, 102.532, -27.5427
30.700001, 102.485, -28.2092
31.100000, 102.421, -29.0949
31.500000, 102.355, -29.9798
32.000000, 102.269, -31.0632
32.500000, 102.180, -32.1089
33.000000, 102.092, -33.1152
33.500000, 102.006, -34.1060
34.000000, 101.921, -35.0913
34.500000, 101.836, -36.0699
35.000000, 101.749, -37.0259
35.500000, 101.662, -37.9584
36.000000, 101.574, -38.8710
36.500000, 101.486, -39.7712
37.000000, 101.397, -40.6539
37.500000, 101.308, -41.5170
38.200001, 101.182, -42.6920
38.700001, 101.093, -43.5177
39.500000, 100.948, -44.8192
40.000000, 100.856, -45.6139
40.599998, 100.746, -46.5461
41.200001, 100.635, -47.4545
41.799999, 100.524, -48.3432
42.500000, 100.395, -49.3599
43.099998, 100.286, -50.2167
43.700001, 100.176, -51.0594
44.400002, 100.047, -52.0166
45.000000, 99.936, -52.8142
45.500000, 99.844, -53.4667
46.200001, 99.715, -54.3636
46.799999, 99.605, -55.1174
47.500000, 99.477, -55.9806
48.200001, 99.349, -56.8297
48.700001, 99.256, -57.4257
49.400002, 99.124, -58.2355
50.000000, 99.012, -58.9045
50.799999, 98.863, -59.7729
51.500000, 98.734, -60.5203
52.200001, 98.604, -61.2589
53.000000, 98.454, -62.0891
53.799999, 98.301, -62.8953
54.500000, 98.167, -63.5752
55.200001, 98.035, -64.2332
56.000000, 97.887, -64.9776
57.000000, 97.701, -65.8990
58.000000, 97.516, -66.7683
59.000000, 97.338, -67.6489
60.000000, 97.148, -68.5338
60.799999, 96.990, -69.1389
61.500000, 96.860, -69.6183
62.200001, 96.734, -70.1104
63.000000, 96.587, -70.6813
64.000000, 96.401, -71.3572
65.000000, 96.217, -72.0186
66.000000, 96.031, -72.6671
67.000000, 95.847, -73.2952
68.000000, 95.662, -73.9039
69.000000, 95.477, -74.4790
70.000000, 95.296, -75.0411
71.000000, 95.113, -75.5887
72.000000, 94.931, -76.1045
73.000000, 94.750, -76.6002
74.000000, 94.569, -77.0861
75.000000, 94.386, -77.5532
76.199997, 94.168, -78.0718
77.500000, 93.937, -78.6072
78.800003, 93.705, -79.1072
80.000000, 93.494, -79.5325
81.199997, 93.283, -79.9490
82.500000, 93.053, -80.3627
83.800003, 92.825, -80.7359
85.000000, 92.619, -81.0564
86.199997, 92.415, -81.3571
87.500000, 92.198, -81.6654
88.500000, 92.032, -81.8862
90.000000, 91.782, -82.1830
91.199997, 91.582, -82.3915
92.500000, 91.366, -82.5851
93.800003, 91.150, -82.7582
95.000000, 90.952, -82.8944
96.199997, 90.754, -82.9993
97.500000, 90.544, -83.0901
98.800003, 90.335, -83.1769
100.000000, 90.142, -83.2247
101.500000, 89.906, -83.2645
103.000000, 89.670, -83.2762
104.400002, 89.453, -83.2418
106.000000, 89.210, -83.1827
107.500000, 88.980, -83.0952
109.000000, 88.751, -82.9570
110.599998, 88.507, -82.7574
112.000000, 88.299, -82.5734
113.800003, 88.032, -82.3462
115.000000, 87.856, -82.1735
117.199997, 87.551, -81.8330
118.000000, 87.443, -81.7295
120.599998, 87.089, -81.2929
122.000000, 86.904, -80.9545
124.099998, 86.635, -80.4089
125.000000, 86.521, -80.1699
126.500000, 86.330, -79.7686
128.000000, 86.142, -79.3643
131.500000, 85.719, -78.3936
132.000000, 85.660, -78.2335
134.000000, 85.434, -77.5490
136.000000, 85.213, -76.8105
138.000000, 84.998, -76.0665
140.000000, 84.782, -75.3658
143.000000, 84.473, -74.1776
145.000000, 84.289, -73.3925
147.500000, 84.065, -72.4489
150.000000, 83.842, -71.4988
152.500000, 83.628, -70.4830
155.000000, 83.423, -69.3201
157.500000, 83.229, -68.1660
160.000000, 83.031, -67.0567
162.500000, 82.843, -65.9443
165.000000, 82.675, -64.8108
167.500000, 82.520, -63.6912
170.000000, 82.367, -62.6076
172.500000, 82.217, -61.5033
175.000000, 82.074, -60.3906
177.500000, 81.934, -59.2985
180.000000, 81.799, -58.1817
182.500000, 81.683, -57.0662
185.000000, 81.578, -56.0067
187.500000, 81.472, -54.9504
190.000000, 81.367, -53.9045
192.500000, 81.267, -52.8839
195.000000, 81.172, -51.8823
197.500000, 81.083, -50.8505
200.000000, 81.003, -49.8220
203.000000, 80.910, -48.6042
206.000000, 80.823, -47.3273
209.000000, 80.742, -46.0303
212.000000, 80.657, -44.8036
214.000000, 80.601, -43.9184
218.000000, 80.541, -42.0970
220.000000, 80.532, -41.3217
224.000000, 80.530, -40.0435
227.000000, 80.530, -39.2061
230.000000, 80.516, -38.3811
233.000000, 80.492, -37.5636
236.000000, 80.468, -36.7842
240.000000, 80.428, -35.7380
243.000000, 80.391, -34.9761
247.000000, 80.345, -33.9950
250.000000, 80.317, -33.2731
254.000000, 80.284, -32.3066
258.000000, 80.250, -31.3395
262.000000, 80.219, -30.4026
265.000000, 80.198, -29.7501
269.000000, 80.172, -28.8795
272.000000, 80.153, -28.2174
276.000000, 80.127, -27.3439
280.000000, 80.104, -26.4957
285.000000, 80.087, -25.4819
290.000000, 80.073, -24.5123
295.000000, 80.060, -23.5570
300.000000, 80.051, -22.6367
304.000000, 80.035, -21.8929
307.000000, 80.022, -21.3493
311.000000, 80.009, -20.6489
315.000000, 79.997, -19.9570
320.000000, 79.987, -19.1292
325.000000, 79.982, -18.3073
330.000000, 79.978, -17.4973
335.000000, 79.973, -16.7285
340.000000, 79.965, -15.9913
345.000000, 79.957, -15.2537
350.000000, 79.948, -14.4983
355.000000, 79.938, -13.7568
360.000000, 79.930, -13.0369
365.000000, 79.922, -12.3484
370.000000, 79.916, -11.6670
375.000000, 79.909, -10.9819
382.000000, 79.902, -10.0770
387.000000, 79.897, -9.4341
395.000000, 79.890, -8.4291
400.000000, 79.886, -7.8199
406.000000, 79.880, -7.1069
412.000000, 79.872, -6.4006
418.000000, 79.863, -5.7102
425.000000, 79.856, -4.8855
431.000000, 79.851, -4.2014
437.000000, 79.845, -3.5308
444.000000, 79.841, -2.7545
450.000000, 79.841, -2.0799
455.000000, 79.842, -1.5103
462.000000, 79.847, -0.7623
468.000000, 79.853, -0.1659
475.000000, 79.857, 0.5181
482.000000, 79.859, 1.1779
487.000000, 79.859, 1.6294
494.000000, 79.860, 2.2548
500.000000, 79.859, 2.8026
508.000000, 79.854, 3.5422
515.000000, 79.851, 4.1893
522.000000, 79.848, 4.8348
530.000000, 79.846, 5.5734
538.000000, 79.844, 6.3288
545.000000, 79.844, 6.9542
552.000000, 79.845, 7.5684
560.000000, 79.846, 8.2644
570.000000, 79.847, 9.1509
580.000000, 79.850, 10.0336
590.000000, 79.857, 10.9142
600.000000, 79.862, 11.7776
608.000000, 79.863, 12.4666
615.000000, 79.863, 13.0795
622.000000, 79.863, 13.6942
630.000000, 79.862, 14.3909
640.000000, 79.861, 15.2529
650.000000, 79.861, 16.1156
660.000000, 79.862, 16.9790
670.000000, 79.866, 17.8125
680.000000, 79.871, 18.6607
690.000000, 79.877, 19.5161
700.000000, 79.887, 20.3696
710.000000, 79.896, 21.2264
720.000000, 79.907, 22.0760
730.000000, 79.922, 22.9209
740.000000, 79.937, 23.7531
750.000000, 79.954, 24.5796
762.000000, 79.975, 25.5887
775.000000, 80.000, 26.6722
788.000000, 80.025, 27.7420
800.000000, 80.047, 28.7288
812.000000, 80.074, 29.6972
825.000000, 80.109, 30.7332
838.000000, 80.147, 31.7775
850.000000, 80.181, 32.7141
862.000000, 80.215, 33.6257
875.000000, 80.258, 34.6150
885.000000, 80.292, 35.3625
900.000000, 80.344, 36.4701
912.000000, 80.386, 37.3407
925.000000, 80.434, 38.2674
938.000000, 80.485, 39.1732
950.000000, 80.533, 39.9807
962.000000, 80.582, 40.7690
975.000000, 80.635, 41.6075
988.000000, 80.688, 42.4310
1000.000000, 80.736, 43.1785
1015.000000, 80.795, 44.0659
1030.000000, 80.852, 44.9282
1044.000000, 80.905, 45.7291
1060.000000, 80.967, 46.6167
1075.000000, 81.025, 47.4219
1090.000000, 81.089, 48.1886
1106.000000, 81.164, 48.9841
1120.000000, 81.229, 49.6696
1138.000000, 81.311, 50.5475
1150.000000, 81.365, 51.1252
1172.000000, 81.460, 52.1541
1180.000000, 81.494, 52.5209
1206.000000, 81.603, 53.7188
1220.000000, 81.661, 54.3647
1241.000000, 81.747, 55.3390
1250.000000, 81.783, 55.7572
1265.000000, 81.844, 56.4507
1280.000000, 81.906, 57.1528
1315.000000, 82.048, 58.8341
1320.000000, 82.068, 59.0735
1340.000000, 82.147, 60.0369
1360.000000, 82.206, 61.0156
1380.000000, 82.267, 61.9987
1400.000000, 82.344, 62.9678
1430.000000, 82.469, 64.4052
1450.000000, 82.555, 65.3504
1475.000000, 82.669, 66.5104
1500.000000, 82.784, 67.6738
1525.000000, 82.897, 68.8008
1550.000000, 83.009, 69.8994
1575.000000, 83.123, 70.9670
1600.000000, 83.236, 71.9944
1625.000000, 83.347, 72.9947
1650.000000, 83.457, 73.9768
1675.000000, 83.568, 74.9326
1700.000000, 83.677, 75.8672
1725.000000, 83.783, 76.7881
1750.000000, 83.886, 77.6857
1775.000000, 83.988, 78.5711
1800.000000, 84.091, 79.4539
1825.000000, 84.194, 80.3269
1850.000000, 84.296, 81.2004
1875.000000, 84.398, 82.0683
1900.000000, 84.499, 82.9172
1925.000000, 84.600, 83.7632
1950.000000, 84.701, 84.6010
1975.000000, 84.802, 85.4268
2000.000000, 84.905, 86.2459
2030.000000, 85.029, 87.2105
2060.000000, 85.154, 88.1546
2090.000000, 85.281, 89.0757
2120.000000, 85.410, 89.9835
2140.000000, 85.498, 90.5790
2180.000000, 85.675, 91.7393
2200.000000, 85.763, 92.3049
2240.000000, 85.937, 93.3968
2270.000000, 86.069, 94.1785
2300.000000, 86.203, 94.9327
2330.000000, 86.338, 95.6533
2360.000000, 86.476, 96.3366
2400.000000, 86.660, 97.1979
2430.000000, 86.796, 97.8000
2470.000000, 86.978, 98.5325
2500.000000, 87.113, 99.0306
2540.000000, 87.291, 99.6296
2580.000000, 87.465, 100.1602
2620.000000, 87.635, 100.6172
2650.000000, 87.758, 100.9112
2690.000000, 87.914, 101.2516
2720.000000, 88.026, 101.4671
2760.000000, 88.169, 101.6933
2800.000000, 88.303, 101.8730
2850.000000, 88.459, 102.0226
2900.000000, 88.601, 102.1053
2950.000000, 88.729, 102.1257
3000.000000, 88.842, 102.0743
3040.000000, 88.921, 101.9786
3070.000000, 88.973, 101.8808
3110.000000, 89.032, 101.7277
3150.000000, 89.077, 101.5456
3200.000000, 89.114, 101.2949
3250.000000, 89.129, 101.0398
3300.000000, 89.126, 100.7969
3350.000000, 89.106, 100.5685
3400.000000, 89.068, 100.3710
3450.000000, 89.014, 100.2065
3500.000000, 88.946, 100.0899
3550.000000, 88.863, 100.0354
3600.000000, 88.765, 100.0565
3650.000000, 88.652, 100.1578
3700.000000, 88.525, 100.3551
3750.000000, 88.389, 100.6641
3820.000000, 88.187, 101.2751
3870.000000, 88.038, 101.8362
3950.000000, 87.793, 102.8999
4000.000000, 87.640, 103.6362
4060.000000, 87.454, 104.5782
4120.000000, 87.264, 105.5855
4180.000000, 87.069, 106.6851
4250.000000, 86.836, 108.0904
4310.000000, 86.632, 109.3932
4370.000000, 86.424, 110.7887
4440.000000, 86.177, 112.5218
4500.000000, 85.965, 114.0759
4550.000000, 85.791, 115.4158
4620.000000, 85.549, 117.3699
4680.000000, 85.344, 119.1386
4750.000000, 85.108, 121.2925
4820.000000, 84.879, 123.5275
4870.000000, 84.719, 125.1734
4940.000000, 84.503, 127.5518
5000.000000, 84.325, 129.6522
5080.000000, 84.095, 132.5394
5150.000000, 83.903, 135.1454
5220.000000, 83.721, 137.7993
5300.000000, 83.524, 140.9114
5380.000000, 83.342, 144.1005
5450.000000, 83.198, 146.9384
5520.000000, 83.067, 149.8240
5600.000000, 82.933, 153.1743
5700.000000, 82.790, 157.4212
5800.000000, 82.675, 161.7107
5900.000000, 82.590, 166.0297
6000.000000, 82.538, 170.3679
6080.000000, 82.519, 173.8412
6150.000000, 82.522, 176.8651
6220.000000, 82.544, 179.8616
6300.000000, 82.591, -176.7489
6400.000000, 82.683, -172.5999
6500.000000, 82.812, -168.5867
6600.000000, 82.979, -164.7369
6700.000000, 83.184, -161.1322
6800.000000, 83.430, -157.8353
6900.000000, 83.725, -154.9153
7000.000000, 84.055, -152.4272
7100.000000, 84.384, -150.4076
7200.000000, 84.686, -148.8107
7300.000000, 84.945, -147.4997
7400.000000, 85.167, -146.2876
7500.000000, 85.386, -145.0134
7620.000000, 85.732, -143.5906
7750.000000, 86.235, -143.0534
7880.000000, 86.669, -144.5142
8000.000000, 86.848, -147.7115
8120.000000, 86.703, -151.9803
8250.000000, 86.134, -156.6345
8380.000000, 85.180, -160.1977
8500.000000, 84.049, -161.8769
8620.000000, 82.775, -161.7580
8750.000000, 81.333, -159.6064
8850.000000, 80.240, -156.6537
9000.000000, 78.706, -150.5150
9120.000000, 77.603, -144.4809
9250.000000, 76.540, -137.1871
9380.000000, 75.613, -129.4202
9500.000000, 74.864, -122.0027
9620.000000, 74.207, -114.4495
9750.000000, 73.591, -106.1870
9880.000000, 73.063, -97.8659
10000.000000, 72.646, -90.1445
10150.000000, 72.197, -80.4916
10300.000000, 71.814, -70.8554
10440.000000, 71.519, -61.8761
10600.000000, 71.258, -51.6333
10750.000000, 71.080, -42.0885
10900.000000, 70.961, -32.6060
11060.000000, 70.903, -22.5189
11200.000000, 70.913, -13.7909
11380.000000, 71.013, -2.7167
11500.000000, 71.132, 4.6000
11720.000000, 71.450, 17.8044
11800.000000, 71.603, 22.5030
12060.000000, 72.253, 37.3644
12200.000000, 72.701, 44.9939
12410.000000, 73.500, 55.7891
12500.000000, 73.896, 60.1010
12650.000000, 74.636, 66.7259
12800.000000, 75.471, 72.4690
13150.000000, 77.676, 80.6051
13200.000000, 77.993, 80.9780
13400.000000, 79.122, 80.2454
13600.000000, 79.810, 76.4392
13800.000000, 79.853, 71.2735
14000.000000, 79.253, 67.0607
14300.000000, 77.596, 65.7769
14500.000000, 76.350, 68.5413
14750.000000, 74.918, 75.1543
15000.000000, 73.793, 83.8480
15250.000000, 73.001, 92.7303
15500.000000, 72.402, 100.5916
15750.000000, 71.810, 107.6319
16000.000000, 71.106, 114.5294
16250.000000, 70.287, 121.8228
16500.000000, 69.388, 129.8298
16750.000000, 68.433, 138.7571
17000.000000, 67.466, 148.7126
17250.000000, 66.542, 159.5645
17500.000000, 65.688, 171.2480
17750.000000, 64.916, -176.2457
18000.000000, 64.257, -163.1903
18250.000000, 63.720, -149.7831
18500.000000, 63.309, -136.1188
18750.000000, 63.052, -122.4091
19000.000000, 62.941, -108.9995
19250.000000, 62.942, -96.3898
19500.000000, 62.998, -85.0237
19750.000000, 63.039, -75.2444
20000.000000, 62.892, -67.1845
20300.000000, 62.277, -59.0641
20600.000000, 61.130, -50.2624
20900.000000, 59.603, -37.9875
21200.000000, 58.023, -20.9780
21400.000000, 57.137, -7.6121
21800.000000, 56.160, 21.7020
22000.000000, 56.146, 36.7345
22400.000000, 56.908, 64.8308
22700.000000, 57.960, 83.1514
23000.000000, 58.869, 98.6453
23300.000000, 58.447, 114.6312
23600.000000, 56.251, 134.4088
24000.000000, 53.486, 98.3759
