* Measurement data measured by REW V5.31.3
* Source: Analog 1/2 (E2x2), LINE_IN (Master Volume), L, volume: 1.000. Timing signal peak level -34.9 dBFS, measurement signal peak level -29.8 dBFS
* Format: 2M Log Swept Sine, 1 sweep at -27.6 dBFS using an acoustic timing reference
* Dated: Apr 3, 2025 7:23:40 PM
* REW Settings:
*  C-weighting compensation: Off
*  Target level: 85.0 dB
* Note: ; Fosi DS1 & E2x2 Delay -0.0637 ms (-22 mm, -0.86 in) using estimated IR delay relative to Acoustic reference played from SPEAKER R with no timing offset Clock adjustment: -28.9 ppm
* Measurement: ASMR R
* Smoothing: 1/24 octave
* Frequency Step: 1/48 octave
* Start Frequency: 1.000 Hz
*
* Freq(Hz), SPL(dB), Phase(degrees)
1.000000, 63.950, -155.2858
1.015000, 63.978, -155.1712
1.030000, 64.015, -155.1155
1.044000, 64.058, -155.1160
1.060000, 64.117, -155.1768
1.075000, 64.183, -155.2892
1.090000, 64.259, -155.4472
1.106000, 64.353, -155.6297
1.120000, 64.448, -155.7457
1.138000, 64.586, -155.8041
1.150000, 64.688, -155.7905
1.172000, 64.894, -155.7655
1.180000, 64.974, -155.8251
1.206000, 65.254, -155.9437
1.220000, 65.415, -155.9752
1.241000, 65.670, -155.9955
1.250000, 65.782, -155.9980
1.265000, 65.975, -155.9982
1.280000, 66.173, -155.9978
1.315000, 66.649, -156.0172
1.320000, 66.718, -156.0242
1.340000, 66.996, -156.0672
1.360000, 67.276, -156.1339
1.380000, 67.555, -156.3607
1.400000, 67.832, -156.6718
1.430000, 68.237, -157.2082
1.450000, 68.499, -157.6110
1.475000, 68.817, -158.1284
1.500000, 69.135, -158.5709
1.525000, 69.458, -158.9081
1.550000, 69.784, -159.1553
1.575000, 70.114, -159.4043
1.600000, 70.446, -159.7305
1.625000, 70.778, -160.0197
1.650000, 71.112, -160.2866
1.675000, 71.445, -160.5430
1.700000, 71.776, -160.7994
1.725000, 72.105, -161.0647
1.750000, 72.431, -161.3457
1.775000, 72.752, -161.7017
1.800000, 73.069, -162.1879
1.825000, 73.380, -162.6947
1.850000, 73.686, -163.1986
1.875000, 73.990, -163.6632
1.900000, 74.291, -164.0801
1.925000, 74.590, -164.4544
1.950000, 74.886, -164.7916
1.975000, 75.179, -165.1495
2.000000, 75.470, -165.5836
2.030000, 75.816, -166.0787
2.060000, 76.157, -166.5609
2.090000, 76.493, -167.0392
2.120000, 76.825, -167.5222
2.140000, 77.043, -167.8503
2.180000, 77.473, -168.5798
2.200000, 77.685, -169.0015
2.240000, 78.101, -169.8276
2.270000, 78.407, -170.4147
2.300000, 78.709, -170.9724
2.330000, 79.006, -171.5033
2.360000, 79.298, -172.0119
2.400000, 79.681, -172.7803
2.430000, 79.963, -173.3570
2.470000, 80.333, -174.1125
2.500000, 80.606, -174.6745
2.540000, 80.964, -175.4247
2.580000, 81.314, -176.2173
2.620000, 81.658, -177.0798
2.650000, 81.910, -177.7098
2.690000, 82.240, -178.5265
2.720000, 82.482, -179.1209
2.760000, 82.800, -179.8867
2.800000, 83.110, 179.2824
2.850000, 83.490, 178.2589
2.900000, 83.860, 177.2597
2.950000, 84.221, 176.2755
3.000000, 84.571, 175.2335
3.040000, 84.843, 174.3885
3.070000, 85.044, 173.7663
3.110000, 85.305, 172.9545
3.150000, 85.561, 172.1647
3.200000, 85.874, 171.1520
3.250000, 86.179, 170.1463
3.300000, 86.477, 169.1697
3.350000, 86.767, 168.2128
3.400000, 87.049, 167.2119
3.450000, 87.323, 166.2074
3.500000, 87.589, 165.2306
3.550000, 87.848, 164.2873
3.600000, 88.102, 163.3332
3.650000, 88.351, 162.3942
3.700000, 88.593, 161.4816
3.750000, 88.829, 160.5853
3.820000, 89.149, 159.2984
3.870000, 89.370, 158.3930
3.950000, 89.715, 157.0030
4.000000, 89.926, 156.1399
4.060000, 90.174, 155.1227
4.120000, 90.415, 154.1339
4.180000, 90.649, 153.1594
4.250000, 90.916, 152.0064
4.310000, 91.140, 151.0531
4.370000, 91.360, 150.1272
4.440000, 91.612, 149.0406
4.500000, 91.822, 148.1340
4.550000, 91.995, 147.3957
4.620000, 92.232, 146.3501
4.680000, 92.431, 145.4678
4.750000, 92.661, 144.4650
4.820000, 92.887, 143.4543
4.870000, 93.045, 142.7400
4.940000, 93.264, 141.7591
5.000000, 93.448, 140.9147
5.080000, 93.690, 139.7918
5.150000, 93.897, 138.8253
5.220000, 94.101, 137.8465
5.300000, 94.329, 136.7342
5.380000, 94.551, 135.6349
5.450000, 94.742, 134.6611
5.520000, 94.928, 133.6991
5.600000, 95.137, 132.5946
5.700000, 95.389, 131.2067
5.800000, 95.633, 129.8350
5.900000, 95.868, 128.4664
6.000000, 96.094, 127.1038
6.080000, 96.268, 126.0111
6.150000, 96.416, 125.0746
6.220000, 96.560, 124.1407
6.300000, 96.719, 123.0879
6.400000, 96.910, 121.7850
6.500000, 97.093, 120.4979
6.600000, 97.270, 119.2491
6.700000, 97.439, 118.0234
6.800000, 97.602, 116.8255
6.900000, 97.759, 115.6532
7.000000, 97.912, 114.5205
7.100000, 98.061, 113.4134
7.200000, 98.206, 112.3369
7.300000, 98.348, 111.2837
7.400000, 98.488, 110.2616
7.500000, 98.626, 109.2598
7.620000, 98.788, 108.0862
7.750000, 98.962, 106.8423
7.880000, 99.134, 105.6173
8.000000, 99.290, 104.5067
8.120000, 99.444, 103.4030
8.250000, 99.607, 102.2152
8.380000, 99.768, 101.0375
8.500000, 99.912, 99.9523
8.620000, 100.052, 98.8718
8.750000, 100.200, 97.7090
8.850000, 100.310, 96.8179
9.000000, 100.468, 95.4931
9.120000, 100.589, 94.4443
9.250000, 100.716, 93.3229
9.380000, 100.837, 92.2183
9.500000, 100.945, 91.2124
9.620000, 101.050, 90.2259
9.750000, 101.157, 89.1750
9.880000, 101.254, 88.1421
10.000000, 101.329, 87.2110
10.150000, 101.409, 86.0475
10.300000, 101.477, 84.9192
10.440000, 101.533, 83.8966
10.600000, 101.591, 82.7645
10.750000, 101.645, 81.7390
10.900000, 101.696, 80.7474
11.060000, 101.749, 79.7117
11.200000, 101.793, 78.8128
11.380000, 101.847, 77.6992
11.500000, 101.882, 76.9823
11.720000, 101.947, 75.7130
11.800000, 101.971, 75.2640
12.060000, 102.053, 73.8280
12.200000, 102.100, 73.0470
12.410000, 102.170, 71.8901
12.500000, 102.199, 71.3980
12.650000, 102.246, 70.5820
12.800000, 102.290, 69.7742
13.150000, 102.379, 67.9104
13.200000, 102.391, 67.6475
13.400000, 102.435, 66.6212
13.600000, 102.477, 65.6425
13.800000, 102.520, 64.7149
14.000000, 102.563, 63.8296
14.300000, 102.634, 62.5240
14.500000, 102.687, 61.6640
14.750000, 102.755, 60.5728
15.000000, 102.824, 59.4470
15.250000, 102.890, 58.2662
15.500000, 102.944, 57.0854
15.750000, 102.986, 55.9459
16.000000, 103.017, 54.8892
16.250000, 103.045, 53.9149
16.500000, 103.078, 53.0356
16.750000, 103.123, 52.2149
17.000000, 103.184, 51.3931
17.250000, 103.254, 50.5065
17.500000, 103.325, 49.5395
17.750000, 103.386, 48.5023
18.000000, 103.429, 47.4345
18.250000, 103.452, 46.3837
18.500000, 103.459, 45.4231
18.750000, 103.457, 44.5912
19.000000, 103.457, 43.8940
19.250000, 103.470, 43.2852
19.500000, 103.497, 42.7215
19.750000, 103.536, 42.1470
20.000000, 103.581, 41.5218
20.299999, 103.631, 40.6866
20.600000, 103.665, 39.8195
20.900000, 103.681, 38.9955
21.200001, 103.688, 38.2664
21.400000, 103.693, 37.8414
21.799999, 103.718, 37.0865
22.000000, 103.740, 36.7128
22.400000, 103.795, 35.8685
22.700001, 103.832, 35.1423
23.000000, 103.857, 34.3732
23.299999, 103.867, 33.6154
23.600000, 103.868, 32.9243
24.000000, 103.874, 32.1185
24.299999, 103.890, 31.5457
24.700001, 103.924, 30.7308
25.000000, 103.950, 30.0452
25.400000, 103.970, 29.0555
25.799999, 103.966, 28.0973
26.200001, 103.951, 27.2665
26.500000, 103.944, 26.7345
26.900000, 103.950, 26.0907
27.200001, 103.966, 25.5984
27.600000, 103.991, 24.8839
28.000000, 104.011, 24.1214
28.500000, 104.021, 23.1887
29.000000, 104.024, 22.3660
29.500000, 104.036, 21.6242
30.000000, 104.056, 20.8855
30.400000, 104.072, 20.2599
30.700001, 104.081, 19.7762
31.100000, 104.087, 19.1263
31.500000, 104.087, 18.4852
32.000000, 104.080, 17.7206
32.500000, 104.069, 16.9962
33.000000, 104.058, 16.3027
33.500000, 104.046, 15.6165
34.000000, 104.031, 14.9435
34.500000, 104.014, 14.3124
35.000000, 104.000, 13.7498
35.500000, 103.998, 13.2182
36.000000, 104.008, 12.6437
36.500000, 104.018, 11.9845
37.000000, 104.016, 11.2886
37.500000, 104.003, 10.6400
38.200001, 103.985, 9.8696
38.700001, 103.984, 9.3395
39.500000, 103.982, 8.3736
40.000000, 103.964, 7.7367
40.599998, 103.924, 7.0719
41.200001, 103.884, 6.5857
41.799999, 103.868, 6.1732
42.500000, 103.870, 5.5391
43.099998, 103.857, 4.8526
43.700001, 103.820, 4.2212
44.400002, 103.779, 3.6667
45.000000, 103.765, 3.1957
45.500000, 103.756, 2.7261
46.200001, 103.729, 2.0438
46.799999, 103.700, 1.5236
47.500000, 103.673, 0.9483
48.200001, 103.641, 0.4140
48.700001, 103.621, 0.1072
49.400002, 103.617, -0.3029
50.000000, 103.624, -0.7918
50.799999, 103.602, -1.5857
51.500000, 103.555, -2.1470
52.200001, 103.519, -2.5716
53.000000, 103.489, -3.0952
53.799999, 103.447, -3.6167
54.500000, 103.416, -4.0064
55.200001, 103.396, -4.4480
56.000000, 103.363, -5.0612
57.000000, 103.295, -5.6989
58.000000, 103.251, -6.1673
59.000000, 103.222, -6.7622
60.000000, 103.178, -7.3620
60.799999, 103.145, -7.7804
61.500000, 103.119, -8.1388
62.200001, 103.093, -8.4953
63.000000, 103.062, -8.8963
64.000000, 103.020, -9.3798
65.000000, 102.977, -9.8493
66.000000, 102.929, -10.3165
67.000000, 102.880, -10.7383
68.000000, 102.839, -11.1693
69.000000, 102.794, -11.6714
70.000000, 102.740, -12.1782
71.000000, 102.681, -12.6186
72.000000, 102.626, -12.9933
73.000000, 102.580, -13.3488
74.000000, 102.537, -13.7295
75.000000, 102.489, -14.1122
76.199997, 102.431, -14.5280
77.500000, 102.372, -14.9731
78.800003, 102.314, -15.4168
80.000000, 102.262, -15.8502
81.199997, 102.202, -16.2669
82.500000, 102.136, -16.6532
83.800003, 102.072, -17.0242
85.000000, 102.011, -17.3585
86.199997, 101.951, -17.6883
87.500000, 101.888, -18.0460
88.500000, 101.840, -18.3283
90.000000, 101.769, -18.6955
91.199997, 101.717, -18.9596
92.500000, 101.664, -19.2535
93.800003, 101.606, -19.5803
95.000000, 101.543, -19.8764
96.199997, 101.481, -20.1213
97.500000, 101.422, -20.3964
98.800003, 101.364, -20.6889
100.000000, 101.309, -20.9337
101.500000, 101.237, -21.1763
103.000000, 101.170, -21.3776
104.400002, 101.113, -21.6326
106.000000, 101.042, -22.0619
107.500000, 100.955, -22.4375
109.000000, 100.859, -22.5357
110.599998, 100.783, -22.2411
112.000000, 100.755, -21.9774
113.800003, 100.718, -22.0008
115.000000, 100.688, -22.2996
117.199997, 100.549, -23.4534
118.000000, 100.485, -23.7139
120.599998, 100.385, -24.0646
122.000000, 100.396, -24.1375
124.099998, 100.379, -24.4355
125.000000, 100.347, -24.5311
126.500000, 100.268, -24.7148
128.000000, 100.164, -25.0271
131.500000, 99.914, -25.3919
132.000000, 99.893, -25.3909
134.000000, 99.831, -25.3738
136.000000, 99.767, -25.3047
138.000000, 99.701, -25.1835
140.000000, 99.636, -25.2328
143.000000, 99.509, -25.2189
145.000000, 99.414, -25.1199
147.500000, 99.310, -24.9675
150.000000, 99.259, -24.8954
152.500000, 99.246, -24.8391
155.000000, 99.232, -24.6314
157.500000, 99.169, -24.3584
160.000000, 99.111, -23.9732
162.500000, 99.093, -23.9080
165.000000, 99.077, -24.0040
167.500000, 99.045, -23.9303
170.000000, 99.024, -23.6062
172.500000, 99.039, -23.2423
175.000000, 99.116, -22.6919
177.500000, 99.270, -22.3249
180.000000, 99.499, -22.6015
182.500000, 99.763, -24.3882
185.000000, 99.926, -27.4185
187.500000, 99.899, -30.9895
190.000000, 99.646, -34.3994
192.500000, 99.230, -36.8686
195.000000, 98.733, -38.1614
197.500000, 98.265, -38.5239
200.000000, 97.870, -38.4339
203.000000, 97.555, -38.2294
206.000000, 97.279, -37.6397
209.000000, 97.035, -37.2313
212.000000, 96.751, -36.9153
214.000000, 96.587, -36.5934
218.000000, 96.173, -36.4662
220.000000, 95.912, -36.0771
224.000000, 95.421, -34.6660
227.000000, 95.065, -33.0774
230.000000, 94.712, -31.2115
233.000000, 94.382, -28.7279
236.000000, 94.125, -25.7783
240.000000, 94.005, -21.7457
243.000000, 94.174, -18.8066
247.000000, 94.612, -15.4372
250.000000, 94.982, -13.8055
254.000000, 95.412, -13.2422
258.000000, 95.685, -13.7736
262.000000, 95.823, -14.5351
265.000000, 95.865, -15.0661
269.000000, 95.872, -15.6704
272.000000, 95.854, -15.9504
276.000000, 95.803, -15.9912
280.000000, 95.757, -15.9897
285.000000, 95.728, -16.2834
290.000000, 95.693, -16.7346
295.000000, 95.553, -17.2354
300.000000, 95.315, -16.6613
304.000000, 95.208, -15.8934
307.000000, 95.178, -15.4166
311.000000, 95.170, -14.8124
315.000000, 95.151, -14.4343
320.000000, 95.093, -14.2711
325.000000, 95.036, -13.8066
330.000000, 94.986, -13.4032
335.000000, 94.943, -13.1401
340.000000, 94.880, -12.8461
345.000000, 94.809, -12.6232
350.000000, 94.751, -12.2622
355.000000, 94.681, -11.8398
360.000000, 94.602, -11.4939
365.000000, 94.529, -11.2081
370.000000, 94.473, -10.9076
375.000000, 94.416, -10.4824
382.000000, 94.324, -9.7718
387.000000, 94.254, -9.2563
395.000000, 94.140, -8.5240
400.000000, 94.068, -8.0019
406.000000, 93.982, -7.4984
412.000000, 93.905, -6.7760
418.000000, 93.850, -6.0587
425.000000, 93.774, -5.1942
431.000000, 93.703, -4.5505
437.000000, 93.631, -3.8784
444.000000, 93.565, -3.2485
450.000000, 93.525, -2.6206
455.000000, 93.477, -1.9810
462.000000, 93.414, -1.2567
468.000000, 93.359, -0.7181
475.000000, 93.299, -0.0280
482.000000, 93.243, 0.7090
487.000000, 93.207, 1.2769
494.000000, 93.160, 2.0349
500.000000, 93.120, 2.6539
508.000000, 93.060, 3.5799
515.000000, 93.013, 4.3531
522.000000, 92.976, 5.2012
530.000000, 92.940, 6.0961
538.000000, 92.912, 7.0013
545.000000, 92.888, 7.8063
552.000000, 92.851, 8.6115
560.000000, 92.798, 9.5646
570.000000, 92.750, 10.9354
580.000000, 92.809, 12.7734
590.000000, 92.882, 13.7861
600.000000, 92.782, 15.0460
608.000000, 92.647, 15.9145
615.000000, 92.560, 16.2727
622.000000, 92.541, 16.7764
630.000000, 92.540, 17.7504
640.000000, 92.520, 18.9549
650.000000, 92.501, 20.0152
660.000000, 92.474, 21.2078
670.000000, 92.460, 22.4341
680.000000, 92.462, 23.6307
690.000000, 92.463, 24.8130
700.000000, 92.467, 25.9931
710.000000, 92.495, 27.2246
720.000000, 92.512, 28.3950
730.000000, 92.520, 29.8387
740.000000, 92.521, 30.9773
750.000000, 92.515, 31.8755
762.000000, 92.528, 33.1953
775.000000, 92.572, 34.6569
788.000000, 92.615, 36.1703
800.000000, 92.658, 37.5323
812.000000, 92.709, 38.9047
825.000000, 92.769, 40.3119
838.000000, 92.819, 41.6989
850.000000, 92.862, 43.0325
862.000000, 92.911, 44.3366
875.000000, 92.977, 45.7723
885.000000, 93.032, 46.8954
900.000000, 93.117, 48.5346
912.000000, 93.190, 49.7888
925.000000, 93.282, 51.1042
938.000000, 93.379, 52.4402
950.000000, 93.470, 53.6905
962.000000, 93.561, 54.9051
975.000000, 93.667, 56.1833
988.000000, 93.781, 57.4577
1000.000000, 93.891, 58.5949
1015.000000, 94.043, 59.8946
1030.000000, 94.199, 61.1365
1044.000000, 94.339, 62.2981
1060.000000, 94.520, 63.4933
1075.000000, 94.706, 64.4381
1090.000000, 94.889, 65.3335
1106.000000, 95.097, 66.2658
1120.000000, 95.280, 66.9325
1138.000000, 95.502, 67.6259
1150.000000, 95.643, 68.0555
1172.000000, 95.883, 68.7841
1180.000000, 95.966, 69.0064
1206.000000, 96.223, 69.6304
1220.000000, 96.352, 69.9685
1241.000000, 96.535, 70.4417
1250.000000, 96.611, 70.6362
1265.000000, 96.735, 70.9650
1280.000000, 96.851, 71.3005
1315.000000, 97.103, 72.1273
1320.000000, 97.136, 72.2488
1340.000000, 97.257, 72.7422
1360.000000, 97.354, 73.2647
1380.000000, 97.444, 73.8194
1400.000000, 97.547, 74.3924
1430.000000, 97.693, 75.3347
1450.000000, 97.789, 76.0650
1475.000000, 97.920, 77.0759
1500.000000, 98.072, 78.2496
1525.000000, 98.247, 79.5034
1550.000000, 98.474, 80.5473
1575.000000, 98.723, 81.1592
1600.000000, 98.937, 81.4724
1625.000000, 99.115, 81.6618
1650.000000, 99.274, 81.8227
1675.000000, 99.412, 82.0466
1700.000000, 99.528, 82.3552
1725.000000, 99.635, 82.6772
1750.000000, 99.735, 83.0698
1775.000000, 99.828, 83.6156
1800.000000, 99.928, 84.2915
1825.000000, 100.059, 85.0222
1850.000000, 100.228, 85.6956
1875.000000, 100.423, 86.1252
1900.000000, 100.606, 86.1944
1925.000000, 100.746, 86.0306
1950.000000, 100.840, 85.8466
1975.000000, 100.896, 85.8296
2000.000000, 100.937, 86.1080
2030.000000, 101.012, 86.8724
2060.000000, 101.169, 87.8143
2090.000000, 101.407, 88.4084
2120.000000, 101.660, 88.3363
2140.000000, 101.805, 87.9456
2180.000000, 102.000, 86.7744
2200.000000, 102.046, 86.1809
2240.000000, 102.058, 85.1706
2270.000000, 102.019, 84.6262
2300.000000, 101.948, 84.3505
2330.000000, 101.862, 84.4800
2360.000000, 101.796, 85.0009
2400.000000, 101.792, 85.8947
2430.000000, 101.843, 86.3982
2470.000000, 101.919, 86.6720
2500.000000, 101.953, 86.6018
2540.000000, 101.951, 86.3281
2580.000000, 101.885, 86.1287
2620.000000, 101.768, 86.1668
2650.000000, 101.664, 86.4064
2690.000000, 101.521, 87.0300
2720.000000, 101.418, 87.7333
2760.000000, 101.302, 88.9030
2800.000000, 101.229, 90.1518
2850.000000, 101.173, 91.6117
2900.000000, 101.117, 92.9448
2950.000000, 101.055, 94.2985
3000.000000, 100.995, 95.7646
3040.000000, 100.947, 97.0249
3070.000000, 100.913, 98.0272
3110.000000, 100.876, 99.4397
3150.000000, 100.858, 100.9143
3200.000000, 100.857, 102.8254
3250.000000, 100.876, 104.7511
3300.000000, 100.926, 106.5925
3350.000000, 100.998, 108.3074
3400.000000, 101.073, 109.9413
3450.000000, 101.152, 111.5518
3500.000000, 101.248, 113.1524
3550.000000, 101.360, 114.7461
3600.000000, 101.483, 116.3226
3650.000000, 101.624, 117.8351
3700.000000, 101.784, 119.2582
3750.000000, 101.957, 120.6166
3820.000000, 102.226, 122.3438
3870.000000, 102.444, 123.3772
3950.000000, 102.818, 124.6123
4000.000000, 103.053, 125.0966
4060.000000, 103.342, 125.3251
4120.000000, 103.628, 125.1305
4180.000000, 103.890, 124.5098
4250.000000, 104.142, 123.2288
4310.000000, 104.296, 121.7218
4370.000000, 104.383, 119.9489
4440.000000, 104.385, 117.5090
4500.000000, 104.274, 115.2412
4550.000000, 104.105, 113.3957
4620.000000, 103.761, 111.0587
4680.000000, 103.375, 109.4083
4750.000000, 102.839, 108.0063
4820.000000, 102.246, 107.2210
4870.000000, 101.800, 107.0609
4940.000000, 101.154, 107.3886
5000.000000, 100.595, 108.1419
5080.000000, 99.865, 109.7236
5150.000000, 99.248, 111.5847
5220.000000, 98.651, 113.8252
5300.000000, 98.004, 116.7929
5380.000000, 97.399, 120.1236
5450.000000, 96.898, 123.3097
5520.000000, 96.424, 126.7223
5600.000000, 95.927, 130.8408
5700.000000, 95.383, 136.2438
5800.000000, 94.902, 141.9002
5900.000000, 94.484, 147.7357
6000.000000, 94.135, 153.7076
6080.000000, 93.901, 158.5653
6150.000000, 93.732, 162.8393
6220.000000, 93.597, 167.1026
6300.000000, 93.480, 171.9347
6400.000000, 93.375, 177.9310
6500.000000, 93.312, -176.0740
6600.000000, 93.301, -170.0914
6700.000000, 93.356, -164.1700
6800.000000, 93.477, -158.3235
6900.000000, 93.684, -152.5760
7000.000000, 93.986, -146.9654
7100.000000, 94.377, -141.5563
7200.000000, 94.861, -136.4719
7300.000000, 95.444, -131.8782
7400.000000, 96.127, -128.0095
7500.000000, 96.900, -125.1037
7620.000000, 97.927, -123.3340
7750.000000, 99.057, -124.1644
7880.000000, 99.909, -128.1719
8000.000000, 100.239, -134.1209
8120.000000, 100.013, -140.7999
8250.000000, 99.180, -146.8384
8380.000000, 97.921, -150.1383
8500.000000, 96.596, -150.4638
8620.000000, 95.277, -148.5263
8750.000000, 93.940, -144.5017
8850.000000, 92.995, -140.4232
9000.000000, 91.726, -133.1974
9120.000000, 90.849, -126.7525
9250.000000, 90.024, -119.3032
9380.000000, 89.308, -111.5208
9500.000000, 88.736, -104.1183
9620.000000, 88.252, -96.5768
9750.000000, 87.831, -88.3167
9880.000000, 87.511, -80.0210
10000.000000, 87.296, -72.3767
10150.000000, 87.129, -62.9084
10300.000000, 87.078, -53.6025
10440.000000, 87.132, -45.1503
10600.000000, 87.314, -35.8761
10750.000000, 87.609, -27.6996
10900.000000, 88.026, -20.2480
11060.000000, 88.584, -13.3940
11200.000000, 89.143, -8.6262
11380.000000, 89.886, -4.6404
11500.000000, 90.319, -3.4615
11720.000000, 90.745, -4.0368
11800.000000, 90.727, -4.8081
12060.000000, 89.958, -6.9766
12200.000000, 89.164, -6.7260
12410.000000, 87.700, -3.4891
12500.000000, 87.038, -1.0469
12650.000000, 85.958, 4.2440
12800.000000, 84.944, 10.8033
13150.000000, 82.942, 29.4584
13200.000000, 82.703, 32.3951
13400.000000, 81.864, 44.6013
13600.000000, 81.204, 57.3866
13800.000000, 80.733, 70.6253
14000.000000, 80.465, 84.1887
14300.000000, 80.463, 104.7972
14500.000000, 80.741, 118.4089
14750.000000, 81.434, 134.9570
15000.000000, 82.582, 150.4260
15250.000000, 84.285, 163.7395
15500.000000, 86.612, 172.8552
15750.000000, 89.265, 174.7402
16000.000000, 91.396, 167.6542
16250.000000, 92.107, 154.7956
16500.000000, 91.283, 143.2664
16750.000000, 89.652, 137.4698
17000.000000, 87.974, 136.5593
17250.000000, 86.514, 137.5737
17500.000000, 85.140, 138.4996
17750.000000, 83.575, 139.1924
18000.000000, 81.651, 140.8006
18250.000000, 79.397, 144.7028
18500.000000, 77.012, 151.8073
18750.000000, 74.807, 162.2790
19000.000000, 73.008, 175.6816
19250.000000, 71.550, -168.8816
19500.000000, 70.190, -152.5488
19750.000000, 68.808, -136.1010
20000.000000, 67.397, -119.7997
20300.000000, 65.721, -100.4485
20600.000000, 64.096, -81.8542
20900.000000, 62.238, -63.4658
21200.000000, 59.961, -39.6220
21400.000000, 58.780, -13.9288
21800.000000, 60.239, 43.6015
22000.000000, 61.876, 58.2039
22400.000000, 64.120, 75.1162
22700.000000, 65.336, 89.6408
23000.000000, 66.760, 109.2742
23300.000000, 67.261, 133.5424
23600.000000, 66.144, 158.2527
24000.000000, 63.635, 114.2357
