* Measurement data measured by REW V5.31.3
* Source: Analog 1/2 (E2x2), LINE_IN (Master Volume), L, volume: 1.000. Timing signal peak level -34.8 dBFS, measurement signal peak level -29.5 dBFS
* Format: 2M Log Swept Sine, 1 sweep at -27.6 dBFS using an acoustic timing reference
* Dated: Apr 3, 2025 7:13:32 PM
* REW Settings:
*  C-weighting compensation: Off
*  Target level: 85.0 dB
* Note: ; Fosi DS1 & E2x2 Delay -0.0571 ms (-20 mm, -0.77 in) using estimated IR delay relative to Acoustic reference played from SPEAKER L with no timing offset Clock adjustment: -28.7 ppm
* Measurement: Baroque L
* Smoothing: 1/24 octave
* Frequency Step: 1/48 octave
* Start Frequency: 1.000 Hz
*
* Freq(Hz), SPL(dB), Phase(degrees)
1.000000, 64.287, -156.4286
1.015000, 64.371, -156.6638
1.030000, 64.461, -156.9236
1.044000, 64.552, -157.1891
1.060000, 64.664, -157.5200
1.075000, 64.779, -157.8562
1.090000, 64.904, -158.2124
1.106000, 65.047, -158.5865
1.120000, 65.182, -158.8641
1.138000, 65.364, -159.1280
1.150000, 65.492, -159.2492
1.172000, 65.737, -159.4642
1.180000, 65.830, -159.6079
1.206000, 66.141, -159.9855
1.220000, 66.315, -160.1457
1.241000, 66.583, -160.3428
1.250000, 66.700, -160.4147
1.265000, 66.897, -160.5214
1.280000, 67.098, -160.6157
1.315000, 67.572, -160.8083
1.320000, 67.640, -160.8345
1.340000, 67.914, -160.9397
1.360000, 68.187, -161.0459
1.380000, 68.459, -161.2896
1.400000, 68.728, -161.5952
1.430000, 69.124, -162.0832
1.450000, 69.381, -162.4289
1.475000, 69.694, -162.8570
1.500000, 70.006, -163.2118
1.525000, 70.319, -163.4715
1.550000, 70.632, -163.6502
1.575000, 70.945, -163.8364
1.600000, 71.258, -164.1031
1.625000, 71.570, -164.3338
1.650000, 71.881, -164.5407
1.675000, 72.191, -164.7344
1.700000, 72.498, -164.9236
1.725000, 72.803, -165.1161
1.750000, 73.106, -165.3176
1.775000, 73.405, -165.5869
1.800000, 73.700, -165.9785
1.825000, 73.992, -166.3837
1.850000, 74.280, -166.7837
1.875000, 74.565, -167.1483
1.900000, 74.848, -167.4713
1.925000, 75.129, -167.7572
1.950000, 75.407, -168.0106
1.975000, 75.683, -168.2887
2.000000, 75.956, -168.6458
2.030000, 76.280, -169.0512
2.060000, 76.600, -169.4449
2.090000, 76.916, -169.8348
2.120000, 77.229, -170.2279
2.140000, 77.435, -170.4947
2.180000, 77.841, -171.0971
2.200000, 78.041, -171.4531
2.240000, 78.436, -172.1464
2.270000, 78.727, -172.6356
2.300000, 79.015, -173.0979
2.330000, 79.298, -173.5365
2.360000, 79.577, -173.9561
2.400000, 79.943, -174.6103
2.430000, 80.214, -175.1046
2.470000, 80.569, -175.7535
2.500000, 80.831, -176.2375
2.540000, 81.176, -176.8850
2.580000, 81.515, -177.5743
2.620000, 81.847, -178.3316
2.650000, 82.092, -178.8823
2.690000, 82.412, -179.5944
2.720000, 82.649, 179.8876
2.760000, 82.959, 179.2202
2.800000, 83.263, 178.4828
2.850000, 83.636, 177.5688
2.900000, 84.000, 176.6712
2.950000, 84.356, 175.7841
3.000000, 84.702, 174.8401
3.040000, 84.973, 174.0744
3.070000, 85.172, 173.5109
3.110000, 85.434, 172.7753
3.150000, 85.690, 172.0579
3.200000, 86.003, 171.1288
3.250000, 86.310, 170.1978
3.300000, 86.610, 169.2877
3.350000, 86.903, 168.3940
3.400000, 87.188, 167.4562
3.450000, 87.466, 166.5133
3.500000, 87.738, 165.5942
3.550000, 88.003, 164.7028
3.600000, 88.263, 163.7931
3.650000, 88.517, 162.8900
3.700000, 88.766, 162.0067
3.750000, 89.009, 161.1367
3.820000, 89.339, 159.8823
3.870000, 89.568, 158.9962
3.950000, 89.925, 157.6273
4.000000, 90.143, 156.7700
4.060000, 90.399, 155.7516
4.120000, 90.648, 154.7548
4.180000, 90.891, 153.7674
4.250000, 91.167, 152.5948
4.310000, 91.398, 151.6210
4.370000, 91.624, 150.6713
4.440000, 91.883, 149.5510
4.500000, 92.098, 148.6099
4.550000, 92.275, 147.8401
4.620000, 92.516, 146.7488
4.680000, 92.718, 145.8281
4.750000, 92.950, 144.7826
4.820000, 93.177, 143.7293
4.870000, 93.335, 142.9830
4.940000, 93.553, 141.9571
5.000000, 93.736, 141.0761
5.080000, 93.975, 139.9111
5.150000, 94.179, 138.9152
5.220000, 94.378, 137.9107
5.300000, 94.600, 136.7729
5.380000, 94.817, 135.6541
5.450000, 95.002, 134.6705
5.520000, 95.182, 133.7065
5.600000, 95.384, 132.6079
5.700000, 95.628, 131.2363
5.800000, 95.864, 129.8903
5.900000, 96.092, 128.5579
6.000000, 96.312, 127.2426
6.080000, 96.482, 126.1930
6.150000, 96.627, 125.2958
6.220000, 96.769, 124.4019
6.300000, 96.926, 123.3968
6.400000, 97.117, 122.1572
6.500000, 97.301, 120.9326
6.600000, 97.480, 119.7405
6.700000, 97.653, 118.5669
6.800000, 97.820, 117.4174
6.900000, 97.983, 116.2858
7.000000, 98.143, 115.1836
7.100000, 98.298, 114.0980
7.200000, 98.450, 113.0349
7.300000, 98.598, 111.9862
7.400000, 98.744, 110.9589
7.500000, 98.886, 109.9429
7.620000, 99.054, 108.7437
7.750000, 99.232, 107.4638
7.880000, 99.405, 106.1938
8.000000, 99.561, 105.0386
8.120000, 99.713, 103.8907
8.250000, 99.873, 102.6547
8.380000, 100.027, 101.4326
8.500000, 100.165, 100.3129
8.620000, 100.298, 99.2030
8.750000, 100.436, 98.0161
8.850000, 100.539, 97.1131
9.000000, 100.686, 95.7804
9.120000, 100.799, 94.7336
9.250000, 100.917, 93.6229
9.380000, 101.030, 92.5371
9.500000, 101.132, 91.5538
9.620000, 101.231, 90.5945
9.750000, 101.335, 89.5773
9.880000, 101.428, 88.5789
10.000000, 101.503, 87.6793
10.150000, 101.584, 86.5530
10.300000, 101.656, 85.4538
10.440000, 101.716, 84.4499
10.600000, 101.782, 83.3260
10.750000, 101.843, 82.2925
10.900000, 101.903, 81.2783
11.060000, 101.964, 80.2030
11.200000, 102.014, 79.2571
11.380000, 102.074, 78.0738
11.500000, 102.111, 77.3069
11.720000, 102.177, 75.9489
11.800000, 102.200, 75.4718
12.060000, 102.278, 73.9658
12.200000, 102.322, 73.1660
12.410000, 102.389, 72.0040
12.500000, 102.418, 71.5167
12.650000, 102.467, 70.7166
12.800000, 102.515, 69.9270
13.150000, 102.624, 68.0829
13.200000, 102.639, 67.8168
13.400000, 102.698, 66.7582
13.600000, 102.754, 65.7157
13.800000, 102.805, 64.6966
14.000000, 102.851, 63.7099
14.300000, 102.912, 62.2738
14.500000, 102.949, 61.3734
14.750000, 102.996, 60.3069
15.000000, 103.045, 59.2912
15.250000, 103.100, 58.2827
15.500000, 103.156, 57.2924
15.750000, 103.209, 56.3199
16.000000, 103.256, 55.3748
16.250000, 103.297, 54.4565
16.500000, 103.335, 53.6028
16.750000, 103.375, 52.8220
17.000000, 103.423, 52.0983
17.250000, 103.482, 51.3855
17.500000, 103.553, 50.6541
17.750000, 103.629, 49.8631
18.000000, 103.706, 48.9884
18.250000, 103.773, 48.0193
18.500000, 103.824, 46.9977
18.750000, 103.857, 45.9737
19.000000, 103.871, 45.0001
19.250000, 103.873, 44.1106
19.500000, 103.870, 43.3380
19.750000, 103.870, 42.6754
20.000000, 103.881, 42.0881
20.299999, 103.909, 41.3992
20.600000, 103.950, 40.6701
20.900000, 103.993, 39.8618
21.200001, 104.026, 38.9788
21.400000, 104.039, 38.3765
21.799999, 104.044, 37.2299
22.000000, 104.040, 36.7146
22.400000, 104.032, 35.8107
22.700001, 104.037, 35.2216
23.000000, 104.055, 34.6539
23.299999, 104.083, 34.0532
23.600000, 104.115, 33.3995
24.000000, 104.154, 32.4498
24.299999, 104.175, 31.7019
24.700001, 104.192, 30.7196
25.000000, 104.197, 30.0212
25.400000, 104.201, 29.1472
25.799999, 104.205, 28.3417
26.200001, 104.213, 27.5794
26.500000, 104.221, 27.0220
26.900000, 104.234, 26.2893
27.200001, 104.244, 25.7395
27.600000, 104.257, 25.0073
28.000000, 104.267, 24.2831
28.500000, 104.274, 23.3930
29.000000, 104.276, 22.5417
29.500000, 104.271, 21.7480
30.000000, 104.265, 21.0407
30.400000, 104.264, 20.5270
30.700001, 104.269, 20.1560
31.100000, 104.283, 19.6443
31.500000, 104.301, 19.0781
32.000000, 104.318, 18.2980
32.500000, 104.319, 17.4993
33.000000, 104.307, 16.7736
33.500000, 104.297, 16.1431
34.000000, 104.299, 15.5583
34.500000, 104.310, 14.9427
35.000000, 104.320, 14.2725
35.500000, 104.318, 13.5815
36.000000, 104.306, 12.9364
36.500000, 104.291, 12.3687
37.000000, 104.284, 11.8491
37.500000, 104.285, 11.2942
38.200001, 104.278, 10.3826
38.700001, 104.250, 9.7185
39.500000, 104.187, 8.8950
40.000000, 104.165, 8.4996
40.599998, 104.160, 7.9518
41.200001, 104.149, 7.2768
41.799999, 104.121, 6.6309
42.500000, 104.099, 6.0237
43.099998, 104.104, 5.4666
43.700001, 104.103, 4.7810
44.400002, 104.072, 4.0197
45.000000, 104.043, 3.5511
45.500000, 104.034, 3.2233
46.200001, 104.035, 2.6860
46.799999, 104.025, 2.1661
47.500000, 104.003, 1.6305
48.200001, 103.988, 1.1608
48.700001, 103.984, 0.7878
49.400002, 103.972, 0.1752
50.000000, 103.947, -0.3748
50.799999, 103.898, -1.0071
51.500000, 103.861, -1.4480
52.200001, 103.840, -1.8874
53.000000, 103.818, -2.4695
53.799999, 103.787, -3.0549
54.500000, 103.758, -3.5072
55.200001, 103.734, -3.9324
56.000000, 103.710, -4.4421
57.000000, 103.667, -5.1106
58.000000, 103.606, -5.6729
59.000000, 103.559, -6.0895
60.000000, 103.532, -6.6208
60.799999, 103.497, -7.1450
61.500000, 103.458, -7.5487
62.200001, 103.425, -7.9028
63.000000, 103.394, -8.3458
64.000000, 103.345, -8.9117
65.000000, 103.300, -9.3676
66.000000, 103.265, -9.8367
67.000000, 103.223, -10.3057
68.000000, 103.181, -10.7172
69.000000, 103.139, -11.1229
70.000000, 103.096, -11.5280
71.000000, 103.050, -11.9313
72.000000, 103.002, -12.3235
73.000000, 102.954, -12.7056
74.000000, 102.908, -13.1022
75.000000, 102.858, -13.5017
76.199997, 102.797, -13.9624
77.500000, 102.731, -14.4022
78.800003, 102.676, -14.8076
80.000000, 102.627, -15.2367
81.199997, 102.565, -15.6682
82.500000, 102.494, -16.0137
83.800003, 102.438, -16.3301
85.000000, 102.392, -16.6798
86.199997, 102.347, -17.0382
87.500000, 102.300, -17.4512
88.500000, 102.256, -17.7643
90.000000, 102.189, -18.0829
91.199997, 102.144, -18.3055
92.500000, 102.092, -18.5656
93.800003, 102.034, -18.8124
95.000000, 101.980, -19.0287
96.199997, 101.929, -19.2426
97.500000, 101.882, -19.5014
98.800003, 101.834, -19.8216
100.000000, 101.786, -20.1051
101.500000, 101.723, -20.4436
103.000000, 101.651, -20.7283
104.400002, 101.589, -20.8655
106.000000, 101.542, -21.0460
107.500000, 101.496, -21.2716
109.000000, 101.456, -21.4624
110.599998, 101.417, -21.6860
112.000000, 101.398, -21.9184
113.800003, 101.366, -22.4476
115.000000, 101.326, -22.7156
117.199997, 101.291, -22.9335
118.000000, 101.292, -23.0530
120.599998, 101.324, -23.9250
122.000000, 101.301, -24.7400
124.099998, 101.226, -25.8485
125.000000, 101.186, -26.3752
126.500000, 101.097, -27.2708
128.000000, 100.994, -28.2068
131.500000, 100.641, -30.1394
132.000000, 100.583, -30.2809
134.000000, 100.350, -30.4874
136.000000, 100.138, -30.3114
138.000000, 99.971, -29.9448
140.000000, 99.868, -29.2584
143.000000, 99.692, -27.7277
145.000000, 99.452, -26.6162
147.500000, 99.145, -26.0317
150.000000, 99.104, -27.1136
152.500000, 99.249, -27.9600
155.000000, 99.372, -27.3311
157.500000, 99.317, -26.5776
160.000000, 99.220, -26.9453
162.500000, 99.175, -27.9793
165.000000, 99.113, -28.6353
167.500000, 98.953, -28.8804
170.000000, 98.751, -29.0302
172.500000, 98.569, -29.1166
175.000000, 98.389, -28.9628
177.500000, 98.195, -28.5964
180.000000, 98.015, -28.0381
182.500000, 97.862, -27.1828
185.000000, 97.742, -26.0960
187.500000, 97.674, -24.9707
190.000000, 97.671, -23.9538
192.500000, 97.722, -23.1292
195.000000, 97.786, -22.7227
197.500000, 97.828, -22.6599
200.000000, 97.848, -22.7371
203.000000, 97.848, -22.9923
206.000000, 97.817, -23.2924
209.000000, 97.773, -23.5062
212.000000, 97.715, -23.6566
214.000000, 97.665, -23.7416
218.000000, 97.556, -23.9720
220.000000, 97.500, -24.0732
224.000000, 97.380, -23.9976
227.000000, 97.266, -23.9340
230.000000, 97.128, -23.9910
233.000000, 96.976, -23.9359
236.000000, 96.821, -23.4464
240.000000, 96.654, -22.1100
243.000000, 96.621, -20.6388
247.000000, 96.767, -19.1674
250.000000, 96.906, -19.2270
254.000000, 96.994, -19.9255
258.000000, 96.967, -20.7111
262.000000, 96.863, -21.2377
265.000000, 96.796, -21.5540
269.000000, 96.715, -21.8633
272.000000, 96.631, -21.8090
276.000000, 96.472, -21.4487
280.000000, 96.318, -21.1404
285.000000, 96.198, -20.7960
290.000000, 96.072, -20.3350
295.000000, 95.944, -19.8510
300.000000, 95.838, -19.4363
304.000000, 95.748, -18.7739
307.000000, 95.726, -18.0315
311.000000, 95.777, -17.4912
315.000000, 95.809, -17.9001
320.000000, 95.660, -18.6334
325.000000, 95.440, -18.0744
330.000000, 95.337, -17.2152
335.000000, 95.282, -16.5768
340.000000, 95.225, -16.0698
345.000000, 95.155, -15.6059
350.000000, 95.081, -15.1882
355.000000, 95.007, -14.7213
360.000000, 94.924, -14.2043
365.000000, 94.846, -13.7457
370.000000, 94.779, -13.3822
375.000000, 94.709, -12.9598
382.000000, 94.592, -12.2794
387.000000, 94.514, -11.7532
395.000000, 94.405, -11.0071
400.000000, 94.336, -10.4609
406.000000, 94.252, -9.8339
412.000000, 94.183, -9.2637
418.000000, 94.117, -8.5586
425.000000, 94.024, -7.5641
431.000000, 93.955, -6.9153
437.000000, 93.886, -6.3290
444.000000, 93.796, -5.4399
450.000000, 93.724, -4.7051
455.000000, 93.672, -4.1091
462.000000, 93.605, -3.2531
468.000000, 93.553, -2.5201
475.000000, 93.498, -1.6382
482.000000, 93.440, -0.7285
487.000000, 93.398, -0.0895
494.000000, 93.337, 0.8507
500.000000, 93.295, 1.6495
508.000000, 93.261, 2.6871
515.000000, 93.243, 3.6329
522.000000, 93.218, 4.5152
530.000000, 93.172, 5.5273
538.000000, 93.129, 6.6294
545.000000, 93.109, 7.5027
552.000000, 93.095, 8.2435
560.000000, 93.087, 9.1831
570.000000, 93.091, 10.4655
580.000000, 93.110, 11.6303
590.000000, 93.137, 12.7209
600.000000, 93.135, 13.7465
608.000000, 93.132, 14.5481
615.000000, 93.129, 15.2421
622.000000, 93.126, 15.9064
630.000000, 93.123, 16.6575
640.000000, 93.105, 17.6224
650.000000, 93.084, 18.7689
660.000000, 93.109, 19.9320
670.000000, 93.120, 20.8894
680.000000, 93.096, 21.8485
690.000000, 93.078, 22.6908
700.000000, 93.068, 23.4732
710.000000, 93.072, 24.4562
720.000000, 93.070, 25.5744
730.000000, 93.079, 26.5968
740.000000, 93.084, 27.6304
750.000000, 93.090, 28.5925
762.000000, 93.122, 29.6748
775.000000, 93.156, 30.9639
788.000000, 93.185, 32.3344
800.000000, 93.202, 33.5446
812.000000, 93.217, 34.6020
825.000000, 93.266, 35.7785
838.000000, 93.300, 37.1709
850.000000, 93.336, 38.3026
862.000000, 93.388, 39.4956
875.000000, 93.440, 40.7302
885.000000, 93.479, 41.6295
900.000000, 93.549, 42.9482
912.000000, 93.608, 44.0412
925.000000, 93.672, 45.2056
938.000000, 93.727, 46.2920
950.000000, 93.782, 47.2643
962.000000, 93.846, 48.2284
975.000000, 93.914, 49.2574
988.000000, 93.981, 50.2696
1000.000000, 94.048, 51.1803
1015.000000, 94.131, 52.2971
1030.000000, 94.209, 53.4154
1044.000000, 94.284, 54.4346
1060.000000, 94.372, 55.5247
1075.000000, 94.455, 56.5309
1090.000000, 94.542, 57.5350
1106.000000, 94.643, 58.5970
1120.000000, 94.731, 59.5269
1138.000000, 94.841, 60.7143
1150.000000, 94.915, 61.4854
1172.000000, 95.052, 62.8676
1180.000000, 95.101, 63.3801
1206.000000, 95.267, 65.1060
1220.000000, 95.367, 66.0324
1241.000000, 95.525, 67.3791
1250.000000, 95.593, 67.9618
1265.000000, 95.703, 68.9814
1280.000000, 95.814, 70.0284
1315.000000, 96.106, 72.4641
1320.000000, 96.152, 72.8088
1340.000000, 96.331, 74.1833
1360.000000, 96.495, 75.5753
1380.000000, 96.676, 76.9392
1400.000000, 96.891, 78.2339
1430.000000, 97.253, 80.0196
1450.000000, 97.519, 81.0087
1475.000000, 97.864, 81.9907
1500.000000, 98.197, 82.7207
1525.000000, 98.518, 83.1675
1550.000000, 98.827, 83.3375
1575.000000, 99.100, 83.3578
1600.000000, 99.334, 83.3353
1625.000000, 99.539, 83.2033
1650.000000, 99.726, 83.1207
1675.000000, 99.893, 83.1124
1700.000000, 100.043, 83.1722
1725.000000, 100.188, 83.2795
1750.000000, 100.324, 83.4278
1775.000000, 100.456, 83.6186
1800.000000, 100.595, 83.7898
1825.000000, 100.736, 83.9449
1850.000000, 100.872, 84.1113
1875.000000, 101.007, 84.2660
1900.000000, 101.141, 84.3643
1925.000000, 101.270, 84.4287
1950.000000, 101.395, 84.4857
1975.000000, 101.519, 84.5098
2000.000000, 101.644, 84.4864
2030.000000, 101.785, 84.4046
2060.000000, 101.917, 84.2864
2090.000000, 102.044, 84.1003
2120.000000, 102.166, 83.8418
2140.000000, 102.243, 83.6369
2180.000000, 102.372, 83.1875
2200.000000, 102.423, 82.9528
2240.000000, 102.505, 82.4526
2270.000000, 102.549, 82.0682
2300.000000, 102.576, 81.7045
2330.000000, 102.590, 81.3482
2360.000000, 102.593, 81.0110
2400.000000, 102.577, 80.6130
2430.000000, 102.545, 80.3838
2470.000000, 102.486, 80.1643
2500.000000, 102.436, 80.0420
2540.000000, 102.358, 79.9685
2580.000000, 102.259, 80.0320
2620.000000, 102.150, 80.2065
2650.000000, 102.064, 80.4048
2690.000000, 101.938, 80.7986
2720.000000, 101.837, 81.1703
2760.000000, 101.701, 81.7656
2800.000000, 101.562, 82.4962
2850.000000, 101.382, 83.6091
2900.000000, 101.204, 84.9877
2950.000000, 101.039, 86.6513
3000.000000, 100.900, 88.6367
3040.000000, 100.822, 90.3885
3070.000000, 100.789, 91.7480
3110.000000, 100.780, 93.5426
3150.000000, 100.803, 95.2198
3200.000000, 100.850, 97.0858
3250.000000, 100.898, 98.7160
3300.000000, 100.940, 100.2119
3350.000000, 100.971, 101.6790
3400.000000, 100.999, 103.1757
3450.000000, 101.035, 104.7122
3500.000000, 101.079, 106.2977
3550.000000, 101.127, 107.9367
3600.000000, 101.187, 109.6142
3650.000000, 101.272, 111.2969
3700.000000, 101.377, 112.9742
3750.000000, 101.494, 114.6476
3820.000000, 101.694, 116.8523
3870.000000, 101.863, 118.2765
3950.000000, 102.143, 120.3192
4000.000000, 102.332, 121.4094
4060.000000, 102.573, 122.5123
4120.000000, 102.821, 123.3835
4180.000000, 103.072, 123.9922
4250.000000, 103.370, 124.3240
4310.000000, 103.622, 124.2734
4370.000000, 103.851, 123.9001
4440.000000, 104.073, 122.9630
4500.000000, 104.211, 121.7692
4550.000000, 104.284, 120.5624
4620.000000, 104.308, 118.6257
4680.000000, 104.248, 116.8410
4750.000000, 104.077, 114.7628
4820.000000, 103.806, 112.8339
4870.000000, 103.555, 111.6394
4940.000000, 103.129, 110.3241
5000.000000, 102.711, 109.5774
5080.000000, 102.107, 109.1628
5150.000000, 101.548, 109.3798
5220.000000, 100.976, 110.1008
5300.000000, 100.328, 111.4984
5380.000000, 99.698, 113.4356
5450.000000, 99.166, 115.5195
5520.000000, 98.657, 117.9258
5600.000000, 98.116, 120.9873
5700.000000, 97.495, 125.2293
5800.000000, 96.929, 129.8672
5900.000000, 96.427, 134.8275
6000.000000, 95.986, 140.1011
6080.000000, 95.681, 144.5470
6150.000000, 95.470, 148.5146
6220.000000, 95.311, 152.4327
6300.000000, 95.168, 156.7628
6400.000000, 95.009, 162.0954
6500.000000, 94.882, 167.4952
6600.000000, 94.810, 172.9635
6700.000000, 94.806, 178.4280
6800.000000, 94.875, -176.1706
6900.000000, 95.034, -170.8769
7000.000000, 95.289, -165.7626
7100.000000, 95.626, -160.9166
7200.000000, 96.040, -156.4209
7300.000000, 96.539, -152.4118
7400.000000, 97.119, -149.1301
7500.000000, 97.751, -146.6857
7620.000000, 98.574, -145.1089
7750.000000, 99.490, -145.5500
7880.000000, 100.206, -148.4808
8000.000000, 100.540, -153.1998
8120.000000, 100.449, -159.0462
8250.000000, 99.821, -165.0886
8380.000000, 98.723, -169.2976
8500.000000, 97.466, -170.8873
8620.000000, 96.133, -170.2462
8750.000000, 94.709, -167.4846
8850.000000, 93.664, -164.2119
9000.000000, 92.223, -157.9613
9120.000000, 91.194, -152.1100
9250.000000, 90.192, -145.1526
9380.000000, 89.299, -137.7415
9500.000000, 88.565, -130.5926
9620.000000, 87.915, -123.2366
9750.000000, 87.298, -115.0847
9880.000000, 86.766, -106.7722
10000.000000, 86.345, -99.0083
10150.000000, 85.907, -89.2333
10300.000000, 85.560, -79.4206
10440.000000, 85.309, -70.2490
10600.000000, 85.110, -59.7766
10750.000000, 85.020, -50.0067
10900.000000, 85.012, -40.3225
11060.000000, 85.091, -30.1187
11200.000000, 85.242, -21.3369
11380.000000, 85.554, -10.3357
11500.000000, 85.832, -3.2235
11720.000000, 86.503, 9.1829
11800.000000, 86.805, 13.4226
12060.000000, 87.995, 25.7660
12200.000000, 88.739, 31.1894
12410.000000, 89.935, 37.0170
12500.000000, 90.448, 38.4695
12650.000000, 91.223, 39.3740
12800.000000, 91.796, 38.5152
13150.000000, 91.831, 33.3368
13200.000000, 91.680, 32.7632
13400.000000, 90.784, 32.0472
13600.000000, 89.625, 34.4352
13800.000000, 88.445, 39.7407
14000.000000, 87.395, 47.2871
14300.000000, 86.165, 61.5124
14500.000000, 85.601, 72.3004
14750.000000, 85.226, 86.7588
15000.000000, 85.291, 101.7482
15250.000000, 85.898, 116.2730
15500.000000, 87.164, 128.7435
15750.000000, 88.959, 136.4454
16000.000000, 90.724, 137.2512
16250.000000, 91.775, 132.0048
16500.000000, 91.712, 124.6243
16750.000000, 90.646, 119.6571
17000.000000, 89.063, 119.4519
17250.000000, 87.453, 123.6904
17500.000000, 86.093, 130.7678
17750.000000, 85.036, 139.1309
18000.000000, 84.234, 147.5709
18250.000000, 83.613, 155.2381
18500.000000, 83.088, 161.8376
18750.000000, 82.599, 167.7804
19000.000000, 82.063, 174.1140
19250.000000, 81.349, -178.0226
19500.000000, 80.386, -168.0234
19750.000000, 79.281, -156.0392
20000.000000, 78.190, -142.5706
20300.000000, 77.151, -125.4957
20600.000000, 76.623, -108.9179
20900.000000, 76.494, -94.5301
21200.000000, 76.510, -83.4348
21400.000000, 76.457, -77.8559
21800.000000, 75.923, -69.1912
22000.000000, 75.406, -64.8765
22400.000000, 74.115, -53.0556
22700.000000, 73.481, -39.5810
23000.000000, 73.325, -22.8983
23300.000000, 72.461, -1.8568
23600.000000, 69.733, 22.5371
24000.000000, 65.053, -14.7841
