* Measurement data measured by REW V5.31.3
* Source: Analog 1/2 (E2x2), LINE_IN (Master Volume), L, volume: 1.000. Timing signal peak level -34.2 dBFS, measurement signal peak level -29.3 dBFS
* Format: 2M Log Swept Sine, 1 sweep at -27.6 dBFS using an acoustic timing reference
* Dated: Apr 3, 2025 7:21:03 PM
* REW Settings:
*  C-weighting compensation: Off
*  Target level: 85.0 dB
* Note: ; Fosi DS1 & E2x2 Delay -0.1400 ms (-48 mm, -1.89 in) using estimated IR delay relative to Acoustic reference played from SPEAKER L with no timing offset Clock adjustment: -61.1 ppm
* Measurement: S&S L
* Smoothing: 1/24 octave
* Frequency Step: 1/48 octave
* Start Frequency: 1.000 Hz
*
* Freq(Hz), SPL(dB), Phase(degrees)
1.000000, 63.492, -152.1199
1.015000, 63.646, -152.5879
1.030000, 63.802, -153.0619
1.044000, 63.951, -153.5120
1.060000, 64.125, -154.0375
1.075000, 64.291, -154.5413
1.090000, 64.460, -155.0522
1.106000, 64.645, -155.5767
1.120000, 64.812, -155.9725
1.138000, 65.034, -156.3707
1.150000, 65.186, -156.5716
1.172000, 65.472, -156.9149
1.180000, 65.579, -157.1003
1.206000, 65.933, -157.5973
1.220000, 66.128, -157.8129
1.241000, 66.424, -158.0834
1.250000, 66.553, -158.1834
1.265000, 66.769, -158.3331
1.280000, 66.986, -158.4659
1.315000, 67.496, -158.7330
1.320000, 67.569, -158.7682
1.340000, 67.861, -158.9058
1.360000, 68.152, -159.0389
1.380000, 68.440, -159.3043
1.400000, 68.725, -159.6269
1.430000, 69.144, -160.1318
1.450000, 69.416, -160.4834
1.475000, 69.749, -160.9129
1.500000, 70.078, -161.2627
1.525000, 70.405, -161.5126
1.550000, 70.730, -161.6781
1.575000, 71.053, -161.8493
1.600000, 71.374, -162.1003
1.625000, 71.693, -162.3151
1.650000, 72.010, -162.5067
1.675000, 72.324, -162.6858
1.700000, 72.635, -162.8615
1.725000, 72.944, -163.0417
1.750000, 73.250, -163.2322
1.775000, 73.552, -163.4916
1.800000, 73.852, -163.8746
1.825000, 74.148, -164.2720
1.850000, 74.441, -164.6637
1.875000, 74.731, -165.0186
1.900000, 75.018, -165.3304
1.925000, 75.302, -165.6045
1.950000, 75.583, -165.8461
1.975000, 75.862, -166.1129
2.000000, 76.138, -166.4597
2.030000, 76.465, -166.8544
2.060000, 76.788, -167.2400
2.090000, 77.107, -167.6244
2.120000, 77.422, -168.0150
2.140000, 77.630, -168.2819
2.180000, 78.040, -168.8885
2.200000, 78.243, -169.2482
2.240000, 78.642, -169.9487
2.270000, 78.937, -170.4421
2.300000, 79.227, -170.9081
2.330000, 79.514, -171.3505
2.360000, 79.796, -171.7745
2.400000, 80.167, -172.4368
2.430000, 80.440, -172.9393
2.470000, 80.799, -173.6031
2.500000, 81.065, -174.1015
2.540000, 81.413, -174.7731
2.580000, 81.756, -175.4913
2.620000, 82.092, -176.2794
2.650000, 82.340, -176.8533
2.690000, 82.665, -177.5968
2.720000, 82.904, -178.1387
2.760000, 83.218, -178.8394
2.800000, 83.526, -179.6119
2.850000, 83.903, 179.4262
2.900000, 84.271, 178.4752
2.950000, 84.631, 177.5280
3.000000, 84.981, 176.5190
3.040000, 85.254, 175.6990
3.070000, 85.455, 175.0941
3.110000, 85.719, 174.3026
3.150000, 85.976, 173.5288
3.200000, 86.292, 172.5284
3.250000, 86.600, 171.5247
3.300000, 86.901, 170.5390
3.350000, 87.194, 169.5648
3.400000, 87.479, 168.5417
3.450000, 87.756, 167.5110
3.500000, 88.026, 166.5039
3.550000, 88.289, 165.5261
3.600000, 88.546, 164.5324
3.650000, 88.797, 163.5477
3.700000, 89.041, 162.5820
3.750000, 89.279, 161.6256
3.820000, 89.600, 160.2466
3.870000, 89.823, 159.2726
3.950000, 90.167, 157.7722
4.000000, 90.376, 156.8405
4.060000, 90.621, 155.7388
4.120000, 90.859, 154.6587
4.180000, 91.088, 153.5880
4.250000, 91.348, 152.3235
4.310000, 91.564, 151.2802
4.370000, 91.775, 150.2725
4.440000, 92.016, 149.0978
4.500000, 92.215, 148.1158
4.550000, 92.377, 147.3153
4.620000, 92.599, 146.1887
4.680000, 92.784, 145.2469
4.750000, 92.997, 144.1909
4.820000, 93.205, 143.1418
4.870000, 93.351, 142.4055
4.940000, 93.551, 141.4014
5.000000, 93.719, 140.5456
5.080000, 93.939, 139.4232
5.150000, 94.129, 138.4743
5.220000, 94.316, 137.5280
5.300000, 94.526, 136.4672
5.380000, 94.732, 135.4302
5.450000, 94.909, 134.5182
5.520000, 95.085, 133.6260
5.600000, 95.282, 132.6142
5.700000, 95.525, 131.3549
5.800000, 95.763, 130.1121
5.900000, 95.996, 128.8668
6.000000, 96.224, 127.6300
6.080000, 96.403, 126.6360
6.150000, 96.557, 125.7781
6.220000, 96.707, 124.9119
6.300000, 96.876, 123.9255
6.400000, 97.081, 122.6942
6.500000, 97.281, 121.4617
6.600000, 97.473, 120.2435
6.700000, 97.660, 119.0240
6.800000, 97.839, 117.8131
6.900000, 98.013, 116.6109
7.000000, 98.180, 115.4304
7.100000, 98.341, 114.2565
7.200000, 98.496, 113.1004
7.300000, 98.645, 111.9620
7.400000, 98.790, 110.8498
7.500000, 98.929, 109.7514
7.620000, 99.091, 108.4632
7.750000, 99.260, 107.1082
7.880000, 99.423, 105.7826
8.000000, 99.569, 104.5933
8.120000, 99.711, 103.4306
8.250000, 99.861, 102.1990
8.380000, 100.007, 100.9961
8.500000, 100.140, 99.9047
8.620000, 100.269, 98.8331
8.750000, 100.406, 97.6910
8.850000, 100.509, 96.8216
9.000000, 100.660, 95.5381
9.120000, 100.777, 94.5256
9.250000, 100.900, 93.4431
9.380000, 101.019, 92.3774
9.500000, 101.126, 91.4059
9.620000, 101.231, 90.4513
9.750000, 101.339, 89.4329
9.880000, 101.437, 88.4305
10.000000, 101.514, 87.5258
10.150000, 101.597, 86.3931
10.300000, 101.669, 85.2921
10.440000, 101.730, 84.2917
10.600000, 101.795, 83.1775
10.750000, 101.857, 82.1586
10.900000, 101.917, 81.1624
11.060000, 101.979, 80.1049
11.200000, 102.031, 79.1722
11.380000, 102.093, 77.9973
11.500000, 102.131, 77.2287
11.720000, 102.197, 75.8547
11.800000, 102.220, 75.3677
12.060000, 102.290, 73.8237
12.200000, 102.326, 73.0077
12.410000, 102.378, 71.8376
12.500000, 102.399, 71.3577
12.650000, 102.433, 70.5863
12.800000, 102.467, 69.8479
13.150000, 102.549, 68.2105
13.200000, 102.562, 67.9807
13.400000, 102.618, 67.0756
13.600000, 102.680, 66.1758
13.800000, 102.745, 65.2654
14.000000, 102.811, 64.3285
14.300000, 102.904, 62.8351
14.500000, 102.956, 61.8106
14.750000, 103.008, 60.5294
15.000000, 103.046, 59.2847
15.250000, 103.073, 58.1003
15.500000, 103.094, 57.0330
15.750000, 103.116, 56.0916
16.000000, 103.149, 55.2536
16.250000, 103.197, 54.4414
16.500000, 103.262, 53.6117
16.750000, 103.339, 52.7027
17.000000, 103.418, 51.6810
17.250000, 103.487, 50.5418
17.500000, 103.535, 49.3437
17.750000, 103.557, 48.1647
18.000000, 103.555, 47.0810
18.250000, 103.538, 46.1456
18.500000, 103.520, 45.3980
18.750000, 103.513, 44.8191
19.000000, 103.530, 44.3498
19.250000, 103.572, 43.8885
19.500000, 103.634, 43.3718
19.750000, 103.706, 42.7532
20.000000, 103.774, 42.0271
20.299999, 103.840, 41.0508
20.600000, 103.882, 40.0644
20.900000, 103.905, 39.1550
21.200001, 103.921, 38.3556
21.400000, 103.934, 37.8778
21.799999, 103.971, 36.9865
22.000000, 103.996, 36.5353
22.400000, 104.045, 35.5620
22.700001, 104.073, 34.7957
23.000000, 104.089, 34.0436
23.299999, 104.097, 33.3400
23.600000, 104.103, 32.7057
24.000000, 104.122, 31.9315
24.299999, 104.144, 31.3465
24.700001, 104.178, 30.5136
25.000000, 104.198, 29.8517
25.400000, 104.212, 28.9612
25.799999, 104.216, 28.1346
26.200001, 104.222, 27.3857
26.500000, 104.232, 26.8507
26.900000, 104.253, 26.1298
27.200001, 104.271, 25.5596
27.600000, 104.292, 24.7646
28.000000, 104.304, 23.9633
28.500000, 104.311, 22.9976
29.000000, 104.313, 22.1027
29.500000, 104.316, 21.2596
30.000000, 104.321, 20.4493
30.400000, 104.324, 19.8083
30.700001, 104.325, 19.3321
31.100000, 104.326, 18.7015
31.500000, 104.325, 18.0765
32.000000, 104.319, 17.3209
32.500000, 104.309, 16.6077
33.000000, 104.301, 15.9522
33.500000, 104.301, 15.3273
34.000000, 104.312, 14.6761
34.500000, 104.325, 13.9484
35.000000, 104.326, 13.1776
35.500000, 104.311, 12.4575
36.000000, 104.294, 11.8534
36.500000, 104.290, 11.3137
37.000000, 104.296, 10.7377
37.500000, 104.296, 10.0935
38.200001, 104.271, 9.2381
38.700001, 104.250, 8.7430
39.500000, 104.234, 8.0011
40.000000, 104.223, 7.4944
40.599998, 104.198, 6.9257
41.200001, 104.180, 6.4515
41.799999, 104.183, 5.9277
42.500000, 104.184, 5.0913
43.099998, 104.154, 4.3290
43.700001, 104.108, 3.7180
44.400002, 104.075, 3.1505
45.000000, 104.062, 2.6224
45.500000, 104.048, 2.1466
46.200001, 104.022, 1.5411
46.799999, 104.010, 1.0798
47.500000, 104.007, 0.4960
48.200001, 103.998, -0.1390
48.700001, 103.987, -0.5847
49.400002, 103.970, -1.2097
50.000000, 103.946, -1.7556
50.799999, 103.899, -2.3939
51.500000, 103.865, -2.8439
52.200001, 103.844, -3.3191
53.000000, 103.816, -3.9457
53.799999, 103.778, -4.5599
54.500000, 103.744, -5.0465
55.200001, 103.716, -5.4840
56.000000, 103.699, -5.9865
57.000000, 103.682, -6.7723
58.000000, 103.632, -7.5565
59.000000, 103.580, -8.1204
60.000000, 103.546, -8.6571
60.799999, 103.517, -9.1423
61.500000, 103.484, -9.5606
62.200001, 103.450, -9.9377
63.000000, 103.417, -10.3470
64.000000, 103.380, -10.9178
65.000000, 103.335, -11.5223
66.000000, 103.286, -12.0664
67.000000, 103.246, -12.5785
68.000000, 103.208, -13.1333
69.000000, 103.159, -13.6795
70.000000, 103.104, -14.1304
71.000000, 103.054, -14.4890
72.000000, 103.014, -14.8275
73.000000, 102.974, -15.2130
74.000000, 102.927, -15.6278
75.000000, 102.875, -16.0421
76.199997, 102.815, -16.5572
77.500000, 102.757, -17.2031
78.800003, 102.690, -17.8879
80.000000, 102.630, -18.3454
81.199997, 102.599, -18.7309
82.500000, 102.563, -19.2313
83.800003, 102.500, -19.7132
85.000000, 102.416, -19.9843
86.199997, 102.356, -20.1259
87.500000, 102.304, -20.6554
88.500000, 102.230, -21.1388
90.000000, 102.124, -21.6053
91.199997, 102.056, -21.9407
92.500000, 101.990, -22.2198
93.800003, 101.924, -22.4385
95.000000, 101.870, -22.4741
96.199997, 101.844, -22.5053
97.500000, 101.830, -22.7080
98.800003, 101.796, -22.9665
100.000000, 101.772, -22.9559
101.500000, 101.776, -23.1775
103.000000, 101.716, -23.8193
104.400002, 101.580, -24.1553
106.000000, 101.500, -24.1379
107.500000, 101.506, -24.7194
109.000000, 101.490, -25.6648
110.599998, 101.448, -26.2166
112.000000, 101.439, -26.5432
113.800003, 101.367, -26.9294
115.000000, 101.318, -26.8793
117.199997, 101.299, -27.1886
118.000000, 101.300, -27.4012
120.599998, 101.329, -28.6400
122.000000, 101.289, -29.5018
124.099998, 101.180, -30.7596
125.000000, 101.111, -31.4249
126.500000, 100.955, -32.5107
128.000000, 100.783, -33.2269
131.500000, 100.516, -33.6630
132.000000, 100.488, -33.6625
134.000000, 100.368, -33.6891
136.000000, 100.226, -33.6992
138.000000, 100.103, -33.6749
140.000000, 100.023, -33.4656
143.000000, 99.985, -33.5753
145.000000, 99.836, -33.8253
147.500000, 99.678, -33.4679
150.000000, 99.609, -33.4773
152.500000, 99.569, -33.7163
155.000000, 99.452, -34.1525
157.500000, 99.322, -34.3290
160.000000, 99.264, -34.4471
162.500000, 99.263, -34.6693
165.000000, 99.199, -35.0796
167.500000, 99.084, -35.1393
170.000000, 99.035, -35.3219
172.500000, 98.972, -36.2637
175.000000, 98.813, -37.2169
177.500000, 98.627, -37.8220
180.000000, 98.454, -38.1318
182.500000, 98.291, -37.9640
185.000000, 98.133, -37.6964
187.500000, 97.949, -37.4286
190.000000, 97.761, -37.0540
192.500000, 97.568, -36.5457
195.000000, 97.396, -35.6247
197.500000, 97.284, -34.5212
200.000000, 97.210, -33.4431
203.000000, 97.183, -32.2163
206.000000, 97.273, -31.3457
209.000000, 97.426, -30.9952
212.000000, 97.526, -31.0957
214.000000, 97.552, -31.3181
218.000000, 97.579, -31.7605
220.000000, 97.574, -31.9672
224.000000, 97.543, -32.4294
227.000000, 97.514, -32.4312
230.000000, 97.510, -32.5666
233.000000, 97.489, -32.3631
236.000000, 97.574, -32.5559
240.000000, 97.534, -33.9576
243.000000, 97.551, -33.6595
247.000000, 97.757, -35.8113
250.000000, 97.544, -39.4486
254.000000, 96.624, -41.0639
258.000000, 95.739, -35.5302
262.000000, 95.660, -26.3218
265.000000, 96.053, -19.8188
269.000000, 96.719, -12.1614
272.000000, 97.079, -6.7866
276.000000, 97.144, -0.0849
280.000000, 96.649, 4.3563
285.000000, 95.993, 3.5430
290.000000, 96.063, 3.1261
295.000000, 95.951, 5.0115
300.000000, 95.865, 5.6069
304.000000, 95.847, 6.4304
307.000000, 95.837, 6.7787
311.000000, 95.853, 7.2648
315.000000, 95.843, 7.4529
320.000000, 95.701, 7.2608
325.000000, 95.501, 8.2037
330.000000, 95.390, 9.4554
335.000000, 95.323, 10.5433
340.000000, 95.273, 11.4691
345.000000, 95.220, 12.2970
350.000000, 95.158, 13.1382
355.000000, 95.105, 13.9612
360.000000, 95.059, 14.7454
365.000000, 95.004, 15.4510
370.000000, 94.942, 16.1017
375.000000, 94.887, 16.7593
382.000000, 94.797, 17.7171
387.000000, 94.714, 18.4360
395.000000, 94.573, 19.6025
400.000000, 94.484, 20.3358
406.000000, 94.389, 21.4734
412.000000, 94.305, 22.6501
418.000000, 94.220, 23.7339
425.000000, 94.133, 25.0897
431.000000, 94.072, 26.1437
437.000000, 94.005, 27.1446
444.000000, 93.935, 28.3900
450.000000, 93.885, 29.5058
455.000000, 93.847, 30.4222
462.000000, 93.787, 31.6733
468.000000, 93.732, 32.7426
475.000000, 93.673, 34.0384
482.000000, 93.617, 35.2796
487.000000, 93.579, 36.1135
494.000000, 93.524, 37.3155
500.000000, 93.467, 38.3922
508.000000, 93.404, 39.8797
515.000000, 93.364, 41.1315
522.000000, 93.323, 42.3191
530.000000, 93.267, 43.7283
538.000000, 93.224, 45.0671
545.000000, 93.197, 46.3797
552.000000, 93.166, 47.7686
560.000000, 93.136, 49.2798
570.000000, 93.099, 51.1459
580.000000, 93.058, 52.8864
590.000000, 93.011, 54.7977
600.000000, 92.985, 56.7730
608.000000, 92.972, 58.2999
615.000000, 92.971, 59.6208
622.000000, 92.974, 60.9043
630.000000, 92.979, 62.3574
640.000000, 92.996, 64.1528
650.000000, 93.009, 65.9208
660.000000, 93.022, 67.6756
670.000000, 93.049, 69.2938
680.000000, 93.070, 70.8829
690.000000, 93.073, 72.5571
700.000000, 93.085, 74.1730
710.000000, 93.137, 75.5608
720.000000, 93.209, 76.9634
730.000000, 93.245, 78.7768
740.000000, 93.201, 80.5739
750.000000, 93.172, 81.9567
762.000000, 93.194, 83.6976
775.000000, 93.221, 85.8101
788.000000, 93.259, 87.8539
800.000000, 93.291, 89.6610
812.000000, 93.316, 91.5039
825.000000, 93.375, 93.4518
838.000000, 93.435, 95.5532
850.000000, 93.472, 97.4205
862.000000, 93.524, 99.1776
875.000000, 93.583, 101.1084
885.000000, 93.623, 102.5935
900.000000, 93.684, 104.7613
912.000000, 93.740, 106.4514
925.000000, 93.800, 108.2940
938.000000, 93.863, 110.1195
950.000000, 93.926, 111.7917
962.000000, 93.991, 113.4498
975.000000, 94.061, 115.2102
988.000000, 94.132, 116.9375
1000.000000, 94.197, 118.5268
1015.000000, 94.288, 120.4924
1030.000000, 94.383, 122.3549
1044.000000, 94.465, 124.0712
1060.000000, 94.553, 126.1127
1075.000000, 94.637, 127.9927
1090.000000, 94.726, 129.7733
1106.000000, 94.828, 131.6582
1120.000000, 94.917, 133.3398
1138.000000, 95.032, 135.4592
1150.000000, 95.114, 136.8704
1172.000000, 95.260, 139.4914
1180.000000, 95.311, 140.4541
1206.000000, 95.485, 143.5203
1220.000000, 95.587, 145.1494
1241.000000, 95.749, 147.6212
1250.000000, 95.819, 148.7130
1265.000000, 95.944, 150.5594
1280.000000, 96.079, 152.3399
1315.000000, 96.370, 156.4503
1320.000000, 96.408, 157.0405
1340.000000, 96.558, 159.3675
1360.000000, 96.740, 161.6519
1380.000000, 96.956, 164.0728
1400.000000, 97.194, 166.4210
1430.000000, 97.586, 169.7020
1450.000000, 97.856, 171.6695
1475.000000, 98.208, 173.8350
1500.000000, 98.568, 175.6962
1525.000000, 98.910, 177.2894
1550.000000, 99.212, 178.5793
1575.000000, 99.482, 179.6723
1600.000000, 99.715, -179.2818
1625.000000, 99.908, -178.1786
1650.000000, 100.082, -177.0499
1675.000000, 100.250, -175.8844
1700.000000, 100.406, -174.6550
1725.000000, 100.549, -173.3736
1750.000000, 100.688, -172.0907
1775.000000, 100.826, -170.8070
1800.000000, 100.963, -169.5013
1825.000000, 101.102, -168.2112
1850.000000, 101.243, -166.9662
1875.000000, 101.382, -165.7390
1900.000000, 101.516, -164.5478
1925.000000, 101.646, -163.3949
1950.000000, 101.774, -162.2841
1975.000000, 101.898, -161.2216
2000.000000, 102.012, -160.1891
2030.000000, 102.133, -158.9871
2060.000000, 102.248, -157.8538
2090.000000, 102.358, -156.7974
2120.000000, 102.451, -155.7505
2140.000000, 102.503, -155.0536
2180.000000, 102.594, -153.7282
2200.000000, 102.630, -153.0803
2240.000000, 102.675, -151.7511
2270.000000, 102.692, -150.7482
2300.000000, 102.702, -149.7369
2330.000000, 102.701, -148.7070
2360.000000, 102.679, -147.6081
2400.000000, 102.628, -146.0742
2430.000000, 102.583, -144.8803
2470.000000, 102.506, -143.1791
2500.000000, 102.433, -141.8127
2540.000000, 102.325, -139.8601
2580.000000, 102.213, -137.8013
2620.000000, 102.094, -135.5630
2650.000000, 102.002, -133.7824
2690.000000, 101.884, -131.2798
2720.000000, 101.801, -129.3033
2760.000000, 101.701, -126.5350
2800.000000, 101.619, -123.6646
2850.000000, 101.553, -120.0680
2900.000000, 101.512, -116.5402
2950.000000, 101.471, -113.0881
3000.000000, 101.427, -109.6498
3040.000000, 101.395, -106.9089
3070.000000, 101.368, -104.8194
3110.000000, 101.331, -101.9794
3150.000000, 101.301, -99.1215
3200.000000, 101.279, -95.5137
3250.000000, 101.266, -91.8742
3300.000000, 101.262, -88.1993
3350.000000, 101.280, -84.5653
3400.000000, 101.307, -80.9469
3450.000000, 101.338, -77.3400
3500.000000, 101.384, -73.7726
3550.000000, 101.443, -70.2283
3600.000000, 101.500, -66.6407
3650.000000, 101.556, -62.9473
3700.000000, 101.637, -59.1788
3750.000000, 101.757, -55.3842
3820.000000, 101.989, -50.2040
3870.000000, 102.192, -46.7054
3950.000000, 102.570, -41.5886
4000.000000, 102.823, -38.7129
4060.000000, 103.129, -35.6000
4120.000000, 103.437, -32.8920
4180.000000, 103.742, -30.6095
4250.000000, 104.072, -28.4899
4310.000000, 104.313, -27.0928
4370.000000, 104.515, -26.0902
4440.000000, 104.675, -25.4835
4500.000000, 104.714, -25.3058
4550.000000, 104.674, -25.2782
4620.000000, 104.511, -25.2724
4680.000000, 104.276, -25.1550
4750.000000, 103.895, -24.6913
4820.000000, 103.422, -23.7484
4870.000000, 103.042, -22.7331
4940.000000, 102.467, -20.7879
5000.000000, 101.941, -18.6275
5080.000000, 101.220, -15.0807
5150.000000, 100.601, -11.4286
5220.000000, 100.002, -7.3238
5300.000000, 99.339, -2.1313
5380.000000, 98.714, 3.4795
5450.000000, 98.204, 8.6839
5520.000000, 97.724, 14.1235
5600.000000, 97.213, 20.5814
5700.000000, 96.635, 28.9476
5800.000000, 96.125, 37.5848
5900.000000, 95.671, 46.4656
6000.000000, 95.283, 55.5787
6080.000000, 95.037, 63.0151
6150.000000, 94.873, 69.5748
6220.000000, 94.752, 76.0712
6300.000000, 94.649, 83.3305
6400.000000, 94.551, 92.2604
6500.000000, 94.489, 101.1962
6600.000000, 94.479, 110.1444
6700.000000, 94.534, 119.0299
6800.000000, 94.663, 127.7867
6900.000000, 94.875, 136.3648
7000.000000, 95.175, 144.7151
7100.000000, 95.560, 152.7501
7200.000000, 96.022, 160.3892
7300.000000, 96.553, 167.5448
7400.000000, 97.156, 174.0683
7500.000000, 97.837, 179.7869
7620.000000, 98.748, -174.7903
7750.000000, 99.758, -171.2675
7880.000000, 100.550, -170.6526
8000.000000, 100.896, -172.2958
8120.000000, 100.727, -174.8289
8250.000000, 99.964, -176.7037
8380.000000, 98.781, -176.1758
8500.000000, 97.519, -173.1150
8620.000000, 96.243, -167.8766
8750.000000, 94.945, -160.3557
8850.000000, 94.029, -153.6415
9000.000000, 92.795, -142.5227
9120.000000, 91.919, -132.9678
9250.000000, 91.081, -122.1340
9380.000000, 90.356, -110.9716
9500.000000, 89.773, -100.4305
9620.000000, 89.269, -89.7170
9750.000000, 88.822, -77.9940
9880.000000, 88.474, -66.2057
10000.000000, 88.226, -55.2960
10150.000000, 88.011, -41.6808
10300.000000, 87.919, -28.1641
10440.000000, 87.944, -15.7072
10600.000000, 88.078, -1.7091
10750.000000, 88.310, 11.1005
10900.000000, 88.673, 23.4402
11060.000000, 89.208, 35.8991
11200.000000, 89.794, 45.9739
11380.000000, 90.704, 57.3053
11500.000000, 91.382, 63.5073
11720.000000, 92.592, 71.3118
11800.000000, 92.948, 72.9242
12060.000000, 93.423, 74.7748
12200.000000, 93.120, 75.1479
12410.000000, 91.987, 77.6370
12500.000000, 91.332, 79.8920
12650.000000, 90.138, 85.4089
12800.000000, 88.929, 92.9191
13150.000000, 86.449, 115.9139
13200.000000, 86.146, 119.6245
13400.000000, 85.071, 135.1255
13600.000000, 84.206, 151.3561
13800.000000, 83.531, 168.0400
14000.000000, 83.031, -174.9932
14300.000000, 82.582, -149.0971
14500.000000, 82.489, -131.5945
14750.000000, 82.646, -109.5284
15000.000000, 83.202, -87.6052
15250.000000, 84.272, -66.7183
15500.000000, 85.953, -48.3518
15750.000000, 88.092, -34.9833
16000.000000, 90.144, -28.3413
16250.000000, 91.482, -27.3689
16500.000000, 91.774, -28.4669
16750.000000, 91.185, -27.7281
17000.000000, 90.184, -23.2689
17250.000000, 89.204, -15.7357
17500.000000, 88.452, -7.0036
17750.000000, 87.875, 1.1970
18000.000000, 87.239, 8.0081
18250.000000, 86.281, 13.8806
18500.000000, 84.918, 20.4685
18750.000000, 83.334, 29.6237
19000.000000, 81.808, 42.3754
19250.000000, 80.452, 58.6472
19500.000000, 79.210, 77.4557
19750.000000, 78.094, 97.4423
20000.000000, 77.138, 117.5479
20300.000000, 76.280, 140.9132
20600.000000, 75.807, 162.7909
20900.000000, 75.570, -177.4077
21200.000000, 75.397, -159.8247
21400.000000, 75.260, -149.1798
21800.000000, 74.853, -129.4940
22000.000000, 74.579, -119.9919
22400.000000, 74.011, -99.9258
22700.000000, 73.848, -82.7505
23000.000000, 73.748, -64.5497
23300.000000, 72.507, -42.9838
23600.000000, 69.018, -15.4204
24000.000000, 62.854, -43.5798
