* Measurement data measured by REW V5.31.3
* Source: E2x2, MICROPHONE (Analogue 1), 1, volume: 1.000. Timing signal peak level -35.3 dBFS, measurement signal peak level -21.5 dBFS
* Format: 512k Log Swept Sine, 1 sweep at -44.3 dBFS using an acoustic timing reference
* Dated: Apr 19, 2025 3:35:31 PM
* REW Settings:
*  C-weighting compensation: Off
*  Target level: 75.0 dB
* Note: ; Fosi DS1 + E2x2 MacBook Delay -0.0334 ms (-11 mm, -0.45 in) using estimated IR delay relative to Acoustic reference played from SPEAKER L with no timing offset Clock adjustment: -28.0 ppm
* Measurement: ASMR L
* Smoothing: 1/24 octave
* Frequency Step: 1/48 octave
* Start Frequency: 1.000 Hz
*
* Freq(Hz), SPL(dB), Phase(degrees)
1.000000, 66.768, -137.8605
1.015000, 66.960, -138.3337
1.030000, 67.151, -138.7971
1.044000, 67.326, -139.2262
1.060000, 67.521, -139.7184
1.075000, 67.698, -140.1860
1.090000, 67.868, -140.6605
1.106000, 68.045, -141.1579
1.120000, 68.199, -141.5541
1.138000, 68.401, -141.9886
1.150000, 68.537, -142.2320
1.172000, 68.789, -142.6803
1.180000, 68.882, -142.9102
1.206000, 69.187, -143.5658
1.220000, 69.353, -143.8717
1.241000, 69.604, -144.2789
1.250000, 69.711, -144.4370
1.265000, 69.891, -144.6817
1.280000, 70.071, -144.9067
1.315000, 70.492, -145.3743
1.320000, 70.551, -145.4364
1.340000, 70.790, -145.6773
1.360000, 71.027, -145.9072
1.380000, 71.262, -146.2643
1.400000, 71.493, -146.6747
1.430000, 71.834, -147.3079
1.450000, 72.057, -147.7468
1.475000, 72.329, -148.3020
1.500000, 72.597, -148.8209
1.525000, 72.862, -149.2824
1.550000, 73.124, -149.6881
1.575000, 73.383, -150.1158
1.600000, 73.639, -150.6297
1.625000, 73.893, -151.1072
1.650000, 74.144, -151.5562
1.675000, 74.393, -151.9842
1.700000, 74.639, -152.3983
1.725000, 74.882, -152.8058
1.750000, 75.123, -153.2125
1.775000, 75.362, -153.6782
1.800000, 75.598, -154.2591
1.825000, 75.832, -154.8517
1.850000, 76.063, -155.4510
1.875000, 76.292, -156.0405
1.900000, 76.519, -156.6115
1.925000, 76.743, -157.1613
1.950000, 76.964, -157.6875
1.975000, 77.183, -158.2416
2.000000, 77.400, -158.8734
2.030000, 77.656, -159.6015
2.060000, 77.909, -160.3064
2.090000, 78.159, -160.9929
2.120000, 78.405, -161.6663
2.140000, 78.567, -162.1108
2.180000, 78.887, -163.0488
2.200000, 79.045, -163.5678
2.240000, 79.355, -164.6060
2.270000, 79.583, -165.3776
2.300000, 79.808, -166.1361
2.330000, 80.029, -166.8773
2.360000, 80.247, -167.5992
2.400000, 80.532, -168.6472
2.430000, 80.742, -169.4242
2.470000, 81.018, -170.4272
2.500000, 81.221, -171.1568
2.540000, 81.487, -172.1041
2.580000, 81.748, -173.0737
2.620000, 82.003, -174.1212
2.650000, 82.191, -174.9009
2.690000, 82.436, -175.9264
2.720000, 82.617, -176.6795
2.760000, 82.853, -177.6528
2.800000, 83.084, -178.6787
2.850000, 83.366, -179.9188
2.900000, 83.642, 178.9055
2.950000, 83.910, 177.7811
3.000000, 84.170, 176.6067
3.040000, 84.372, 175.6536
3.070000, 84.520, 174.9509
3.110000, 84.714, 174.0359
3.150000, 84.905, 173.1519
3.200000, 85.137, 172.0411
3.250000, 85.366, 170.9680
3.300000, 85.590, 169.9597
3.350000, 85.809, 168.9983
3.400000, 86.021, 168.0084
3.450000, 86.229, 167.0266
3.500000, 86.432, 166.0843
3.550000, 86.632, 165.1899
3.600000, 86.830, 164.3028
3.650000, 87.027, 163.4535
3.700000, 87.222, 162.6578
3.750000, 87.414, 161.9046
3.820000, 87.678, 160.8487
3.870000, 87.865, 160.1212
3.950000, 88.164, 159.0258
4.000000, 88.352, 158.3510
4.060000, 88.580, 157.5724
4.120000, 88.808, 156.8506
4.180000, 89.036, 156.1639
4.250000, 89.304, 155.3501
4.310000, 89.535, 154.6725
4.370000, 89.769, 153.9984
4.440000, 90.045, 153.1882
4.500000, 90.284, 152.5240
4.550000, 90.485, 151.9881
4.620000, 90.769, 151.2073
4.680000, 91.012, 150.5190
4.750000, 91.297, 149.6911
4.820000, 91.583, 148.8134
4.870000, 91.788, 148.1815
4.940000, 92.076, 147.2965
5.000000, 92.322, 146.5072
5.080000, 92.646, 145.4040
5.150000, 92.924, 144.3992
5.220000, 93.200, 143.3423
5.300000, 93.511, 142.1060
5.380000, 93.815, 140.8469
5.450000, 94.075, 139.7013
5.520000, 94.326, 138.5337
5.600000, 94.606, 137.1550
5.700000, 94.942, 135.3834
5.800000, 95.263, 133.6022
5.900000, 95.565, 131.8003
6.000000, 95.850, 129.9686
6.080000, 96.065, 128.4869
6.150000, 96.245, 127.2124
6.220000, 96.416, 125.9469
6.300000, 96.601, 124.5150
6.400000, 96.816, 122.7305
6.500000, 97.016, 120.9742
6.600000, 97.201, 119.2888
6.700000, 97.372, 117.6495
6.800000, 97.528, 116.0548
6.900000, 97.674, 114.5197
7.000000, 97.811, 113.0702
7.100000, 97.937, 111.6826
7.200000, 98.056, 110.3604
7.300000, 98.169, 109.1058
7.400000, 98.279, 107.9301
7.500000, 98.384, 106.8162
7.620000, 98.508, 105.5590
7.750000, 98.641, 104.2894
7.880000, 98.775, 103.1022
8.000000, 98.898, 102.0695
8.120000, 99.024, 101.0775
8.250000, 99.163, 100.0485
8.380000, 99.304, 99.0517
8.500000, 99.435, 98.1422
8.620000, 99.567, 97.2461
8.750000, 99.710, 96.2811
8.850000, 99.819, 95.5355
9.000000, 99.981, 94.4189
9.120000, 100.108, 93.5221
9.250000, 100.242, 92.5462
9.380000, 100.374, 91.5692
9.500000, 100.491, 90.6637
9.620000, 100.605, 89.7606
9.750000, 100.724, 88.7827
9.880000, 100.830, 87.8070
10.000000, 100.914, 86.9146
10.150000, 101.003, 85.7814
10.300000, 101.080, 84.6673
10.440000, 101.143, 83.6444
10.600000, 101.207, 82.4987
10.750000, 101.264, 81.4495
10.900000, 101.318, 80.4247
11.060000, 101.372, 79.3464
11.200000, 101.415, 78.4049
11.380000, 101.465, 77.2339
11.500000, 101.497, 76.4784
11.720000, 101.552, 75.1435
11.800000, 101.572, 74.6740
12.060000, 101.641, 73.1868
12.200000, 101.681, 72.3916
12.410000, 101.742, 71.2300
12.500000, 101.768, 70.7414
12.650000, 101.811, 69.9377
12.800000, 101.854, 69.1456
13.150000, 101.952, 67.3090
13.200000, 101.966, 67.0460
13.400000, 102.022, 66.0045
13.600000, 102.078, 64.9815
13.800000, 102.133, 63.9781
14.000000, 102.187, 62.9918
14.300000, 102.264, 61.5114
14.500000, 102.314, 60.5424
14.750000, 102.373, 59.3506
15.000000, 102.428, 58.1802
15.250000, 102.482, 57.0139
15.500000, 102.530, 55.8907
15.750000, 102.570, 54.8279
16.000000, 102.605, 53.8409
16.250000, 102.638, 52.9165
16.500000, 102.672, 52.0718
16.750000, 102.713, 51.2905
17.000000, 102.763, 50.5409
17.250000, 102.822, 49.7747
17.500000, 102.885, 48.9729
17.750000, 102.947, 48.1152
18.000000, 103.002, 47.1968
18.250000, 103.043, 46.2219
18.500000, 103.064, 45.2394
18.750000, 103.066, 44.3008
19.000000, 103.050, 43.4588
19.250000, 103.024, 42.7470
19.500000, 102.998, 42.1973
19.750000, 102.982, 41.7963
20.000000, 102.987, 41.4919
20.299999, 103.027, 41.1255
20.600000, 103.097, 40.6375
20.900000, 103.179, 39.9341
21.200001, 103.249, 39.0041
21.400000, 103.280, 38.3026
21.799999, 103.296, 36.8918
22.000000, 103.285, 36.2621
22.400000, 103.258, 35.2477
22.700001, 103.260, 34.6625
23.000000, 103.295, 34.0824
23.299999, 103.358, 33.3463
23.600000, 103.424, 32.3706
24.000000, 103.472, 30.7563
24.299999, 103.454, 29.4861
24.700001, 103.363, 28.0717
25.000000, 103.273, 27.3920
25.400000, 103.186, 26.9982
25.799999, 103.184, 26.9038
26.200001, 103.264, 26.6580
26.500000, 103.349, 26.1971
26.900000, 103.448, 25.2143
27.200001, 103.489, 24.3068
27.600000, 103.490, 23.0975
28.000000, 103.441, 22.1187
28.500000, 103.359, 21.4234
29.000000, 103.323, 21.2527
29.500000, 103.379, 21.1703
30.000000, 103.496, 20.6749
30.400000, 103.578, 19.8708
30.700001, 103.608, 19.1286
31.100000, 103.602, 18.1611
31.500000, 103.564, 17.4022
32.000000, 103.529, 16.7712
32.500000, 103.538, 16.1858
33.000000, 103.558, 15.3811
33.500000, 103.543, 14.4466
34.000000, 103.498, 13.6469
34.500000, 103.457, 13.0583
35.000000, 103.440, 12.5463
35.500000, 103.432, 12.0046
36.000000, 103.425, 11.4723
36.500000, 103.428, 10.9724
37.000000, 103.447, 10.4286
37.500000, 103.469, 9.7699
38.200001, 103.475, 8.7678
38.700001, 103.469, 8.0956
39.500000, 103.451, 7.1260
40.000000, 103.437, 6.6635
40.599998, 103.454, 6.2560
41.200001, 103.529, 5.6041
41.799999, 103.584, 4.3431
42.500000, 103.489, 2.7039
43.099998, 103.318, 2.0961
43.700001, 103.214, 2.2430
44.400002, 103.221, 2.2866
45.000000, 103.227, 1.8440
45.500000, 103.196, 1.4358
46.200001, 103.155, 1.0833
46.799999, 103.155, 0.7057
47.500000, 103.140, -0.0582
48.200001, 103.068, -0.7815
48.700001, 103.011, -1.0559
49.400002, 102.978, -1.2363
50.000000, 102.993, -1.5122
50.799999, 103.010, -2.2096
51.500000, 102.987, -2.8201
52.200001, 102.961, -3.2131
53.000000, 102.957, -3.5542
53.799999, 102.963, -3.9362
54.500000, 102.972, -4.3571
55.200001, 102.964, -4.9315
56.000000, 102.902, -5.5519
57.000000, 102.812, -5.7886
58.000000, 102.813, -6.0388
59.000000, 102.813, -6.9119
60.000000, 102.750, -7.9017
60.799999, 102.689, -8.5232
61.500000, 102.649, -9.0266
62.200001, 102.608, -9.5455
63.000000, 102.550, -9.9999
64.000000, 102.512, -10.2510
65.000000, 102.520, -10.5969
66.000000, 102.509, -11.0355
67.000000, 102.494, -11.3623
68.000000, 102.481, -11.8141
69.000000, 102.439, -12.4702
70.000000, 102.354, -13.1803
71.000000, 102.246, -13.7773
72.000000, 102.147, -14.2518
73.000000, 102.073, -14.6640
74.000000, 102.026, -15.0280
75.000000, 102.007, -15.4117
76.199997, 101.976, -15.9376
77.500000, 101.916, -16.1752
78.800003, 101.880, -16.3594
80.000000, 101.816, -16.7784
81.199997, 101.715, -17.1413
82.500000, 101.651, -17.3656
83.800003, 101.628, -18.1279
85.000000, 101.564, -18.7278
86.199997, 101.538, -19.0966
87.500000, 101.497, -19.5391
88.500000, 101.452, -19.7590
90.000000, 101.358, -20.0109
91.199997, 101.281, -20.1283
92.500000, 101.217, -20.2494
93.800003, 101.194, -20.5071
95.000000, 101.187, -20.9480
96.199997, 101.161, -21.4231
97.500000, 101.116, -21.7426
98.800003, 101.062, -21.9692
100.000000, 100.991, -22.1267
101.500000, 100.910, -22.1572
103.000000, 100.899, -22.4641
104.400002, 100.894, -23.3655
106.000000, 100.823, -24.6099
107.500000, 100.701, -25.2015
109.000000, 100.612, -25.2304
110.599998, 100.562, -25.2554
112.000000, 100.544, -25.4562
113.800003, 100.563, -26.1952
115.000000, 100.586, -27.0397
117.199997, 100.541, -29.0145
118.000000, 100.467, -29.5071
120.599998, 100.194, -29.7588
122.000000, 100.067, -29.4037
124.099998, 99.975, -29.3779
125.000000, 99.932, -29.7681
126.500000, 99.798, -30.4228
128.000000, 99.642, -30.4608
131.500000, 99.402, -29.9426
132.000000, 99.367, -29.9473
134.000000, 99.206, -30.1492
136.000000, 99.053, -30.3970
138.000000, 98.938, -30.5866
140.000000, 98.820, -30.6074
143.000000, 98.606, -30.3949
145.000000, 98.421, -30.2402
147.500000, 98.283, -29.2940
150.000000, 98.259, -28.5004
152.500000, 98.225, -27.4901
155.000000, 98.209, -26.8248
157.500000, 98.189, -26.6331
160.000000, 98.199, -26.4507
162.500000, 98.227, -26.1694
165.000000, 98.256, -26.0369
167.500000, 98.248, -26.3567
170.000000, 98.200, -26.6360
172.500000, 98.176, -26.7766
175.000000, 98.170, -26.8606
177.500000, 98.152, -26.9381
180.000000, 98.102, -26.8176
182.500000, 98.022, -26.6999
185.000000, 97.926, -26.7703
187.500000, 97.855, -27.2340
190.000000, 97.808, -27.6135
192.500000, 97.771, -27.4833
195.000000, 97.709, -27.1030
197.500000, 97.631, -26.7446
200.000000, 97.600, -26.7208
203.000000, 97.547, -27.4223
206.000000, 97.445, -27.8719
209.000000, 97.457, -27.2069
212.000000, 97.616, -27.1729
214.000000, 97.660, -27.4332
218.000000, 97.806, -27.4331
220.000000, 97.952, -27.5019
224.000000, 98.260, -28.0532
227.000000, 98.570, -29.7278
230.000000, 99.000, -32.7216
233.000000, 99.469, -36.9128
236.000000, 99.821, -42.9309
240.000000, 99.872, -53.7526
243.000000, 99.439, -64.6177
247.000000, 98.018, -83.1259
250.000000, 96.114, -98.6748
254.000000, 92.099, -122.3966
258.000000, 89.220, 53.3153
262.000000, 91.481, 27.8008
265.000000, 93.150, 17.2563
269.000000, 94.321, 7.3607
272.000000, 94.844, 2.7531
276.000000, 95.233, -2.3232
280.000000, 95.327, -6.8073
285.000000, 95.379, -10.3187
290.000000, 95.402, -12.6008
295.000000, 95.369, -14.1681
300.000000, 95.291, -15.1517
304.000000, 95.239, -15.9368
307.000000, 95.186, -16.3503
311.000000, 95.101, -16.6914
315.000000, 94.987, -16.9785
320.000000, 94.894, -15.7083
325.000000, 95.025, -15.1765
330.000000, 95.031, -16.0068
335.000000, 94.930, -16.3351
340.000000, 94.838, -16.6946
345.000000, 94.769, -16.7812
350.000000, 94.727, -16.6423
355.000000, 94.701, -16.4343
360.000000, 94.624, -16.4642
365.000000, 94.586, -15.9374
370.000000, 94.473, -16.1253
375.000000, 94.398, -15.6615
382.000000, 94.311, -15.5322
387.000000, 94.202, -14.9442
395.000000, 94.087, -13.9500
400.000000, 94.021, -13.8927
406.000000, 93.996, -13.5229
412.000000, 93.995, -13.3824
418.000000, 93.999, -13.2061
425.000000, 93.943, -12.0856
431.000000, 93.873, -11.9833
437.000000, 93.816, -11.1234
444.000000, 93.713, -10.7577
450.000000, 93.646, -10.2983
455.000000, 93.586, -9.7159
462.000000, 93.527, -9.3308
468.000000, 93.501, -8.8782
475.000000, 93.469, -8.3256
482.000000, 93.459, -7.8282
487.000000, 93.440, -7.3712
494.000000, 93.389, -6.8388
500.000000, 93.342, -6.4071
508.000000, 93.272, -5.6270
515.000000, 93.210, -5.0435
522.000000, 93.167, -4.4268
530.000000, 93.123, -3.7806
538.000000, 93.082, -3.1210
545.000000, 93.057, -2.5176
552.000000, 93.026, -1.8701
560.000000, 92.984, -1.1604
570.000000, 92.952, -0.3550
580.000000, 92.916, 0.4023
590.000000, 92.891, 1.3134
600.000000, 92.875, 2.3057
608.000000, 92.856, 2.9800
615.000000, 92.853, 3.5370
622.000000, 92.859, 4.1433
630.000000, 92.853, 4.7844
640.000000, 92.845, 5.5859
650.000000, 92.835, 6.3322
660.000000, 92.809, 7.1973
670.000000, 92.785, 8.1251
680.000000, 92.778, 9.0057
690.000000, 92.788, 9.8499
700.000000, 92.807, 10.6130
710.000000, 92.820, 11.4808
720.000000, 92.832, 12.3252
730.000000, 92.843, 13.1066
740.000000, 92.862, 13.9369
750.000000, 92.889, 14.9196
762.000000, 92.898, 15.7539
775.000000, 92.902, 16.5717
788.000000, 92.978, 18.0237
800.000000, 93.028, 18.8372
812.000000, 93.048, 19.7484
825.000000, 93.036, 20.8506
838.000000, 93.068, 21.8280
850.000000, 93.128, 22.6907
862.000000, 93.198, 23.4286
875.000000, 93.279, 24.3680
885.000000, 93.330, 25.0691
900.000000, 93.410, 26.0837
912.000000, 93.492, 26.8732
925.000000, 93.573, 27.6914
938.000000, 93.646, 28.5270
950.000000, 93.709, 29.2601
962.000000, 93.772, 29.9328
975.000000, 93.850, 30.6369
988.000000, 93.923, 31.3365
1000.000000, 93.987, 31.9478
1015.000000, 94.071, 32.7187
1030.000000, 94.161, 33.5083
1044.000000, 94.255, 34.1638
1060.000000, 94.367, 34.8784
1075.000000, 94.442, 35.5525
1090.000000, 94.518, 35.9776
1106.000000, 94.661, 36.6174
1120.000000, 94.773, 37.4292
1138.000000, 94.909, 38.2674
1150.000000, 95.000, 38.7206
1172.000000, 95.153, 39.5862
1180.000000, 95.206, 39.8765
1206.000000, 95.383, 40.7488
1220.000000, 95.484, 41.2332
1241.000000, 95.655, 42.0029
1250.000000, 95.732, 42.3145
1265.000000, 95.859, 42.8577
1280.000000, 95.983, 43.4443
1315.000000, 96.267, 44.7295
1320.000000, 96.308, 44.9232
1340.000000, 96.463, 45.6830
1360.000000, 96.600, 46.4847
1380.000000, 96.740, 47.3356
1400.000000, 96.899, 48.1628
1430.000000, 97.199, 49.3864
1450.000000, 97.429, 50.2669
1475.000000, 97.756, 51.2793
1500.000000, 98.156, 52.2737
1525.000000, 98.589, 52.7800
1550.000000, 99.046, 52.4902
1575.000000, 99.499, 51.6757
1600.000000, 99.927, 50.5250
1625.000000, 100.181, 49.0664
1650.000000, 100.286, 47.6548
1675.000000, 100.402, 46.5879
1700.000000, 100.528, 45.6475
1725.000000, 100.656, 44.7364
1750.000000, 100.790, 43.8535
1775.000000, 100.924, 43.0148
1800.000000, 101.044, 42.2312
1825.000000, 101.143, 41.4695
1850.000000, 101.227, 40.7433
1875.000000, 101.300, 40.0286
1900.000000, 101.369, 39.3797
1925.000000, 101.436, 38.7592
1950.000000, 101.509, 38.1871
1975.000000, 101.587, 37.6498
2000.000000, 101.667, 37.1065
2030.000000, 101.767, 36.4796
2060.000000, 101.862, 35.8174
2090.000000, 101.951, 34.9351
2120.000000, 102.031, 33.7609
2140.000000, 102.071, 33.0123
2180.000000, 102.124, 31.5434
2200.000000, 102.129, 30.8805
2240.000000, 102.094, 29.9423
2270.000000, 102.072, 29.4962
2300.000000, 102.086, 29.1133
2330.000000, 102.136, 28.5624
2360.000000, 102.197, 27.7023
2400.000000, 102.237, 26.1945
2430.000000, 102.209, 25.0711
2470.000000, 102.095, 23.7862
2500.000000, 101.969, 23.1196
2540.000000, 101.796, 22.5560
2580.000000, 101.651, 22.4173
2620.000000, 101.561, 22.4084
2650.000000, 101.512, 22.4260
2690.000000, 101.450, 22.3306
2720.000000, 101.397, 22.2008
2760.000000, 101.303, 22.1530
2800.000000, 101.201, 22.2653
2850.000000, 101.097, 22.6572
2900.000000, 101.035, 23.1073
2950.000000, 101.009, 23.4573
3000.000000, 100.986, 23.7820
3040.000000, 100.966, 24.0963
3070.000000, 100.961, 24.3342
3110.000000, 100.956, 24.7215
3150.000000, 100.957, 25.1329
3200.000000, 100.979, 25.5940
3250.000000, 100.995, 26.0414
3300.000000, 100.993, 26.4703
3350.000000, 100.988, 26.8838
3400.000000, 100.999, 27.4188
3450.000000, 101.066, 28.0100
3500.000000, 101.183, 28.6601
3550.000000, 101.331, 29.2546
3600.000000, 101.491, 29.7362
3650.000000, 101.664, 30.0700
3700.000000, 101.857, 30.2146
3750.000000, 102.059, 30.2238
3820.000000, 102.363, 29.8997
3870.000000, 102.583, 29.4403
3950.000000, 102.947, 28.2149
4000.000000, 103.193, 27.1078
4060.000000, 103.493, 25.3973
4120.000000, 103.778, 23.2507
4180.000000, 104.021, 20.6337
4250.000000, 104.208, 17.0366
4310.000000, 104.277, 13.5660
4370.000000, 104.258, 9.8707
4440.000000, 104.105, 5.3128
4500.000000, 103.855, 1.4575
4550.000000, 103.578, -1.5665
4620.000000, 103.099, -5.3735
4680.000000, 102.619, -8.1691
4750.000000, 101.989, -10.7954
4820.000000, 101.299, -12.7124
4870.000000, 100.784, -13.6583
4940.000000, 100.071, -14.4811
5000.000000, 99.474, -14.7495
5080.000000, 98.693, -14.5358
5150.000000, 98.039, -13.9260
5220.000000, 97.414, -12.9775
5300.000000, 96.728, -11.5276
5380.000000, 96.089, -9.7499
5450.000000, 95.581, -8.0039
5520.000000, 95.105, -6.0671
5600.000000, 94.605, -3.6611
5700.000000, 94.027, -0.4041
5800.000000, 93.486, 3.1381
5900.000000, 93.001, 6.9292
6000.000000, 92.571, 11.0097
6080.000000, 92.285, 14.4622
6150.000000, 92.089, 17.5200
6220.000000, 91.934, 20.4841
6300.000000, 91.786, 23.6777
6400.000000, 91.623, 27.5656
6500.000000, 91.486, 31.5616
6600.000000, 91.407, 35.6617
6700.000000, 91.401, 39.7891
6800.000000, 91.457, 43.9364
6900.000000, 91.601, 48.0217
7000.000000, 91.823, 52.0028
7100.000000, 92.102, 55.8799
7200.000000, 92.458, 59.5489
7300.000000, 92.880, 62.9805
7400.000000, 93.372, 66.1066
7500.000000, 93.943, 68.8492
7620.000000, 94.770, 71.4496
7750.000000, 95.840, 73.0627
7880.000000, 97.005, 72.7733
8000.000000, 98.105, 70.1873
8120.000000, 99.116, 64.8236
8250.000000, 99.864, 55.9646
8380.000000, 99.996, 45.2515
8500.000000, 99.490, 35.6891
8620.000000, 98.495, 28.1274
8750.000000, 97.105, 23.0185
8850.000000, 95.975, 21.1832
9000.000000, 94.360, 21.1281
9120.000000, 93.204, 22.7517
9250.000000, 92.101, 25.6339
9380.000000, 91.154, 29.3084
9500.000000, 90.408, 33.1757
9620.000000, 89.772, 37.3667
9750.000000, 89.209, 42.1388
9880.000000, 88.762, 47.0745
10000.000000, 88.438, 51.7061
10150.000000, 88.147, 57.5191
10300.000000, 87.988, 63.2716
10440.000000, 87.958, 68.5012
10600.000000, 88.063, 74.1822
10750.000000, 88.283, 79.0859
10900.000000, 88.627, 83.3892
11060.000000, 89.150, 87.0091
11200.000000, 89.734, 89.0294
11380.000000, 90.604, 89.4755
11500.000000, 91.181, 88.1015
11720.000000, 91.976, 81.8552
11800.000000, 92.093, 78.5924
12060.000000, 91.574, 66.9014
12200.000000, 90.751, 61.6355
12410.000000, 89.053, 57.0607
12500.000000, 88.251, 56.4382
12650.000000, 86.922, 56.9960
12800.000000, 85.663, 59.2154
13150.000000, 83.157, 68.8574
13200.000000, 82.855, 70.5688
13400.000000, 81.773, 77.9128
13600.000000, 80.872, 85.8356
13800.000000, 80.154, 94.1780
14000.000000, 79.594, 102.8985
14300.000000, 79.046, 116.6842
14500.000000, 78.904, 126.3505
14750.000000, 79.043, 138.9155
15000.000000, 79.675, 151.5222
15250.000000, 80.917, 162.7955
15500.000000, 82.761, 170.8525
15750.000000, 85.002, 174.3467
16000.000000, 87.358, 172.4382
16250.000000, 89.495, 164.4275
16500.000000, 90.943, 150.8998
16750.000000, 91.370, 134.4006
17000.000000, 90.822, 118.2073
17250.000000, 89.586, 104.1671
17500.000000, 87.907, 92.5113
17750.000000, 85.854, 83.2277
18000.000000, 83.424, 76.9089
18250.000000, 80.726, 74.4679
18500.000000, 78.007, 76.1656
18750.000000, 75.477, 81.2316
19000.000000, 73.252, 88.1892
19250.000000, 71.262, 96.0582
19500.000000, 69.388, 104.4574
19750.000000, 67.624, 113.6918
20000.000000, 65.941, 123.4697
20300.000000, 64.027, 135.6431
20600.000000, 62.319, 148.1296
20900.000000, 60.685, 161.0331
21200.000000, 58.579, 172.1320
21400.000000, 56.450, -179.8729
21800.000000, 50.614, -149.1749
22000.000000, 47.616, 157.1989
22400.000000, 43.583, -125.4921
22700.000000, 42.909, -112.1348
23000.000000, 45.016, -150.1844
23300.000000, 51.464, 104.3679
23600.000000, 58.539, 107.1004
24000.000000, 63.942, 159.5529
