* Measurement data measured by REW V5.31.3
* Source: E2x2, MICROPHONE (Analogue 1), 1, volume: 1.000. Timing signal peak level -34.2 dBFS, measurement signal peak level -23.5 dBFS
* Format: 512k Log Swept Sine, 1 sweep at -44.3 dBFS using an acoustic timing reference
* Dated: Apr 19, 2025 3:36:32 PM
* REW Settings:
*  C-weighting compensation: Off
*  Target level: 75.0 dB
* Note: ; Fosi DS1 + E2x2 Macbook Delay -0.0329 ms (-11 mm, -0.44 in) using estimated IR delay relative to Acoustic reference played from SPEAKER R with no timing offset Clock adjustment: -28.1 ppm
* Measurement: ASMR R
* Smoothing: 1/24 octave
* Frequency Step: 1/48 octave
* Start Frequency: 1.000 Hz
*
* Freq(Hz), SPL(dB), Phase(degrees)
1.000000, 74.740, 60.0484
1.015000, 74.419, 61.2715
1.030000, 74.107, 62.5629
1.044000, 73.825, 63.8366
1.060000, 73.515, 65.3818
1.075000, 73.238, 66.9256
1.090000, 72.975, 68.5678
1.106000, 72.706, 70.4192
1.120000, 72.469, 72.0981
1.138000, 72.158, 74.3241
1.150000, 71.946, 75.8540
1.172000, 71.552, 78.6798
1.180000, 71.408, 79.6544
1.206000, 70.940, 82.9990
1.220000, 70.691, 84.9193
1.241000, 70.324, 87.9759
1.250000, 70.171, 89.3554
1.265000, 69.921, 91.7529
1.280000, 69.681, 94.2784
1.315000, 69.168, 100.6837
1.320000, 69.101, 101.6568
1.340000, 68.850, 105.6860
1.360000, 68.632, 109.9161
1.380000, 68.450, 114.1729
1.400000, 68.308, 118.4783
1.430000, 68.180, 124.9672
1.450000, 68.158, 129.2083
1.475000, 68.210, 134.3506
1.500000, 68.357, 139.3681
1.525000, 68.595, 144.2344
1.550000, 68.913, 148.8671
1.575000, 69.298, 153.1290
1.600000, 69.740, 156.9226
1.625000, 70.226, 160.3600
1.650000, 70.746, 163.4394
1.675000, 71.286, 166.1707
1.700000, 71.836, 168.5708
1.725000, 72.385, 170.6599
1.750000, 72.920, 172.4599
1.775000, 73.430, 173.9389
1.800000, 73.904, 175.0673
1.825000, 74.337, 175.9821
1.850000, 74.738, 176.7475
1.875000, 75.127, 177.4401
1.900000, 75.513, 178.0844
1.925000, 75.894, 178.6820
1.950000, 76.271, 179.2338
1.975000, 76.644, 179.6877
2.000000, 77.010, 179.9944
2.030000, 77.442, -179.6978
2.060000, 77.863, -179.4624
2.090000, 78.273, -179.3011
2.120000, 78.671, -179.2154
2.140000, 78.929, -179.2014
2.180000, 79.427, -179.3300
2.200000, 79.665, -179.4925
2.240000, 80.122, -179.8845
2.270000, 80.448, 179.7874
2.300000, 80.760, 179.4434
2.330000, 81.060, 179.0910
2.360000, 81.349, 178.7343
2.400000, 81.719, 178.1393
2.430000, 81.987, 177.6779
2.470000, 82.332, 177.0649
2.500000, 82.584, 176.6051
2.540000, 82.913, 175.9874
2.580000, 83.232, 175.3109
2.620000, 83.538, 174.5184
2.650000, 83.759, 173.9085
2.690000, 84.041, 173.0879
2.720000, 84.245, 172.4766
2.760000, 84.506, 171.6821
2.800000, 84.758, 170.8280
2.850000, 85.061, 169.7995
2.900000, 85.353, 168.8371
2.950000, 85.635, 167.9243
3.000000, 85.902, 166.9437
3.040000, 86.105, 166.1310
3.070000, 86.252, 165.5274
3.110000, 86.441, 164.7401
3.150000, 86.624, 163.9827
3.200000, 86.845, 163.0350
3.250000, 87.061, 162.1374
3.300000, 87.272, 161.3216
3.350000, 87.476, 160.5650
3.400000, 87.671, 159.7840
3.450000, 87.858, 159.0123
3.500000, 88.040, 158.2809
3.550000, 88.219, 157.5986
3.600000, 88.398, 156.9261
3.650000, 88.578, 156.2971
3.700000, 88.758, 155.7336
3.750000, 88.937, 155.2275
3.820000, 89.184, 154.5300
3.870000, 89.361, 154.0555
3.950000, 89.647, 153.3384
4.000000, 89.831, 152.8750
4.060000, 90.057, 152.3294
4.120000, 90.289, 151.8353
4.180000, 90.525, 151.3691
4.250000, 90.804, 150.7857
4.310000, 91.046, 150.2663
4.370000, 91.290, 149.7023
4.440000, 91.578, 148.9583
4.500000, 91.829, 148.3109
4.550000, 92.040, 147.7673
4.620000, 92.336, 146.9467
4.680000, 92.586, 146.1980
4.750000, 92.870, 145.2643
4.820000, 93.149, 144.2276
4.870000, 93.345, 143.4486
4.940000, 93.615, 142.3315
5.000000, 93.839, 141.3400
5.080000, 94.124, 139.9872
5.150000, 94.358, 138.7794
5.220000, 94.578, 137.4995
5.300000, 94.814, 135.9908
5.380000, 95.033, 134.4941
5.450000, 95.208, 133.2093
5.520000, 95.368, 131.9720
5.600000, 95.530, 130.5539
5.700000, 95.706, 128.7923
5.800000, 95.857, 127.1680
5.900000, 95.985, 125.7392
6.000000, 96.087, 124.4636
6.080000, 96.155, 123.5393
6.150000, 96.211, 122.8445
6.220000, 96.269, 122.2631
6.300000, 96.334, 121.7622
6.400000, 96.415, 121.3434
6.500000, 96.507, 121.0896
6.600000, 96.630, 120.9818
6.700000, 96.785, 121.0375
6.800000, 96.969, 121.2139
6.900000, 97.183, 121.3564
7.000000, 97.433, 121.3970
7.100000, 97.720, 121.3629
7.200000, 98.032, 121.2115
7.300000, 98.354, 120.8314
7.400000, 98.682, 120.2021
7.500000, 99.015, 119.3669
7.620000, 99.406, 118.1282
7.750000, 99.794, 116.4653
7.880000, 100.146, 114.4879
8.000000, 100.430, 112.5280
8.120000, 100.665, 110.4829
8.250000, 100.866, 108.1510
8.380000, 101.012, 105.8633
8.500000, 101.097, 103.8791
8.620000, 101.136, 101.9919
8.750000, 101.139, 100.1688
8.850000, 101.120, 99.0006
9.000000, 101.058, 97.6153
9.120000, 101.005, 96.8311
9.250000, 100.963, 96.3649
9.380000, 100.943, 96.2615
9.500000, 100.965, 96.3571
9.620000, 101.041, 96.5879
9.750000, 101.177, 96.9174
9.880000, 101.358, 97.1178
10.000000, 101.561, 97.1022
10.150000, 101.848, 96.7563
10.300000, 102.142, 95.9591
10.440000, 102.410, 94.8057
10.600000, 102.689, 93.1125
10.750000, 102.906, 91.1999
10.900000, 103.077, 89.0711
11.060000, 103.198, 86.7112
11.200000, 103.252, 84.5936
11.380000, 103.259, 82.0133
11.500000, 103.230, 80.4391
11.720000, 103.134, 77.9160
11.800000, 103.095, 77.1481
12.060000, 102.977, 75.1223
12.200000, 102.945, 74.2535
12.410000, 102.949, 73.1137
12.500000, 102.972, 72.6087
12.650000, 103.035, 71.7017
12.800000, 103.117, 70.6347
13.150000, 103.314, 67.2516
13.200000, 103.334, 66.6709
13.400000, 103.378, 64.1509
13.600000, 103.345, 61.4879
13.800000, 103.219, 58.8478
14.000000, 102.998, 56.5004
14.300000, 102.515, 53.9853
14.500000, 102.139, 53.3578
14.750000, 101.711, 53.9458
15.000000, 101.446, 55.9054
15.250000, 101.459, 58.4702
15.500000, 101.740, 60.6298
15.750000, 102.200, 61.6325
16.000000, 102.704, 61.2195
16.250000, 103.148, 59.5971
16.500000, 103.471, 57.1779
16.750000, 103.646, 54.4047
17.000000, 103.678, 51.6979
17.250000, 103.592, 49.3783
17.500000, 103.429, 47.7273
17.750000, 103.248, 46.8619
18.000000, 103.108, 46.7041
18.250000, 103.057, 46.9801
18.500000, 103.109, 47.3071
18.750000, 103.239, 47.3425
19.000000, 103.405, 46.8904
19.250000, 103.553, 45.9396
19.500000, 103.650, 44.6600
19.750000, 103.679, 43.2678
20.000000, 103.644, 41.9936
20.299999, 103.551, 40.8364
20.600000, 103.456, 40.1864
20.900000, 103.409, 39.9111
21.200001, 103.432, 39.6816
21.400000, 103.478, 39.4024
21.799999, 103.589, 38.4028
22.000000, 103.630, 37.6972
22.400000, 103.646, 36.1329
22.700001, 103.607, 35.0973
23.000000, 103.552, 34.3373
23.299999, 103.513, 33.8457
23.600000, 103.511, 33.5065
24.000000, 103.567, 32.9989
24.299999, 103.631, 32.4286
24.700001, 103.701, 31.4272
25.000000, 103.729, 30.6010
25.400000, 103.734, 29.5579
25.799999, 103.723, 28.6704
26.200001, 103.712, 27.8934
26.500000, 103.702, 27.3373
26.900000, 103.681, 26.6280
27.200001, 103.659, 26.1485
27.600000, 103.630, 25.6176
28.000000, 103.623, 25.1468
28.500000, 103.656, 24.3315
29.000000, 103.680, 22.9823
29.500000, 103.608, 21.3186
30.000000, 103.420, 20.1000
30.400000, 103.260, 19.8643
30.700001, 103.195, 20.0763
31.100000, 103.226, 20.4564
31.500000, 103.368, 20.3988
32.000000, 103.567, 19.4001
32.500000, 103.675, 17.9054
33.000000, 103.715, 16.7002
33.500000, 103.795, 15.8581
34.000000, 103.937, 14.7950
34.500000, 104.038, 13.2273
35.000000, 104.006, 11.6894
35.500000, 103.891, 10.9031
36.000000, 103.824, 10.8995
36.500000, 103.857, 10.9379
37.000000, 103.904, 10.4956
37.500000, 103.873, 9.8463
38.200001, 103.757, 9.5265
38.700001, 103.729, 9.5797
39.500000, 103.743, 9.1534
40.000000, 103.724, 8.7740
40.599998, 103.745, 8.4927
41.200001, 103.871, 7.6970
41.799999, 103.957, 5.8227
42.500000, 103.801, 3.4567
43.099998, 103.551, 2.7534
43.700001, 103.424, 3.1971
44.400002, 103.478, 3.5286
45.000000, 103.538, 3.1211
45.500000, 103.543, 2.6210
46.200001, 103.516, 2.0494
46.799999, 103.484, 1.6463
47.500000, 103.443, 1.2216
48.200001, 103.414, 0.7631
48.700001, 103.395, 0.3344
49.400002, 103.355, -0.3354
50.000000, 103.317, -0.8506
50.799999, 103.286, -1.4997
51.500000, 103.263, -2.0285
52.200001, 103.256, -2.3755
53.000000, 103.298, -2.7717
53.799999, 103.339, -3.4384
54.500000, 103.340, -4.0601
55.200001, 103.320, -4.6442
56.000000, 103.260, -5.3008
57.000000, 103.141, -5.6987
58.000000, 103.095, -5.9455
59.000000, 103.046, -6.7335
60.000000, 102.956, -7.3522
60.799999, 102.930, -7.7831
61.500000, 102.911, -8.4112
62.200001, 102.852, -9.0673
63.000000, 102.758, -9.4245
64.000000, 102.720, -9.4037
65.000000, 102.764, -9.8762
66.000000, 102.737, -10.9392
67.000000, 102.620, -11.6577
68.000000, 102.531, -11.8216
69.000000, 102.509, -11.9802
70.000000, 102.510, -12.3726
71.000000, 102.512, -12.9531
72.000000, 102.482, -13.7111
73.000000, 102.403, -14.2639
74.000000, 102.340, -14.5112
75.000000, 102.301, -14.8242
76.199997, 102.244, -15.2733
77.500000, 102.178, -15.7076
78.800003, 102.126, -16.2409
80.000000, 102.077, -16.8692
81.199997, 102.027, -17.9080
82.500000, 101.832, -18.9287
83.800003, 101.688, -18.4934
85.000000, 101.717, -18.1990
86.199997, 101.755, -18.4749
87.500000, 101.721, -18.9845
88.500000, 101.656, -19.2948
90.000000, 101.525, -19.9962
91.199997, 101.356, -20.6244
92.500000, 101.167, -20.7025
93.800003, 101.103, -20.2259
95.000000, 101.164, -19.9079
96.199997, 101.266, -20.1117
97.500000, 101.299, -20.9557
98.800003, 101.198, -21.9182
100.000000, 101.032, -22.5436
101.500000, 100.860, -22.9832
103.000000, 100.777, -23.4615
104.400002, 100.755, -23.8423
106.000000, 100.711, -23.9361
107.500000, 100.622, -23.5454
109.000000, 100.472, -23.0623
110.599998, 100.309, -22.7246
112.000000, 100.198, -23.2301
113.800003, 100.039, -24.2938
115.000000, 99.958, -24.4948
117.199997, 99.930, -23.8260
118.000000, 99.932, -23.5337
120.599998, 99.823, -22.9117
122.000000, 99.716, -22.7120
124.099998, 99.610, -22.5891
125.000000, 99.597, -22.5482
126.500000, 99.628, -22.4057
128.000000, 99.695, -22.3966
131.500000, 99.735, -22.3799
132.000000, 99.731, -22.3781
134.000000, 99.684, -22.5683
136.000000, 99.610, -22.8337
138.000000, 99.577, -23.3863
140.000000, 99.560, -24.2630
143.000000, 99.488, -24.9491
145.000000, 99.416, -24.9051
147.500000, 99.290, -24.8170
150.000000, 99.198, -24.8030
152.500000, 99.176, -25.0161
155.000000, 99.131, -25.5453
157.500000, 99.018, -26.0387
160.000000, 98.918, -26.1464
162.500000, 98.902, -25.9395
165.000000, 98.844, -26.0730
167.500000, 98.669, -25.7560
170.000000, 98.527, -25.2683
172.500000, 98.449, -25.4440
175.000000, 98.387, -26.0097
177.500000, 98.335, -26.2204
180.000000, 98.283, -25.8678
182.500000, 98.204, -25.7039
185.000000, 98.085, -25.7150
187.500000, 98.018, -25.8341
190.000000, 97.981, -25.7662
192.500000, 97.969, -25.8050
195.000000, 97.924, -26.3574
197.500000, 97.870, -26.6845
200.000000, 97.817, -26.1786
203.000000, 97.680, -24.6817
206.000000, 97.457, -23.3481
209.000000, 97.335, -22.8618
212.000000, 97.318, -23.0899
214.000000, 97.308, -22.9256
218.000000, 97.263, -22.0991
220.000000, 97.227, -21.4178
224.000000, 97.222, -18.8130
227.000000, 97.356, -16.2626
230.000000, 97.635, -14.5227
233.000000, 97.969, -14.2659
236.000000, 98.287, -14.3570
240.000000, 98.942, -13.8850
243.000000, 99.700, -14.9884
247.000000, 100.637, -21.3857
250.000000, 100.865, -29.7513
254.000000, 100.156, -41.2343
258.000000, 98.761, -46.8304
262.000000, 97.542, -46.0836
265.000000, 96.870, -43.4987
269.000000, 96.229, -39.3221
272.000000, 95.990, -36.9443
276.000000, 95.885, -35.2153
280.000000, 95.812, -34.1409
285.000000, 95.714, -33.2081
290.000000, 95.617, -32.0045
295.000000, 95.473, -30.0872
300.000000, 95.296, -28.9926
304.000000, 95.228, -29.2576
307.000000, 95.186, -29.6304
311.000000, 95.074, -29.3860
315.000000, 94.939, -27.7181
320.000000, 94.935, -25.0484
325.000000, 94.972, -23.9324
330.000000, 94.953, -24.2903
335.000000, 94.874, -24.8142
340.000000, 94.777, -24.8884
345.000000, 94.716, -23.9365
350.000000, 94.613, -22.6212
355.000000, 94.472, -22.0592
360.000000, 94.412, -22.0027
365.000000, 94.412, -21.5596
370.000000, 94.382, -21.1026
375.000000, 94.328, -20.7575
382.000000, 94.211, -20.1851
387.000000, 94.139, -19.5191
395.000000, 94.073, -18.0495
400.000000, 94.025, -17.7269
406.000000, 94.042, -17.7901
412.000000, 94.051, -17.6656
418.000000, 93.949, -17.1616
425.000000, 93.756, -15.7673
431.000000, 93.633, -14.3727
437.000000, 93.588, -13.8582
444.000000, 93.600, -14.2649
450.000000, 93.655, -14.2689
455.000000, 93.679, -13.7673
462.000000, 93.550, -12.6505
468.000000, 93.419, -11.4230
475.000000, 93.384, -10.6772
482.000000, 93.408, -10.7268
487.000000, 93.395, -10.9678
494.000000, 93.356, -10.3901
500.000000, 93.309, -8.8993
508.000000, 93.193, -7.6374
515.000000, 93.112, -7.7328
522.000000, 93.094, -7.5152
530.000000, 93.100, -6.2634
538.000000, 93.087, -5.3739
545.000000, 93.080, -5.2262
552.000000, 93.069, -4.8883
560.000000, 93.021, -3.8754
570.000000, 92.891, -2.5081
580.000000, 92.857, -1.7940
590.000000, 92.900, -0.9753
600.000000, 93.000, -0.3255
608.000000, 93.054, 0.0505
615.000000, 93.034, 0.5789
622.000000, 92.954, 1.3952
630.000000, 92.819, 2.7005
640.000000, 92.719, 4.1226
650.000000, 92.806, 4.4752
660.000000, 92.910, 4.4473
670.000000, 92.918, 5.2928
680.000000, 92.788, 6.7978
690.000000, 92.659, 7.9756
700.000000, 92.714, 8.7077
710.000000, 92.833, 9.3936
720.000000, 92.897, 9.8500
730.000000, 92.911, 10.8673
740.000000, 92.859, 11.7578
750.000000, 92.778, 12.6458
762.000000, 92.751, 14.0935
775.000000, 92.897, 15.0459
788.000000, 93.119, 15.1466
800.000000, 93.188, 15.8480
812.000000, 93.094, 17.3617
825.000000, 92.999, 19.0365
838.000000, 93.045, 19.8167
850.000000, 93.167, 20.2281
862.000000, 93.248, 20.9896
875.000000, 93.245, 22.3303
885.000000, 93.242, 23.2859
900.000000, 93.339, 24.3058
912.000000, 93.519, 24.8239
925.000000, 93.691, 25.2369
938.000000, 93.747, 26.0249
950.000000, 93.709, 27.1197
962.000000, 93.687, 28.1145
975.000000, 93.746, 28.7630
988.000000, 93.886, 29.2496
1000.000000, 94.012, 29.7414
1015.000000, 94.077, 30.5223
1030.000000, 94.067, 31.6021
1044.000000, 94.114, 32.5225
1060.000000, 94.304, 32.8757
1075.000000, 94.478, 33.1365
1090.000000, 94.556, 34.0004
1106.000000, 94.581, 35.0652
1120.000000, 94.634, 35.6007
1138.000000, 94.788, 36.1986
1150.000000, 94.921, 36.5063
1172.000000, 95.087, 37.3230
1180.000000, 95.138, 37.8636
1206.000000, 95.347, 38.5630
1220.000000, 95.453, 38.8481
1241.000000, 95.517, 40.1244
1250.000000, 95.549, 40.5897
1265.000000, 95.668, 41.0526
1280.000000, 95.845, 41.3902
1315.000000, 96.176, 42.5688
1320.000000, 96.202, 42.8310
1340.000000, 96.295, 43.9044
1360.000000, 96.403, 44.5974
1380.000000, 96.562, 45.4251
1400.000000, 96.769, 46.2770
1430.000000, 97.133, 47.2078
1450.000000, 97.362, 47.9272
1475.000000, 97.679, 48.6764
1500.000000, 98.075, 48.9472
1525.000000, 98.429, 48.9401
1550.000000, 98.663, 49.1695
1575.000000, 98.913, 49.3883
1600.000000, 99.315, 48.7790
1625.000000, 99.666, 47.6356
1650.000000, 99.782, 46.9997
1675.000000, 99.831, 46.4011
1700.000000, 100.033, 45.2533
1725.000000, 100.300, 44.1488
1750.000000, 100.470, 43.4675
1775.000000, 100.567, 42.8084
1800.000000, 100.635, 42.1223
1825.000000, 100.686, 41.5906
1850.000000, 100.784, 41.0155
1875.000000, 100.943, 40.2094
1900.000000, 101.079, 39.5544
1925.000000, 101.156, 39.1414
1950.000000, 101.251, 38.6551
1975.000000, 101.368, 37.8675
2000.000000, 101.428, 37.3087
2030.000000, 101.437, 36.6845
2060.000000, 101.522, 35.7061
2090.000000, 101.688, 34.5702
2120.000000, 101.831, 33.5549
2140.000000, 101.869, 33.0028
2180.000000, 101.828, 32.0314
2200.000000, 101.801, 31.4702
2240.000000, 101.789, 30.0565
2270.000000, 101.723, 29.2908
2300.000000, 101.584, 28.8197
2330.000000, 101.431, 28.6159
2360.000000, 101.356, 28.8121
2400.000000, 101.532, 28.8634
2430.000000, 101.759, 28.6699
2470.000000, 101.929, 28.1393
2500.000000, 101.924, 27.3989
2540.000000, 101.814, 26.2887
2580.000000, 101.704, 25.1267
2620.000000, 101.624, 24.2610
2650.000000, 101.587, 23.8186
2690.000000, 101.542, 23.4034
2720.000000, 101.450, 23.4197
2760.000000, 101.280, 23.7163
2800.000000, 101.162, 23.9244
2850.000000, 101.084, 24.1784
2900.000000, 101.040, 24.3271
2950.000000, 101.001, 24.4849
3000.000000, 100.981, 24.6094
3040.000000, 100.955, 24.8489
3070.000000, 100.923, 25.1368
3110.000000, 100.887, 25.5918
3150.000000, 100.853, 26.0477
3200.000000, 100.776, 26.7555
3250.000000, 100.750, 27.3285
3300.000000, 100.843, 27.6913
3350.000000, 100.956, 28.0559
3400.000000, 101.019, 28.5343
3450.000000, 101.050, 29.0976
3500.000000, 101.084, 29.7610
3550.000000, 101.167, 30.4175
3600.000000, 101.349, 30.9617
3650.000000, 101.605, 31.2222
3700.000000, 101.794, 31.5122
3750.000000, 101.907, 31.6825
3820.000000, 102.049, 31.6965
3870.000000, 102.254, 31.4065
3950.000000, 102.747, 30.4082
4000.000000, 103.059, 29.5550
4060.000000, 103.393, 28.1384
4120.000000, 103.586, 26.3853
4180.000000, 103.673, 24.4875
4250.000000, 104.095, 21.0626
4310.000000, 104.380, 17.8988
4370.000000, 104.219, 15.1565
4440.000000, 104.040, 10.8581
4500.000000, 103.967, 6.9938
4550.000000, 103.894, 3.8220
4620.000000, 103.605, -0.2511
4680.000000, 103.082, -3.0772
4750.000000, 102.488, -6.3351
4820.000000, 101.908, -8.7962
4870.000000, 101.475, -10.1494
4940.000000, 100.858, -11.5612
5000.000000, 100.263, -12.2033
5080.000000, 99.427, -12.4864
5150.000000, 98.732, -12.2727
5220.000000, 98.084, -11.6718
5300.000000, 97.385, -10.5478
5380.000000, 96.762, -9.0610
5450.000000, 96.297, -7.5791
5520.000000, 95.821, -5.8938
5600.000000, 95.215, -3.6333
5700.000000, 94.575, -0.6934
5800.000000, 94.037, 2.4697
5900.000000, 93.504, 5.9339
6000.000000, 93.066, 9.6581
6080.000000, 92.805, 12.7005
6150.000000, 92.577, 15.5073
6220.000000, 92.394, 18.3133
6300.000000, 92.274, 21.3143
6400.000000, 92.033, 25.1664
6500.000000, 91.650, 29.3052
6600.000000, 91.429, 33.5228
6700.000000, 91.483, 37.6777
6800.000000, 91.627, 41.7955
6900.000000, 91.724, 45.9295
7000.000000, 91.821, 50.0660
7100.000000, 92.017, 54.0144
7200.000000, 92.261, 57.8654
7300.000000, 92.592, 61.5415
7400.000000, 93.036, 64.9232
7500.000000, 93.548, 68.0433
7620.000000, 94.300, 71.2823
7750.000000, 95.297, 73.8931
7880.000000, 96.313, 75.2155
8000.000000, 97.246, 74.8445
8120.000000, 98.254, 72.2466
8250.000000, 99.315, 66.4367
8380.000000, 100.081, 57.7049
8500.000000, 100.243, 48.2860
8620.000000, 99.785, 39.1893
8750.000000, 98.736, 31.3485
8850.000000, 97.694, 27.3279
9000.000000, 96.058, 24.4598
9120.000000, 94.825, 24.4231
9250.000000, 93.623, 26.0332
9380.000000, 92.634, 28.7201
9500.000000, 91.827, 31.9107
9620.000000, 91.096, 35.6142
9750.000000, 90.489, 39.9253
9880.000000, 90.031, 44.4125
10000.000000, 89.645, 48.7349
10150.000000, 89.300, 54.2057
10300.000000, 89.157, 59.5154
10440.000000, 89.062, 64.3167
10600.000000, 89.011, 69.5980
10750.000000, 89.276, 73.9700
10900.000000, 89.790, 77.4952
11060.000000, 90.359, 80.1222
11200.000000, 90.863, 81.0551
11380.000000, 91.594, 79.6864
11500.000000, 92.049, 77.0015
11720.000000, 92.350, 69.0936
11800.000000, 92.204, 65.6565
12060.000000, 90.957, 55.1671
12200.000000, 89.999, 51.4657
12410.000000, 88.337, 49.4841
12500.000000, 87.568, 49.8262
12650.000000, 86.252, 51.7019
12800.000000, 84.954, 54.8678
13150.000000, 82.342, 65.7213
13200.000000, 82.044, 67.5445
13400.000000, 81.049, 75.2620
13600.000000, 80.250, 83.4730
13800.000000, 79.535, 92.0822
14000.000000, 78.943, 100.9829
14300.000000, 78.348, 114.7649
14500.000000, 78.158, 124.2516
14750.000000, 78.254, 136.1961
15000.000000, 78.657, 148.0806
15250.000000, 79.348, 159.6337
15500.000000, 80.495, 170.1765
15750.000000, 82.298, 178.4120
16000.000000, 84.601, -177.2868
16250.000000, 87.041, -178.4179
16500.000000, 89.217, 174.3291
16750.000000, 90.715, 161.6201
17000.000000, 91.205, 145.9435
17250.000000, 90.731, 130.6645
17500.000000, 89.670, 117.7492
17750.000000, 88.343, 106.9274
18000.000000, 86.809, 97.6646
18250.000000, 84.917, 89.9992
18500.000000, 82.613, 84.8398
18750.000000, 80.045, 83.0865
19000.000000, 77.401, 84.9043
19250.000000, 74.848, 89.9190
19500.000000, 72.477, 97.1718
19750.000000, 70.343, 106.0847
20000.000000, 68.427, 115.8221
20300.000000, 66.395, 128.0829
20600.000000, 64.675, 140.5606
20900.000000, 63.070, 152.7269
21200.000000, 61.012, 162.1427
21400.000000, 58.884, 168.4234
21800.000000, 52.724, -165.1470
22000.000000, 49.216, 140.4906
22400.000000, 43.917, -147.2199
22700.000000, 42.677, -142.4964
23000.000000, 43.677, -101.9268
23300.000000, 49.061, -14.3623
23600.000000, 55.896, 59.2886
24000.000000, 61.258, 104.0512
