* Measurement data measured by REW V5.31.3
* Source: Analog 1/2 (E2x2), LINE_IN (Master Volume), L, volume: 1.000. Timing signal peak level -34.6 dBFS, measurement signal peak level -29.8 dBFS
* Format: 2M Log Swept Sine, 1 sweep at -27.6 dBFS using an acoustic timing reference
* Dated: Apr 3, 2025 7:10:27 PM
* REW Settings:
*  C-weighting compensation: Off
*  Target level: 85.0 dB
* Note: ; Fosi DS1 & E2x2 Delay -0.0642 ms (-22 mm, -0.87 in) using estimated IR delay relative to Acoustic reference played from SPEAKER L with no timing offset Clock adjustment: -28.7 ppm
* Measurement: ASMR L
* Smoothing: 1/24 octave
* Frequency Step: 1/48 octave
* Start Frequency: 1.000 Hz
*
* Freq(Hz), SPL(dB), Phase(degrees)
1.000000, 63.238, -155.0043
1.015000, 63.506, -155.7672
1.030000, 63.770, -156.4879
1.044000, 64.009, -157.1305
1.060000, 64.273, -157.8374
1.075000, 64.508, -158.4793
1.090000, 64.730, -159.1027
1.106000, 64.955, -159.7283
1.120000, 65.150, -160.2070
1.138000, 65.404, -160.7098
1.150000, 65.576, -160.9791
1.172000, 65.894, -161.4431
1.180000, 66.011, -161.6704
1.206000, 66.394, -162.2941
1.220000, 66.602, -162.5710
1.241000, 66.915, -162.9227
1.250000, 67.050, -163.0534
1.265000, 67.275, -163.2482
1.280000, 67.500, -163.4184
1.315000, 68.022, -163.7412
1.320000, 68.097, -163.7807
1.340000, 68.392, -163.9264
1.360000, 68.685, -164.0528
1.380000, 68.975, -164.2970
1.400000, 69.260, -164.5844
1.430000, 69.677, -165.0113
1.450000, 69.948, -165.2960
1.475000, 70.278, -165.6339
1.500000, 70.600, -165.9024
1.525000, 70.917, -166.0869
1.550000, 71.228, -166.1997
1.575000, 71.535, -166.3265
1.600000, 71.836, -166.5378
1.625000, 72.134, -166.7145
1.650000, 72.427, -166.8671
1.675000, 72.716, -167.0041
1.700000, 73.003, -167.1329
1.725000, 73.286, -167.2601
1.750000, 73.566, -167.3906
1.775000, 73.845, -167.5823
1.800000, 74.121, -167.8894
1.825000, 74.396, -168.2040
1.850000, 74.668, -168.5118
1.875000, 74.937, -168.7892
1.900000, 75.204, -169.0314
1.925000, 75.467, -169.2422
1.950000, 75.727, -169.4253
1.975000, 75.984, -169.6368
2.000000, 76.239, -169.9300
2.030000, 76.541, -170.2606
2.060000, 76.839, -170.5804
2.090000, 77.134, -170.8958
2.120000, 77.425, -171.2124
2.140000, 77.618, -171.4266
2.180000, 77.999, -171.9187
2.200000, 78.187, -172.2171
2.240000, 78.559, -172.7945
2.270000, 78.833, -173.1986
2.300000, 79.105, -173.5786
2.330000, 79.372, -173.9377
2.360000, 79.636, -174.2807
2.400000, 79.983, -174.8371
2.430000, 80.240, -175.2609
2.470000, 80.578, -175.8187
2.500000, 80.828, -176.2360
2.540000, 81.157, -176.7957
2.580000, 81.481, -177.3967
2.620000, 81.801, -178.0638
2.650000, 82.037, -178.5464
2.690000, 82.347, -179.1689
2.720000, 82.576, -179.6216
2.760000, 82.877, 179.7942
2.800000, 83.173, 179.1350
2.850000, 83.537, 178.3109
2.900000, 83.893, 177.4944
2.950000, 84.243, 176.6827
3.000000, 84.585, 175.8149
3.040000, 84.853, 175.1105
3.070000, 85.051, 174.5923
3.110000, 85.310, 173.9146
3.150000, 85.566, 173.2507
3.200000, 85.880, 172.3807
3.250000, 86.187, 171.4987
3.300000, 86.489, 170.6277
3.350000, 86.785, 169.7689
3.400000, 87.074, 168.8650
3.450000, 87.357, 167.9538
3.500000, 87.634, 167.0619
3.550000, 87.905, 166.1911
3.600000, 88.171, 165.2933
3.650000, 88.431, 164.3925
3.700000, 88.687, 163.5038
3.750000, 88.937, 162.6241
3.820000, 89.277, 161.3507
3.870000, 89.514, 160.4464
3.950000, 89.883, 159.0380
4.000000, 90.108, 158.1479
4.060000, 90.372, 157.0813
4.120000, 90.630, 156.0281
4.180000, 90.881, 154.9785
4.250000, 91.166, 153.7282
4.310000, 91.403, 152.6847
4.370000, 91.636, 151.6620
4.440000, 91.900, 150.4506
4.500000, 92.119, 149.4246
4.550000, 92.298, 148.5810
4.620000, 92.542, 147.3851
4.680000, 92.746, 146.3763
4.750000, 92.979, 145.2315
4.820000, 93.204, 144.0794
4.870000, 93.362, 143.2607
4.940000, 93.576, 142.1331
5.000000, 93.756, 141.1678
5.080000, 93.988, 139.8994
5.150000, 94.186, 138.8225
5.220000, 94.378, 137.7419
5.300000, 94.591, 136.5214
5.380000, 94.797, 135.3282
5.450000, 94.973, 134.2897
5.520000, 95.144, 133.2817
5.600000, 95.335, 132.1431
5.700000, 95.565, 130.7342
5.800000, 95.787, 129.3651
5.900000, 96.003, 128.0263
6.000000, 96.211, 126.7213
6.080000, 96.374, 125.6884
6.150000, 96.512, 124.8096
6.220000, 96.649, 123.9369
6.300000, 96.802, 122.9609
6.400000, 96.989, 121.7654
6.500000, 97.172, 120.5866
6.600000, 97.351, 119.4360
6.700000, 97.526, 118.3010
6.800000, 97.697, 117.1881
6.900000, 97.866, 116.0857
7.000000, 98.031, 115.0014
7.100000, 98.193, 113.9242
7.200000, 98.352, 112.8612
7.300000, 98.508, 111.8029
7.400000, 98.661, 110.7549
7.500000, 98.810, 109.7083
7.620000, 98.984, 108.4640
7.750000, 99.166, 107.1276
7.880000, 99.341, 105.7925
8.000000, 99.497, 104.5764
8.120000, 99.647, 103.3717
8.250000, 99.802, 102.0775
8.380000, 99.950, 100.8057
8.500000, 100.080, 99.6519
8.620000, 100.205, 98.5181
8.750000, 100.333, 97.3176
8.850000, 100.428, 96.4142
9.000000, 100.564, 95.0962
9.120000, 100.669, 94.0719
9.250000, 100.779, 92.9958
9.380000, 100.885, 91.9544
9.500000, 100.981, 91.0176
9.620000, 101.076, 90.1090
9.750000, 101.176, 89.1510
9.880000, 101.268, 88.2140
10.000000, 101.341, 87.3718
10.150000, 101.422, 86.3183
10.300000, 101.495, 85.2914
10.440000, 101.557, 84.3541
10.600000, 101.627, 83.3046
10.750000, 101.693, 82.3378
10.900000, 101.759, 81.3868
11.060000, 101.827, 80.3723
11.200000, 101.885, 79.4734
11.380000, 101.956, 78.3386
11.500000, 102.001, 77.5954
11.720000, 102.081, 76.2623
11.800000, 102.109, 75.7877
12.060000, 102.201, 74.2693
12.200000, 102.251, 73.4524
12.410000, 102.324, 72.2568
12.500000, 102.355, 71.7548
12.650000, 102.404, 70.9310
12.800000, 102.451, 70.1219
13.150000, 102.556, 68.2580
13.200000, 102.570, 67.9919
13.400000, 102.626, 66.9398
13.600000, 102.680, 65.9080
13.800000, 102.731, 64.8984
14.000000, 102.777, 63.9140
14.300000, 102.836, 62.4644
14.500000, 102.871, 61.5467
14.750000, 102.911, 60.4618
15.000000, 102.951, 59.4442
15.250000, 102.997, 58.4599
15.500000, 103.050, 57.5129
15.750000, 103.106, 56.5804
16.000000, 103.165, 55.6370
16.250000, 103.223, 54.6465
16.500000, 103.275, 53.6288
16.750000, 103.318, 52.5988
17.000000, 103.351, 51.5844
17.250000, 103.373, 50.6056
17.500000, 103.386, 49.7089
17.750000, 103.397, 48.9148
18.000000, 103.412, 48.2182
18.250000, 103.438, 47.5825
18.500000, 103.479, 46.9734
18.750000, 103.533, 46.3416
19.000000, 103.598, 45.6431
19.250000, 103.665, 44.8398
19.500000, 103.726, 43.9495
19.750000, 103.774, 42.9998
20.000000, 103.803, 42.0366
20.299999, 103.815, 40.9216
20.600000, 103.809, 39.9348
20.900000, 103.797, 39.1118
21.200001, 103.792, 38.4307
21.400000, 103.796, 38.0299
21.799999, 103.828, 37.2676
22.000000, 103.853, 36.8674
22.400000, 103.908, 35.9695
22.700001, 103.946, 35.2296
23.000000, 103.974, 34.4673
23.299999, 103.994, 33.7128
23.600000, 104.008, 32.9967
24.000000, 104.025, 32.1056
24.299999, 104.041, 31.4601
24.700001, 104.063, 30.6074
25.000000, 104.077, 29.9680
25.400000, 104.090, 29.1235
25.799999, 104.096, 28.3274
26.200001, 104.101, 27.5868
26.500000, 104.108, 27.0566
26.900000, 104.120, 26.3644
27.200001, 104.130, 25.8427
27.600000, 104.142, 25.1482
28.000000, 104.151, 24.4716
28.500000, 104.162, 23.6536
29.000000, 104.175, 22.8533
29.500000, 104.186, 22.0430
30.000000, 104.192, 21.2382
30.400000, 104.192, 20.6073
30.700001, 104.191, 20.1451
31.100000, 104.189, 19.5369
31.500000, 104.184, 18.9360
32.000000, 104.172, 18.2274
32.500000, 104.162, 17.5862
33.000000, 104.162, 16.9810
33.500000, 104.174, 16.3220
34.000000, 104.183, 15.5803
34.500000, 104.179, 14.8219
35.000000, 104.166, 14.1404
35.500000, 104.159, 13.5331
36.000000, 104.162, 12.9254
36.500000, 104.162, 12.2735
37.000000, 104.151, 11.6335
37.500000, 104.133, 11.0807
38.200001, 104.121, 10.4430
38.700001, 104.125, 9.9757
39.500000, 104.125, 9.1187
40.000000, 104.111, 8.5863
40.599998, 104.086, 8.0286
41.200001, 104.066, 7.5499
41.799999, 104.057, 7.0718
42.500000, 104.052, 6.4205
43.099998, 104.041, 5.7847
43.700001, 104.016, 5.1493
44.400002, 103.982, 4.4841
45.000000, 103.960, 3.9556
45.500000, 103.947, 3.5025
46.200001, 103.930, 2.8290
46.799999, 103.912, 2.2450
47.500000, 103.887, 1.6052
48.200001, 103.863, 1.0269
48.700001, 103.850, 0.6371
49.400002, 103.834, 0.0924
50.000000, 103.820, -0.3859
50.799999, 103.794, -1.0171
51.500000, 103.767, -1.5493
52.200001, 103.734, -2.0665
53.000000, 103.690, -2.5987
53.799999, 103.651, -3.0624
54.500000, 103.624, -3.4979
55.200001, 103.591, -3.9598
56.000000, 103.550, -4.4127
57.000000, 103.519, -4.9616
58.000000, 103.481, -5.6310
59.000000, 103.428, -6.1761
60.000000, 103.391, -6.6868
60.799999, 103.357, -7.1588
61.500000, 103.318, -7.5377
62.200001, 103.281, -7.8571
63.000000, 103.247, -8.1952
64.000000, 103.214, -8.6578
65.000000, 103.185, -9.1987
66.000000, 103.147, -9.7881
67.000000, 103.099, -10.3452
68.000000, 103.049, -10.8299
69.000000, 103.000, -11.2723
70.000000, 102.951, -11.6804
71.000000, 102.905, -12.0491
72.000000, 102.865, -12.4163
73.000000, 102.824, -12.8190
74.000000, 102.775, -13.2299
75.000000, 102.720, -13.5981
76.199997, 102.658, -13.9969
77.500000, 102.599, -14.4515
78.800003, 102.529, -14.9587
80.000000, 102.463, -15.3025
81.199997, 102.413, -15.6461
82.500000, 102.356, -16.0757
83.800003, 102.290, -16.4916
85.000000, 102.226, -16.8140
86.199997, 102.164, -17.1351
87.500000, 102.094, -17.4232
88.500000, 102.050, -17.6210
90.000000, 101.993, -18.0085
91.199997, 101.933, -18.3597
92.500000, 101.866, -18.5950
93.800003, 101.811, -18.8525
95.000000, 101.762, -19.1217
96.199997, 101.712, -19.4742
97.500000, 101.643, -19.8463
98.800003, 101.581, -20.0553
100.000000, 101.548, -20.2236
101.500000, 101.504, -20.5822
103.000000, 101.433, -20.8621
104.400002, 101.361, -20.9869
106.000000, 101.290, -21.1293
107.500000, 101.229, -21.3420
109.000000, 101.172, -21.6591
110.599998, 101.099, -21.9922
112.000000, 101.027, -22.1445
113.800003, 100.953, -22.1826
115.000000, 100.909, -22.3069
117.199997, 100.806, -22.6493
118.000000, 100.764, -22.7784
120.599998, 100.647, -23.0703
122.000000, 100.596, -23.2583
124.099998, 100.511, -23.4071
125.000000, 100.482, -23.3921
126.500000, 100.446, -23.3626
128.000000, 100.417, -23.3827
131.500000, 100.350, -23.5979
132.000000, 100.342, -23.6781
134.000000, 100.319, -24.1927
136.000000, 100.324, -25.0173
138.000000, 100.313, -26.1876
140.000000, 100.236, -27.2614
143.000000, 99.950, -28.0289
145.000000, 99.733, -27.8846
147.500000, 99.471, -27.5602
150.000000, 99.279, -26.4136
152.500000, 99.207, -25.5776
155.000000, 99.126, -25.1685
157.500000, 99.072, -24.6522
160.000000, 99.055, -24.3794
162.500000, 99.036, -24.2910
165.000000, 99.021, -24.4341
167.500000, 98.988, -24.6224
170.000000, 98.935, -24.6287
172.500000, 98.870, -24.5421
175.000000, 98.800, -24.4570
177.500000, 98.733, -24.4061
180.000000, 98.666, -24.3789
182.500000, 98.608, -24.3159
185.000000, 98.566, -24.2410
187.500000, 98.533, -24.1322
190.000000, 98.506, -24.0065
192.500000, 98.487, -23.8777
195.000000, 98.480, -23.7686
197.500000, 98.482, -23.7279
200.000000, 98.489, -23.8247
203.000000, 98.492, -24.2052
206.000000, 98.478, -24.7421
209.000000, 98.446, -25.3317
212.000000, 98.393, -25.8961
214.000000, 98.350, -26.2520
218.000000, 98.269, -26.9916
220.000000, 98.233, -27.3870
224.000000, 98.164, -28.2932
227.000000, 98.111, -29.2297
230.000000, 98.037, -30.5844
233.000000, 97.887, -32.3691
236.000000, 97.605, -34.4205
240.000000, 96.946, -36.7447
243.000000, 96.263, -36.8577
247.000000, 95.412, -33.3889
250.000000, 95.084, -29.0164
254.000000, 95.126, -24.0406
258.000000, 95.386, -21.4202
262.000000, 95.612, -20.4373
265.000000, 95.727, -20.4033
269.000000, 95.785, -20.6915
272.000000, 95.758, -20.8259
276.000000, 95.665, -20.6055
280.000000, 95.568, -20.0762
285.000000, 95.497, -19.3582
290.000000, 95.437, -18.7049
295.000000, 95.398, -18.2434
300.000000, 95.390, -17.6539
304.000000, 95.387, -17.3265
307.000000, 95.371, -17.2867
311.000000, 95.325, -17.2905
315.000000, 95.264, -17.3215
320.000000, 95.103, -17.3900
325.000000, 94.906, -16.5422
330.000000, 94.790, -15.4668
335.000000, 94.713, -14.5646
340.000000, 94.653, -13.7461
345.000000, 94.596, -12.8990
350.000000, 94.544, -12.0641
355.000000, 94.499, -11.2512
360.000000, 94.474, -10.4880
365.000000, 94.464, -9.7734
370.000000, 94.468, -9.1325
375.000000, 94.470, -8.6099
382.000000, 94.453, -7.9528
387.000000, 94.427, -7.5714
395.000000, 94.378, -7.0286
400.000000, 94.343, -6.6678
406.000000, 94.300, -6.1920
412.000000, 94.251, -5.7192
418.000000, 94.188, -5.2811
425.000000, 94.115, -4.7231
431.000000, 94.057, -4.1716
437.000000, 93.996, -3.6007
444.000000, 93.932, -2.8851
450.000000, 93.884, -2.2919
455.000000, 93.842, -1.7985
462.000000, 93.780, -1.1212
468.000000, 93.725, -0.5379
475.000000, 93.664, 0.2053
482.000000, 93.611, 0.9677
487.000000, 93.574, 1.4869
494.000000, 93.524, 2.2010
500.000000, 93.492, 2.8378
508.000000, 93.454, 3.6503
515.000000, 93.404, 4.4086
522.000000, 93.356, 5.1565
530.000000, 93.312, 6.0654
538.000000, 93.273, 7.0266
545.000000, 93.246, 7.7727
552.000000, 93.216, 8.4276
560.000000, 93.183, 9.2325
570.000000, 93.148, 10.3389
580.000000, 93.118, 11.3621
590.000000, 93.085, 12.4863
600.000000, 93.049, 13.6006
608.000000, 93.023, 14.4868
615.000000, 92.998, 15.2637
622.000000, 92.973, 16.0238
630.000000, 92.950, 16.9235
640.000000, 92.923, 18.0601
650.000000, 92.895, 19.1592
660.000000, 92.875, 20.3790
670.000000, 92.877, 21.5504
680.000000, 92.885, 22.6471
690.000000, 92.882, 23.7424
700.000000, 92.879, 24.8685
710.000000, 92.875, 25.9832
720.000000, 92.874, 27.0592
730.000000, 92.882, 28.1721
740.000000, 92.898, 29.3242
750.000000, 92.924, 30.4624
762.000000, 92.957, 31.7195
775.000000, 92.994, 33.0540
788.000000, 93.025, 34.4442
800.000000, 93.060, 35.6609
812.000000, 93.104, 36.8193
825.000000, 93.151, 38.1152
838.000000, 93.203, 39.3766
850.000000, 93.256, 40.4630
862.000000, 93.308, 41.6008
875.000000, 93.362, 42.8734
885.000000, 93.410, 43.8151
900.000000, 93.486, 45.1470
912.000000, 93.542, 46.1975
925.000000, 93.598, 47.3483
938.000000, 93.660, 48.4263
950.000000, 93.741, 49.3333
962.000000, 93.817, 50.2583
975.000000, 93.873, 51.4420
988.000000, 93.935, 52.5566
1000.000000, 93.998, 53.4869
1015.000000, 94.078, 54.6501
1030.000000, 94.159, 55.7647
1044.000000, 94.235, 56.7600
1060.000000, 94.321, 57.8831
1075.000000, 94.395, 58.9819
1090.000000, 94.486, 60.0910
1106.000000, 94.597, 61.1366
1120.000000, 94.698, 61.9838
1138.000000, 94.816, 63.2034
1150.000000, 94.887, 63.9622
1172.000000, 95.032, 65.3889
1180.000000, 95.087, 65.9362
1206.000000, 95.261, 67.6959
1220.000000, 95.358, 68.6246
1241.000000, 95.509, 70.0466
1250.000000, 95.576, 70.6503
1265.000000, 95.691, 71.6819
1280.000000, 95.811, 72.7286
1315.000000, 96.109, 75.1092
1320.000000, 96.152, 75.4562
1340.000000, 96.328, 76.8716
1360.000000, 96.502, 78.2546
1380.000000, 96.694, 79.5990
1400.000000, 96.913, 80.9241
1430.000000, 97.283, 82.7057
1450.000000, 97.547, 83.6974
1475.000000, 97.878, 84.7892
1500.000000, 98.217, 85.7190
1525.000000, 98.579, 86.3550
1550.000000, 98.946, 86.6338
1575.000000, 99.283, 86.4746
1600.000000, 99.559, 86.0014
1625.000000, 99.766, 85.5013
1650.000000, 99.926, 85.1056
1675.000000, 100.061, 84.8465
1700.000000, 100.184, 84.7549
1725.000000, 100.303, 84.8157
1750.000000, 100.430, 84.9891
1775.000000, 100.571, 85.1078
1800.000000, 100.718, 85.0732
1825.000000, 100.855, 84.9337
1850.000000, 100.971, 84.7481
1875.000000, 101.068, 84.5597
1900.000000, 101.152, 84.3629
1925.000000, 101.224, 84.1629
1950.000000, 101.282, 83.9925
1975.000000, 101.327, 83.8442
2000.000000, 101.359, 83.7011
2030.000000, 101.374, 83.5806
2060.000000, 101.357, 83.6077
2090.000000, 101.317, 83.8408
2120.000000, 101.274, 84.4240
2140.000000, 101.259, 85.0626
2180.000000, 101.316, 86.7602
2200.000000, 101.405, 87.5681
2240.000000, 101.660, 88.4844
2270.000000, 101.847, 88.4706
2300.000000, 101.980, 88.0581
2330.000000, 102.040, 87.5427
2360.000000, 102.041, 87.2686
2400.000000, 102.025, 87.4333
2430.000000, 102.043, 87.6974
2470.000000, 102.097, 87.8221
2500.000000, 102.125, 87.6620
2540.000000, 102.109, 87.3372
2580.000000, 102.033, 87.1184
2620.000000, 101.914, 87.1704
2650.000000, 101.809, 87.4157
2690.000000, 101.663, 88.0165
2720.000000, 101.558, 88.6606
2760.000000, 101.433, 89.7225
2800.000000, 101.330, 90.9389
2850.000000, 101.230, 92.6193
2900.000000, 101.178, 94.3575
2950.000000, 101.168, 95.9355
3000.000000, 101.155, 97.3087
3040.000000, 101.127, 98.3368
3070.000000, 101.096, 99.1333
3110.000000, 101.043, 100.3281
3150.000000, 100.988, 101.7114
3200.000000, 100.942, 103.6345
3250.000000, 100.933, 105.6425
3300.000000, 100.956, 107.6702
3350.000000, 101.005, 109.7076
3400.000000, 101.085, 111.6948
3450.000000, 101.193, 113.5795
3500.000000, 101.317, 115.3524
3550.000000, 101.457, 117.0059
3600.000000, 101.609, 118.5779
3650.000000, 101.768, 120.0898
3700.000000, 101.937, 121.5419
3750.000000, 102.121, 122.9271
3820.000000, 102.411, 124.6606
3870.000000, 102.637, 125.6924
3950.000000, 103.021, 126.9465
4000.000000, 103.273, 127.4309
4060.000000, 103.580, 127.6568
4120.000000, 103.882, 127.4522
4180.000000, 104.162, 126.7921
4250.000000, 104.441, 125.4620
4310.000000, 104.617, 123.8933
4370.000000, 104.718, 122.0192
4440.000000, 104.728, 119.4285
4500.000000, 104.624, 117.0328
4550.000000, 104.452, 115.0933
4620.000000, 104.093, 112.6280
4680.000000, 103.697, 110.8732
4750.000000, 103.154, 109.3761
4820.000000, 102.542, 108.5544
4870.000000, 102.079, 108.3764
4940.000000, 101.420, 108.6671
5000.000000, 100.854, 109.3956
5080.000000, 100.106, 110.9919
5150.000000, 99.471, 112.9046
5220.000000, 98.869, 115.2076
5300.000000, 98.223, 118.2602
5380.000000, 97.614, 121.6912
5450.000000, 97.117, 124.9391
5520.000000, 96.655, 128.3793
5600.000000, 96.170, 132.4984
5700.000000, 95.621, 137.8985
5800.000000, 95.129, 143.5410
5900.000000, 94.689, 149.4107
6000.000000, 94.304, 155.4991
6080.000000, 94.048, 160.5278
6150.000000, 93.876, 164.9980
6220.000000, 93.755, 169.4276
6300.000000, 93.656, 174.3455
6400.000000, 93.557, -179.6403
6500.000000, 93.490, -173.5830
6600.000000, 93.479, -167.4374
6700.000000, 93.538, -161.2706
6800.000000, 93.681, -155.1632
6900.000000, 93.923, -149.1866
7000.000000, 94.262, -143.3926
7100.000000, 94.692, -137.8919
7200.000000, 95.222, -132.8144
7300.000000, 95.848, -128.3010
7400.000000, 96.560, -124.5328
7500.000000, 97.360, -121.7534
7620.000000, 98.423, -120.1691
7750.000000, 99.574, -121.2068
7880.000000, 100.429, -125.4215
8000.000000, 100.759, -131.5312
8120.000000, 100.529, -138.2670
8250.000000, 99.679, -144.2148
8380.000000, 98.416, -147.3646
8500.000000, 97.110, -147.5484
8620.000000, 95.818, -145.4943
8750.000000, 94.508, -141.3855
8850.000000, 93.590, -137.2696
9000.000000, 92.375, -130.0221
9120.000000, 91.535, -123.5652
9250.000000, 90.746, -116.1188
9380.000000, 90.075, -108.3607
9500.000000, 89.558, -101.0203
9620.000000, 89.136, -93.5855
9750.000000, 88.778, -85.4732
9880.000000, 88.526, -77.3622
10000.000000, 88.390, -69.9472
10150.000000, 88.331, -60.8584
10300.000000, 88.391, -52.0637
10440.000000, 88.563, -44.2611
10600.000000, 88.897, -36.0280
10750.000000, 89.330, -29.2280
10900.000000, 89.856, -23.6431
11060.000000, 90.477, -19.4312
11200.000000, 90.988, -17.4800
11380.000000, 91.433, -17.3571
11500.000000, 91.501, -18.4088
11720.000000, 91.023, -20.9770
11800.000000, 90.659, -21.5847
12060.000000, 88.969, -20.5220
12200.000000, 87.894, -17.7005
12410.000000, 86.274, -10.7977
12500.000000, 85.611, -7.0358
12650.000000, 84.574, 0.0561
12800.000000, 83.635, 7.9584
13150.000000, 81.852, 28.4537
13200.000000, 81.640, 31.5461
13400.000000, 80.896, 44.1919
13600.000000, 80.313, 57.1489
13800.000000, 79.893, 70.2833
14000.000000, 79.627, 83.5308
14300.000000, 79.492, 103.7643
14500.000000, 79.617, 117.5004
14750.000000, 80.095, 134.8535
15000.000000, 81.045, 151.8728
15250.000000, 82.637, 167.4609
15500.000000, 85.030, 179.3319
15750.000000, 87.896, -176.3956
16000.000000, 90.336, 178.1064
16250.000000, 91.433, 165.8283
16500.000000, 90.965, 153.6192
16750.000000, 89.533, 146.4106
17000.000000, 87.897, 144.2168
17250.000000, 86.403, 144.5039
17500.000000, 84.971, 145.2006
17750.000000, 83.362, 145.9646
18000.000000, 81.422, 147.8270
18250.000000, 79.175, 152.1305
18500.000000, 76.816, 159.7008
18750.000000, 74.652, 170.6573
19000.000000, 72.908, -175.3674
19250.000000, 71.518, -159.0276
19500.000000, 70.274, -141.1335
19750.000000, 69.148, -122.7836
20000.000000, 68.176, -105.0061
20300.000000, 67.222, -85.4337
20600.000000, 66.457, -68.1006
20900.000000, 65.619, -53.0835
21200.000000, 64.378, -39.0424
21400.000000, 63.246, -27.7419
21800.000000, 61.653, 9.8430
22000.000000, 62.228, 30.8341
22400.000000, 64.461, 56.6533
22700.000000, 65.948, 70.7291
23000.000000, 67.094, 85.8433
23300.000000, 66.845, 106.9641
23600.000000, 64.496, 139.9365
24000.000000, 60.655, 126.6476
