* Measurement data measured by REW V5.31.3
* Source: Analog 1/2 (E2x2), LINE_IN (Master Volume), L, volume: 1.000. Timing signal peak level -34.7 dBFS, measurement signal peak level -29.6 dBFS
* Format: 2M Log Swept Sine, 1 sweep at -27.6 dBFS using an acoustic timing reference
* Dated: Apr 3, 2025 7:36:58 PM
* REW Settings:
*  C-weighting compensation: Off
*  Target level: 85.0 dB
* Note: ; Fosi DS1 & E2x2 Delay -0.0616 ms (-21 mm, -0.83 in) using estimated IR delay relative to Acoustic reference played from SPEAKER L with no timing offset Clock adjustment: -29.1 ppm
* Measurement: L
* Smoothing: 1/24 octave
* Frequency Step: 1/48 octave
* Start Frequency: 1.000 Hz
*
* Freq(Hz), SPL(dB), Phase(degrees)
1.000000, 65.834, -140.0060
1.015000, 65.757, -139.8896
1.030000, 65.692, -139.8397
1.044000, 65.643, -139.8539
1.060000, 65.601, -139.9424
1.075000, 65.576, -140.0948
1.090000, 65.568, -140.3094
1.106000, 65.576, -140.5789
1.120000, 65.598, -140.8027
1.138000, 65.644, -141.0437
1.150000, 65.685, -141.1750
1.172000, 65.781, -141.4533
1.180000, 65.822, -141.6328
1.206000, 65.976, -142.1664
1.220000, 66.072, -142.4329
1.241000, 66.230, -142.8149
1.250000, 66.302, -142.9745
1.265000, 66.429, -143.2379
1.280000, 66.562, -143.5013
1.315000, 66.896, -144.1329
1.320000, 66.945, -144.2266
1.340000, 67.148, -144.6133
1.360000, 67.356, -145.0184
1.380000, 67.567, -145.5778
1.400000, 67.780, -146.2152
1.430000, 68.098, -147.2284
1.450000, 68.308, -147.9403
1.475000, 68.568, -148.8340
1.500000, 68.837, -149.6403
1.525000, 69.120, -150.3261
1.550000, 69.415, -150.9056
1.575000, 69.719, -151.4700
1.600000, 70.033, -152.0952
1.625000, 70.353, -152.6682
1.650000, 70.678, -153.2044
1.675000, 71.007, -153.7171
1.700000, 71.337, -154.2180
1.725000, 71.666, -154.7169
1.750000, 71.994, -155.2216
1.775000, 72.318, -155.7922
1.800000, 72.636, -156.4841
1.825000, 72.948, -157.1872
1.850000, 73.256, -157.8742
1.875000, 73.563, -158.5044
1.900000, 73.870, -159.0699
1.925000, 74.177, -159.5783
1.950000, 74.484, -160.0373
1.975000, 74.790, -160.5073
2.000000, 75.095, -161.0457
2.030000, 75.459, -161.6580
2.060000, 75.819, -162.2512
2.090000, 76.176, -162.8364
2.120000, 76.528, -163.4236
2.140000, 76.760, -163.8203
2.180000, 77.216, -164.6852
2.200000, 77.440, -165.1724
2.240000, 77.881, -166.1149
2.270000, 78.207, -166.7738
2.300000, 78.529, -167.3924
2.330000, 78.847, -167.9763
2.360000, 79.160, -168.5326
2.400000, 79.572, -169.3602
2.430000, 79.876, -169.9807
2.470000, 80.274, -170.7967
2.500000, 80.568, -171.4075
2.540000, 80.954, -172.2285
2.580000, 81.332, -173.0953
2.620000, 81.702, -174.0256
2.650000, 81.974, -174.7001
2.690000, 82.331, -175.5695
2.720000, 82.593, -176.2004
2.760000, 82.937, -177.0134
2.800000, 83.274, -177.8927
2.850000, 83.685, -178.9827
2.900000, 84.086, 179.9408
2.950000, 84.477, 178.8688
3.000000, 84.856, 177.7372
3.040000, 85.152, 176.8224
3.070000, 85.369, 176.1489
3.110000, 85.652, 175.2696
3.150000, 85.929, 174.4118
3.200000, 86.268, 173.3114
3.250000, 86.597, 172.2121
3.300000, 86.918, 171.1334
3.350000, 87.229, 170.0660
3.400000, 87.532, 168.9496
3.450000, 87.824, 167.8278
3.500000, 88.109, 166.7333
3.550000, 88.385, 165.6731
3.600000, 88.653, 164.6023
3.650000, 88.915, 163.5454
3.700000, 89.169, 162.5095
3.750000, 89.415, 161.4825
3.820000, 89.746, 160.0055
3.870000, 89.974, 158.9647
3.950000, 90.326, 157.3672
4.000000, 90.539, 156.3825
4.060000, 90.787, 155.2231
4.120000, 91.026, 154.0872
4.180000, 91.256, 152.9622
4.250000, 91.514, 151.6392
4.310000, 91.729, 150.5528
4.370000, 91.938, 149.5103
4.440000, 92.174, 148.3042
4.500000, 92.370, 147.2996
4.550000, 92.528, 146.4828
4.620000, 92.743, 145.3383
4.680000, 92.923, 144.3871
4.750000, 93.129, 143.3284
4.820000, 93.330, 142.2853
4.870000, 93.471, 141.5575
4.940000, 93.663, 140.5699
5.000000, 93.825, 139.7319
5.080000, 94.037, 138.6381
5.150000, 94.221, 137.7195
5.220000, 94.401, 136.8091
5.300000, 94.604, 135.7945
5.380000, 94.804, 134.8062
5.450000, 94.977, 133.9368
5.520000, 95.148, 133.0869
5.600000, 95.342, 132.1249
5.700000, 95.582, 130.9287
5.800000, 95.817, 129.7446
5.900000, 96.048, 128.5500
6.000000, 96.275, 127.3585
6.080000, 96.453, 126.3969
6.150000, 96.607, 125.5634
6.220000, 96.757, 124.7169
6.300000, 96.925, 123.7474
6.400000, 97.130, 122.5302
6.500000, 97.329, 121.3055
6.600000, 97.520, 120.0890
6.700000, 97.704, 118.8645
6.800000, 97.880, 117.6431
6.900000, 98.050, 116.4278
7.000000, 98.213, 115.2331
7.100000, 98.368, 114.0429
7.200000, 98.516, 112.8697
7.300000, 98.659, 111.7162
7.400000, 98.796, 110.5919
7.500000, 98.927, 109.4834
7.620000, 99.078, 108.1869
7.750000, 99.236, 106.8298
7.880000, 99.387, 105.5091
8.000000, 99.523, 104.3289
8.120000, 99.657, 103.1796
8.250000, 99.798, 101.9675
8.380000, 99.936, 100.7860
8.500000, 100.062, 99.7146
8.620000, 100.187, 98.6635
8.750000, 100.319, 97.5420
8.850000, 100.419, 96.6861
9.000000, 100.565, 95.4199
9.120000, 100.680, 94.4184
9.250000, 100.800, 93.3447
9.380000, 100.917, 92.2854
9.500000, 101.022, 91.3191
9.620000, 101.125, 90.3697
9.750000, 101.231, 89.3575
9.880000, 101.326, 88.3638
10.000000, 101.402, 87.4705
10.150000, 101.482, 86.3564
10.300000, 101.554, 85.2800
10.440000, 101.614, 84.3084
10.600000, 101.680, 83.2322
10.750000, 101.744, 82.2529
10.900000, 101.808, 81.2986
11.060000, 101.877, 80.2850
11.200000, 101.936, 79.3891
11.380000, 102.009, 78.2557
11.500000, 102.056, 77.5100
11.720000, 102.138, 76.1666
11.800000, 102.168, 75.6864
12.060000, 102.260, 74.1482
12.200000, 102.308, 73.3243
12.410000, 102.377, 72.1282
12.500000, 102.406, 71.6319
12.650000, 102.451, 70.8263
12.800000, 102.494, 70.0463
13.150000, 102.593, 68.2889
13.200000, 102.608, 68.0408
13.400000, 102.666, 67.0635
13.600000, 102.725, 66.1029
13.800000, 102.783, 65.1532
14.000000, 102.839, 64.2111
14.300000, 102.913, 62.7878
14.500000, 102.956, 61.8645
14.750000, 103.004, 60.7546
15.000000, 103.049, 59.7006
15.250000, 103.097, 58.6770
15.500000, 103.149, 57.6925
15.750000, 103.203, 56.7257
16.000000, 103.259, 55.7512
16.250000, 103.312, 54.7336
16.500000, 103.358, 53.6960
16.750000, 103.394, 52.6578
17.000000, 103.419, 51.6513
17.250000, 103.435, 50.6971
17.500000, 103.444, 49.8371
17.750000, 103.455, 49.0817
18.000000, 103.472, 48.4143
18.250000, 103.502, 47.7898
18.500000, 103.544, 47.1744
18.750000, 103.598, 46.5303
19.000000, 103.657, 45.8319
19.250000, 103.716, 45.0625
19.500000, 103.769, 44.2515
19.750000, 103.814, 43.4249
20.000000, 103.849, 42.6106
20.299999, 103.884, 41.6616
20.600000, 103.914, 40.7664
20.900000, 103.943, 39.9132
21.200001, 103.972, 39.0745
21.400000, 103.988, 38.5199
21.799999, 104.014, 37.4374
22.000000, 104.022, 36.9202
22.400000, 104.034, 35.9511
22.700001, 104.044, 35.2952
23.000000, 104.060, 34.6782
23.299999, 104.083, 34.0580
23.600000, 104.110, 33.4084
24.000000, 104.142, 32.4784
24.299999, 104.157, 31.7502
24.700001, 104.160, 30.8193
25.000000, 104.155, 30.1961
25.400000, 104.151, 29.4708
25.799999, 104.163, 28.8184
26.200001, 104.192, 28.1299
26.500000, 104.218, 27.5444
26.900000, 104.245, 26.6807
27.200001, 104.253, 26.0096
27.600000, 104.248, 25.1691
28.000000, 104.236, 24.4542
28.500000, 104.235, 23.7097
29.000000, 104.259, 22.9930
29.500000, 104.294, 22.1670
30.000000, 104.316, 21.2501
30.400000, 104.319, 20.5175
30.700001, 104.314, 20.0022
31.100000, 104.306, 19.3667
31.500000, 104.298, 18.7734
32.000000, 104.289, 18.0729
32.500000, 104.278, 17.4109
33.000000, 104.269, 16.7922
33.500000, 104.265, 16.1855
34.000000, 104.265, 15.5641
34.500000, 104.265, 14.9323
35.000000, 104.265, 14.3186
35.500000, 104.270, 13.7046
36.000000, 104.279, 13.0409
36.500000, 104.281, 12.3128
37.000000, 104.267, 11.5924
37.500000, 104.242, 10.9651
38.200001, 104.220, 10.2422
38.700001, 104.215, 9.7280
39.500000, 104.201, 8.8599
40.000000, 104.186, 8.3783
40.599998, 104.178, 7.8578
41.200001, 104.182, 7.2625
41.799999, 104.169, 6.5627
42.500000, 104.124, 5.8487
43.099998, 104.090, 5.4342
43.700001, 104.083, 5.0457
44.400002, 104.085, 4.4267
45.000000, 104.072, 3.8191
45.500000, 104.053, 3.3437
46.200001, 104.029, 2.7352
46.799999, 104.009, 2.2257
47.500000, 103.985, 1.6497
48.200001, 103.959, 1.1108
48.700001, 103.940, 0.7586
49.400002, 103.917, 0.3378
50.000000, 103.911, -0.0007
50.799999, 103.914, -0.6082
51.500000, 103.893, -1.2666
52.200001, 103.846, -1.8213
53.000000, 103.803, -2.2797
53.799999, 103.779, -2.7912
54.500000, 103.752, -3.3436
55.200001, 103.711, -3.8864
56.000000, 103.659, -4.4200
57.000000, 103.602, -4.9951
58.000000, 103.556, -5.5419
59.000000, 103.514, -6.0603
60.000000, 103.482, -6.5523
60.799999, 103.462, -7.0010
61.500000, 103.437, -7.4317
62.200001, 103.402, -7.8299
63.000000, 103.362, -8.2109
64.000000, 103.322, -8.6461
65.000000, 103.289, -9.1318
66.000000, 103.248, -9.6665
67.000000, 103.198, -10.1147
68.000000, 103.158, -10.5377
69.000000, 103.114, -11.0127
70.000000, 103.065, -11.4351
71.000000, 103.021, -11.8425
72.000000, 102.975, -12.2845
73.000000, 102.920, -12.7169
74.000000, 102.862, -13.0503
75.000000, 102.817, -13.3543
76.199997, 102.766, -13.7870
77.500000, 102.709, -14.2478
78.800003, 102.648, -14.7182
80.000000, 102.592, -15.1003
81.199997, 102.540, -15.4900
82.500000, 102.481, -15.8864
83.800003, 102.433, -16.2631
85.000000, 102.383, -16.6984
86.199997, 102.319, -17.0232
87.500000, 102.266, -17.2901
88.500000, 102.229, -17.5427
90.000000, 102.164, -17.9506
91.199997, 102.101, -18.2474
92.500000, 102.034, -18.4735
93.800003, 101.982, -18.7094
95.000000, 101.933, -19.0019
96.199997, 101.877, -19.2764
97.500000, 101.820, -19.5108
98.800003, 101.772, -19.7477
100.000000, 101.725, -20.0351
101.500000, 101.653, -20.4020
103.000000, 101.572, -20.7079
104.400002, 101.501, -20.8877
106.000000, 101.443, -21.0499
107.500000, 101.398, -21.2311
109.000000, 101.349, -21.3766
110.599998, 101.294, -21.4881
112.000000, 101.246, -21.5710
113.800003, 101.190, -21.7861
115.000000, 101.148, -21.9910
117.199997, 101.076, -22.3082
118.000000, 101.053, -22.3669
120.599998, 101.033, -22.3166
122.000000, 101.069, -22.3545
124.099998, 101.137, -22.7782
125.000000, 101.175, -23.1178
126.500000, 101.228, -23.9936
128.000000, 101.260, -25.1421
131.500000, 101.077, -28.6053
132.000000, 101.015, -29.0234
134.000000, 100.714, -30.1183
136.000000, 100.440, -30.3418
138.000000, 100.211, -30.3415
140.000000, 100.011, -29.9496
143.000000, 99.795, -29.3608
145.000000, 99.631, -29.1555
147.500000, 99.475, -28.6457
150.000000, 99.372, -28.3207
152.500000, 99.280, -27.9791
155.000000, 99.188, -27.6992
157.500000, 99.099, -27.4764
160.000000, 99.007, -27.3265
162.500000, 98.919, -27.0423
165.000000, 98.855, -26.6993
167.500000, 98.801, -26.4294
170.000000, 98.749, -26.2531
172.500000, 98.699, -26.2015
175.000000, 98.641, -26.1618
177.500000, 98.563, -26.1180
180.000000, 98.473, -26.0528
182.500000, 98.409, -26.1547
185.000000, 98.346, -26.3448
187.500000, 98.278, -26.3321
190.000000, 98.197, -26.2916
192.500000, 98.115, -26.2810
195.000000, 98.043, -26.3214
197.500000, 97.974, -26.2815
200.000000, 97.901, -26.1734
203.000000, 97.810, -26.0339
206.000000, 97.720, -25.8910
209.000000, 97.632, -25.7737
212.000000, 97.540, -25.7375
214.000000, 97.480, -25.6844
218.000000, 97.371, -25.4760
220.000000, 97.322, -25.3947
224.000000, 97.241, -25.4706
227.000000, 97.181, -25.7944
230.000000, 97.075, -26.3753
233.000000, 96.888, -26.9390
236.000000, 96.637, -27.2589
240.000000, 96.248, -27.1447
243.000000, 95.914, -26.3119
247.000000, 95.438, -23.7943
250.000000, 95.178, -20.7968
254.000000, 95.257, -15.6284
258.000000, 95.802, -12.4244
262.000000, 96.314, -12.7573
265.000000, 96.522, -13.9010
269.000000, 96.615, -15.3152
272.000000, 96.601, -16.0783
276.000000, 96.540, -16.7797
280.000000, 96.450, -17.2148
285.000000, 96.316, -17.3665
290.000000, 96.209, -17.2834
295.000000, 96.122, -17.0406
300.000000, 96.040, -16.7345
304.000000, 95.990, -16.7024
307.000000, 95.949, -16.6534
311.000000, 95.898, -16.3940
315.000000, 95.862, -16.2318
320.000000, 95.772, -16.5104
325.000000, 95.622, -16.3947
330.000000, 95.501, -15.8334
335.000000, 95.394, -15.3280
340.000000, 95.303, -14.8309
345.000000, 95.221, -14.3027
350.000000, 95.143, -13.7773
355.000000, 95.065, -13.2755
360.000000, 94.994, -12.7620
365.000000, 94.928, -12.2299
370.000000, 94.861, -11.7219
375.000000, 94.802, -11.2270
382.000000, 94.721, -10.5417
387.000000, 94.663, -10.0403
395.000000, 94.567, -9.2717
400.000000, 94.506, -8.7790
406.000000, 94.439, -8.1952
412.000000, 94.375, -7.5752
418.000000, 94.309, -6.9211
425.000000, 94.235, -6.2012
431.000000, 94.164, -5.5158
437.000000, 94.082, -4.6564
444.000000, 94.001, -3.7654
450.000000, 93.948, -3.4420
455.000000, 93.900, -3.0915
462.000000, 93.836, -2.3436
468.000000, 93.792, -1.7354
475.000000, 93.745, -0.9557
482.000000, 93.688, -0.1310
487.000000, 93.649, 0.4068
494.000000, 93.602, 1.1311
500.000000, 93.558, 1.8253
508.000000, 93.498, 2.7612
515.000000, 93.453, 3.5092
522.000000, 93.414, 4.2753
530.000000, 93.373, 5.2379
538.000000, 93.340, 6.1650
545.000000, 93.314, 6.8871
552.000000, 93.282, 7.6531
560.000000, 93.244, 8.5920
570.000000, 93.201, 9.6802
580.000000, 93.170, 10.7530
590.000000, 93.137, 11.8357
600.000000, 93.102, 12.9610
608.000000, 93.073, 13.8551
615.000000, 93.050, 14.6644
622.000000, 93.030, 15.4666
630.000000, 93.012, 16.3574
640.000000, 92.985, 17.4867
650.000000, 92.964, 18.6848
660.000000, 92.943, 19.8301
670.000000, 92.924, 20.9020
680.000000, 92.915, 22.0290
690.000000, 92.912, 23.1628
700.000000, 92.911, 24.2973
710.000000, 92.918, 25.4821
720.000000, 92.931, 26.6613
730.000000, 92.941, 27.8349
740.000000, 92.950, 28.9961
750.000000, 92.966, 30.1325
762.000000, 92.999, 31.4903
775.000000, 93.037, 32.9503
788.000000, 93.078, 34.2944
800.000000, 93.120, 35.5163
812.000000, 93.169, 36.7810
825.000000, 93.219, 38.1096
838.000000, 93.276, 39.3486
850.000000, 93.332, 40.4932
862.000000, 93.390, 41.6275
875.000000, 93.456, 42.7822
885.000000, 93.502, 43.6487
900.000000, 93.568, 45.0257
912.000000, 93.623, 46.0900
925.000000, 93.690, 47.1680
938.000000, 93.762, 48.2412
950.000000, 93.829, 49.2855
962.000000, 93.892, 50.3063
975.000000, 93.960, 51.3347
988.000000, 94.028, 52.3213
1000.000000, 94.093, 53.2681
1015.000000, 94.177, 54.4231
1030.000000, 94.261, 55.5370
1044.000000, 94.339, 56.5399
1060.000000, 94.428, 57.6521
1075.000000, 94.510, 58.7110
1090.000000, 94.602, 59.7322
1106.000000, 94.707, 60.8008
1120.000000, 94.795, 61.7492
1138.000000, 94.907, 62.9537
1150.000000, 94.984, 63.7296
1172.000000, 95.125, 65.1735
1180.000000, 95.176, 65.7259
1206.000000, 95.346, 67.5066
1220.000000, 95.446, 68.4522
1241.000000, 95.602, 69.8849
1250.000000, 95.670, 70.5109
1265.000000, 95.787, 71.5658
1280.000000, 95.910, 72.6145
1315.000000, 96.215, 75.1541
1320.000000, 96.262, 75.5202
1340.000000, 96.453, 76.9124
1360.000000, 96.641, 78.2378
1380.000000, 96.839, 79.5668
1400.000000, 97.066, 80.8513
1430.000000, 97.440, 82.5817
1450.000000, 97.705, 83.5775
1475.000000, 98.056, 84.5551
1500.000000, 98.415, 85.1484
1525.000000, 98.751, 85.4622
1550.000000, 99.044, 85.5758
1575.000000, 99.299, 85.5261
1600.000000, 99.522, 85.3917
1625.000000, 99.711, 85.2924
1650.000000, 99.877, 85.2933
1675.000000, 100.031, 85.3690
1700.000000, 100.175, 85.5304
1725.000000, 100.315, 85.7850
1750.000000, 100.467, 86.0466
1775.000000, 100.633, 86.2264
1800.000000, 100.799, 86.3205
1825.000000, 100.952, 86.3683
1850.000000, 101.094, 86.3835
1875.000000, 101.228, 86.3670
1900.000000, 101.354, 86.3511
1925.000000, 101.473, 86.3324
1950.000000, 101.588, 86.2807
1975.000000, 101.696, 86.2132
2000.000000, 101.792, 86.1678
2030.000000, 101.899, 86.1106
2060.000000, 102.010, 86.0288
2090.000000, 102.119, 85.9685
2120.000000, 102.226, 85.9181
2140.000000, 102.301, 85.8372
2180.000000, 102.448, 85.4777
2200.000000, 102.508, 85.2231
2240.000000, 102.585, 84.6544
2270.000000, 102.617, 84.2038
2300.000000, 102.630, 83.7778
2330.000000, 102.624, 83.4122
2360.000000, 102.599, 83.0993
2400.000000, 102.538, 82.8006
2430.000000, 102.478, 82.6551
2470.000000, 102.382, 82.6006
2500.000000, 102.301, 82.6780
2540.000000, 102.191, 82.9406
2580.000000, 102.086, 83.3811
2620.000000, 101.987, 83.9571
2650.000000, 101.916, 84.4308
2690.000000, 101.823, 85.0800
2720.000000, 101.749, 85.5899
2760.000000, 101.640, 86.3407
2800.000000, 101.516, 87.2466
2850.000000, 101.363, 88.6008
2900.000000, 101.224, 90.2662
2950.000000, 101.113, 92.2041
3000.000000, 101.060, 94.1954
3040.000000, 101.051, 95.6892
3070.000000, 101.052, 96.7330
3110.000000, 101.054, 98.0496
3150.000000, 101.052, 99.3122
3200.000000, 101.044, 100.9008
3250.000000, 101.032, 102.5400
3300.000000, 101.027, 104.2467
3350.000000, 101.033, 106.0023
3400.000000, 101.047, 107.8294
3450.000000, 101.085, 109.6945
3500.000000, 101.151, 111.5815
3550.000000, 101.240, 113.4566
3600.000000, 101.348, 115.2766
3650.000000, 101.474, 117.0217
3700.000000, 101.618, 118.6768
3750.000000, 101.777, 120.2596
3820.000000, 102.024, 122.3127
3870.000000, 102.215, 123.6476
3950.000000, 102.552, 125.4574
4000.000000, 102.779, 126.3607
4060.000000, 103.060, 127.1821
4120.000000, 103.351, 127.6587
4180.000000, 103.640, 127.7535
4250.000000, 103.953, 127.3698
4310.000000, 104.186, 126.6314
4370.000000, 104.382, 125.5088
4440.000000, 104.534, 123.6905
4500.000000, 104.573, 121.8169
4550.000000, 104.538, 120.1264
4620.000000, 104.390, 117.6945
4680.000000, 104.169, 115.7118
4750.000000, 103.804, 113.6918
4820.000000, 103.342, 112.1340
4870.000000, 102.968, 111.3531
4940.000000, 102.397, 110.7757
5000.000000, 101.877, 110.7673
5080.000000, 101.168, 111.4215
5150.000000, 100.549, 112.5781
5220.000000, 99.944, 114.2053
5300.000000, 99.278, 116.5752
5380.000000, 98.640, 119.4064
5450.000000, 98.114, 122.1904
5520.000000, 97.621, 125.2243
5600.000000, 97.096, 128.9479
5700.000000, 96.503, 133.9196
5800.000000, 95.976, 139.1991
5900.000000, 95.510, 144.7419
6000.000000, 95.102, 150.5666
6080.000000, 94.838, 155.4047
6150.000000, 94.660, 159.6999
6220.000000, 94.525, 163.9313
6300.000000, 94.404, 168.6072
6400.000000, 94.282, 174.3586
6500.000000, 94.193, -179.8336
6600.000000, 94.155, -173.9697
6700.000000, 94.184, -168.1230
6800.000000, 94.292, -162.3584
6900.000000, 94.487, -156.7150
7000.000000, 94.775, -151.2467
7100.000000, 95.151, -146.0411
7200.000000, 95.609, -141.1783
7300.000000, 96.151, -136.7879
7400.000000, 96.781, -133.0531
7500.000000, 97.498, -130.1927
7620.000000, 98.458, -128.3144
7750.000000, 99.523, -128.7879
7880.000000, 100.346, -132.2575
8000.000000, 100.704, -137.7339
8120.000000, 100.545, -144.1462
8250.000000, 99.787, -150.2336
8380.000000, 98.590, -153.8956
8500.000000, 97.303, -154.6826
8620.000000, 95.985, -153.2206
8750.000000, 94.610, -149.6664
8850.000000, 93.628, -145.9029
9000.000000, 92.299, -139.0574
9120.000000, 91.352, -132.8312
9250.000000, 90.442, -125.5530
9380.000000, 89.648, -117.8906
9500.000000, 89.003, -110.5564
9620.000000, 88.437, -103.0362
9750.000000, 87.919, -94.7424
9880.000000, 87.497, -86.3434
10000.000000, 87.178, -78.5258
10150.000000, 86.871, -68.7256
10300.000000, 86.669, -58.9526
10440.000000, 86.573, -49.9052
10600.000000, 86.561, -39.6806
10750.000000, 86.654, -30.2702
10900.000000, 86.856, -21.1326
11060.000000, 87.194, -11.8000
11200.000000, 87.592, -4.1021
11380.000000, 88.244, 4.8959
11500.000000, 88.766, 10.1382
11720.000000, 89.851, 17.5793
11800.000000, 90.259, 19.4167
12060.000000, 91.420, 21.6355
12200.000000, 91.777, 20.6661
12410.000000, 91.729, 17.8258
12500.000000, 91.477, 16.7158
12650.000000, 90.796, 15.7970
12800.000000, 89.886, 16.5515
13150.000000, 87.501, 25.2421
13200.000000, 87.173, 27.1494
13400.000000, 85.963, 35.9737
13600.000000, 84.945, 46.2112
13800.000000, 84.127, 57.3610
14000.000000, 83.493, 69.1245
14300.000000, 82.867, 87.6541
14500.000000, 82.676, 100.4806
14750.000000, 82.729, 116.9512
15000.000000, 83.206, 133.5321
15250.000000, 84.232, 149.3177
15500.000000, 85.941, 162.7072
15750.000000, 88.217, 170.7171
16000.000000, 90.442, 170.8368
16250.000000, 91.817, 163.9669
16500.000000, 91.894, 154.7568
16750.000000, 90.878, 148.4977
17000.000000, 89.387, 147.4713
17250.000000, 87.957, 150.6682
17500.000000, 86.816, 155.8481
17750.000000, 85.928, 161.1118
18000.000000, 85.103, 165.4371
18250.000000, 84.127, 168.8546
18500.000000, 82.908, 172.4444
18750.000000, 81.551, 177.7684
19000.000000, 80.237, -173.9966
19250.000000, 79.016, -162.6049
19500.000000, 77.829, -148.7656
19750.000000, 76.710, -133.5746
20000.000000, 75.732, -117.8276
20300.000000, 74.904, -99.1622
20600.000000, 74.600, -82.1707
20900.000000, 74.640, -68.4205
21200.000000, 74.735, -58.5518
21400.000000, 74.701, -53.9276
21800.000000, 74.198, -47.9182
22000.000000, 73.680, -45.7874
22400.000000, 72.024, -41.4601
22700.000000, 70.246, -36.3120
23000.000000, 68.014, -27.9005
23300.000000, 64.995, -9.8545
23600.000000, 60.823, 25.3137
24000.000000, 56.139, 21.0099
