* Measurement data measured by REW V5.31.3
* Source: E2x2, MICROPHONE (Analogue 1), 1, volume: 1.000. Timing signal peak level -34.2 dBFS, measurement signal peak level -34.1 dBFS
* Format: 512k Log Swept Sine, 1 sweep at -42.4 dBFS using an acoustic timing reference
* Dated: Apr 9, 2025 5:54:34 PM
* REW Settings:
*  C-weighting compensation: Off
*  Target level: 75.0 dB
* Note: ; Delay -0.1024 ms (-35 mm, -1.38 in) using estimated IR delay relative to Acoustic reference played from SPEAKER R with no timing offset Clock adjustment: -26.1 ppm
* Measurement: R
* Smoothing: 1/24 octave
* Frequency Step: 1/48 octave
* Start Frequency: 1.000 Hz
*
* Freq(Hz), SPL(dB), Phase(degrees)
1.000000, 43.683, 157.3923
1.015000, 44.251, 156.9535
1.030000, 44.800, 156.5424
1.044000, 45.289, 156.1774
1.060000, 45.815, 155.7770
1.075000, 46.271, 155.4151
1.090000, 46.688, 155.0699
1.106000, 47.094, 154.7543
1.120000, 47.433, 154.5756
1.138000, 47.858, 154.4972
1.150000, 48.136, 154.5273
1.172000, 48.635, 154.6294
1.180000, 48.813, 154.6100
1.206000, 49.380, 154.6564
1.220000, 49.678, 154.7322
1.241000, 50.117, 154.8934
1.250000, 50.301, 154.9759
1.265000, 50.605, 155.1261
1.280000, 50.904, 155.2880
1.315000, 51.583, 155.6886
1.320000, 51.678, 155.7466
1.340000, 52.053, 155.9765
1.360000, 52.422, 156.2036
1.380000, 52.784, 156.2914
1.400000, 53.139, 156.3163
1.430000, 53.662, 156.3232
1.450000, 54.004, 156.3073
1.475000, 54.423, 156.2885
1.500000, 54.828, 156.3315
1.525000, 55.218, 156.4534
1.550000, 55.594, 156.6397
1.575000, 55.958, 156.8028
1.600000, 56.310, 156.8715
1.625000, 56.651, 156.9642
1.650000, 56.984, 157.0706
1.675000, 57.308, 157.1826
1.700000, 57.626, 157.2929
1.725000, 57.939, 157.3959
1.750000, 58.247, 157.4871
1.775000, 58.552, 157.5092
1.800000, 58.856, 157.4088
1.825000, 59.158, 157.2942
1.850000, 59.457, 157.1791
1.875000, 59.752, 157.0870
1.900000, 60.040, 157.0230
1.925000, 60.323, 156.9842
1.950000, 60.600, 156.9676
1.975000, 60.873, 156.9180
2.000000, 61.140, 156.7828
2.030000, 61.455, 156.6373
2.060000, 61.765, 156.4989
2.090000, 62.069, 156.3620
2.120000, 62.368, 156.2216
2.140000, 62.564, 156.1237
2.180000, 62.953, 155.8621
2.200000, 63.144, 155.6765
2.240000, 63.521, 155.3127
2.270000, 63.796, 155.0565
2.300000, 64.066, 154.8162
2.330000, 64.330, 154.5909
2.360000, 64.590, 154.3782
2.400000, 64.928, 153.9933
2.430000, 65.177, 153.6989
2.470000, 65.503, 153.3167
2.500000, 65.743, 153.0349
2.540000, 66.057, 152.6621
2.580000, 66.365, 152.2500
2.620000, 66.666, 151.7610
2.650000, 66.887, 151.4033
2.690000, 67.175, 150.9392
2.720000, 67.387, 150.6022
2.760000, 67.662, 150.1722
2.800000, 67.932, 149.6715
2.850000, 68.261, 149.0568
2.900000, 68.581, 148.4674
2.950000, 68.893, 147.8964
3.000000, 69.196, 147.2641
3.040000, 69.430, 146.7408
3.070000, 69.602, 146.3562
3.110000, 69.827, 145.8566
3.150000, 70.046, 145.3745
3.200000, 70.314, 144.7422
3.250000, 70.575, 144.1153
3.300000, 70.830, 143.5191
3.350000, 71.078, 142.9439
3.400000, 71.319, 142.3233
3.450000, 71.552, 141.6958
3.500000, 71.778, 141.0917
3.550000, 71.999, 140.5175
3.600000, 72.215, 139.9300
3.650000, 72.427, 139.3568
3.700000, 72.633, 138.8113
3.750000, 72.835, 138.2836
3.820000, 73.107, 137.5122
3.870000, 73.296, 136.9727
3.950000, 73.592, 136.1624
4.000000, 73.772, 135.6584
4.060000, 73.985, 135.0710
4.120000, 74.194, 134.5136
4.180000, 74.397, 133.9710
4.250000, 74.628, 133.3194
4.310000, 74.824, 132.7913
4.370000, 75.016, 132.2858
4.440000, 75.238, 131.6860
4.500000, 75.425, 131.1965
4.550000, 75.578, 130.8051
4.620000, 75.790, 130.2413
4.680000, 75.969, 129.7669
4.750000, 76.177, 129.2332
4.820000, 76.382, 128.6871
4.870000, 76.527, 128.3033
4.940000, 76.728, 127.7826
5.000000, 76.898, 127.3284
5.080000, 77.121, 126.7180
5.150000, 77.314, 126.1932
5.220000, 77.505, 125.6527
5.300000, 77.720, 125.0377
5.380000, 77.931, 124.4291
5.450000, 78.112, 123.8783
5.520000, 78.291, 123.3337
5.600000, 78.491, 122.7033
5.700000, 78.736, 121.9019
5.800000, 78.975, 121.1048
5.900000, 79.207, 120.2986
6.000000, 79.432, 119.4928
6.080000, 79.607, 118.8395
6.150000, 79.757, 118.2797
6.220000, 79.904, 117.7137
6.300000, 80.067, 117.0739
6.400000, 80.266, 116.2794
6.500000, 80.459, 115.4861
6.600000, 80.647, 114.7105
6.700000, 80.830, 113.9405
6.800000, 81.007, 113.1837
6.900000, 81.179, 112.4334
7.000000, 81.348, 111.7012
7.100000, 81.513, 110.9762
7.200000, 81.674, 110.2654
7.300000, 81.831, 109.5611
7.400000, 81.986, 108.8708
7.500000, 82.137, 108.1851
7.620000, 82.315, 107.3762
7.750000, 82.504, 106.5137
7.880000, 82.687, 105.6558
8.000000, 82.853, 104.8777
8.120000, 83.014, 104.1054
8.250000, 83.185, 103.2762
8.380000, 83.352, 102.4589
8.500000, 83.501, 101.7102
8.620000, 83.647, 100.9701
8.750000, 83.801, 100.1783
8.850000, 83.917, 99.5752
9.000000, 84.086, 98.6858
9.120000, 84.217, 97.9837
9.250000, 84.356, 97.2344
9.380000, 84.493, 96.4989
9.500000, 84.615, 95.8270
9.620000, 84.736, 95.1672
9.750000, 84.863, 94.4629
9.880000, 84.980, 93.7673
10.000000, 85.076, 93.1383
10.150000, 85.183, 92.3394
10.300000, 85.280, 91.5599
10.440000, 85.364, 90.8489
10.600000, 85.456, 90.0547
10.750000, 85.543, 89.3265
10.900000, 85.629, 88.6129
11.060000, 85.719, 87.8497
11.200000, 85.796, 87.1692
11.380000, 85.891, 86.3097
11.500000, 85.952, 85.7458
11.720000, 86.062, 84.7314
11.800000, 86.102, 84.3687
12.060000, 86.230, 83.2009
12.200000, 86.298, 82.5653
12.410000, 86.398, 81.6349
12.500000, 86.439, 81.2458
12.650000, 86.506, 80.6097
12.800000, 86.570, 79.9904
13.150000, 86.713, 78.5873
13.200000, 86.734, 78.3895
13.400000, 86.814, 77.6161
13.600000, 86.895, 76.8688
13.800000, 86.976, 76.1442
14.000000, 87.056, 75.4355
14.300000, 87.174, 74.3636
14.500000, 87.251, 73.6603
14.750000, 87.344, 72.7929
15.000000, 87.436, 71.9371
15.250000, 87.528, 71.0705
15.500000, 87.617, 70.2215
15.750000, 87.702, 69.3951
16.000000, 87.782, 68.5943
16.250000, 87.860, 67.7999
16.500000, 87.934, 67.0331
16.750000, 88.007, 66.2932
17.000000, 88.080, 65.5757
17.250000, 88.153, 64.8631
17.500000, 88.225, 64.1655
17.750000, 88.296, 63.4809
18.000000, 88.366, 62.8052
18.250000, 88.433, 62.1251
18.500000, 88.498, 61.4525
18.750000, 88.561, 60.7911
19.000000, 88.621, 60.1432
19.250000, 88.680, 59.4995
19.500000, 88.736, 58.8758
19.750000, 88.791, 58.2740
20.000000, 88.844, 57.6934
20.299999, 88.907, 57.0070
20.600000, 88.970, 56.3403
20.900000, 89.032, 55.6859
21.200001, 89.092, 55.0308
21.400000, 89.130, 54.5953
21.799999, 89.202, 53.7392
22.000000, 89.236, 53.3217
22.400000, 89.299, 52.5042
22.700001, 89.345, 51.9177
23.000000, 89.391, 51.3492
23.299999, 89.437, 50.7846
23.600000, 89.483, 50.2231
24.000000, 89.542, 49.4759
24.299999, 89.583, 48.9146
24.700001, 89.633, 48.1900
25.000000, 89.667, 47.6746
25.400000, 89.712, 47.0195
25.799999, 89.759, 46.3992
26.200001, 89.808, 45.7875
26.500000, 89.844, 45.3246
26.900000, 89.891, 44.7068
27.200001, 89.925, 44.2454
27.600000, 89.966, 43.6458
28.000000, 90.005, 43.0718
28.500000, 90.054, 42.3752
29.000000, 90.102, 41.6915
29.500000, 90.146, 41.0118
30.000000, 90.185, 40.3564
30.400000, 90.213, 39.8534
30.700001, 90.234, 39.4903
31.100000, 90.262, 39.0176
31.500000, 90.289, 38.5474
32.000000, 90.323, 37.9640
32.500000, 90.353, 37.3877
33.000000, 90.380, 36.8361
33.500000, 90.407, 36.3079
34.000000, 90.437, 35.7947
34.500000, 90.469, 35.2786
35.000000, 90.499, 34.7608
35.500000, 90.526, 34.2508
36.000000, 90.551, 33.7641
36.500000, 90.576, 33.2964
37.000000, 90.601, 32.8393
37.500000, 90.625, 32.3838
38.200001, 90.656, 31.7631
38.700001, 90.675, 31.3367
39.500000, 90.706, 30.6739
40.000000, 90.725, 30.2696
40.599998, 90.745, 29.7981
41.200001, 90.765, 29.3451
41.799999, 90.786, 28.8995
42.500000, 90.809, 28.3848
43.099998, 90.830, 27.9554
43.700001, 90.850, 27.5360
44.400002, 90.873, 27.0565
45.000000, 90.892, 26.6571
45.500000, 90.907, 26.3329
46.200001, 90.928, 25.8882
46.799999, 90.945, 25.5113
47.500000, 90.963, 25.0840
48.200001, 90.981, 24.6759
48.700001, 90.994, 24.3921
49.400002, 91.012, 24.0001
50.000000, 91.027, 23.6680
50.799999, 91.046, 23.2286
51.500000, 91.061, 22.8514
52.200001, 91.074, 22.4897
53.000000, 91.091, 22.0909
53.799999, 91.106, 21.6937
54.500000, 91.118, 21.3522
55.200001, 91.129, 21.0222
56.000000, 91.141, 20.6499
57.000000, 91.152, 20.1959
58.000000, 91.163, 19.7821
59.000000, 91.177, 19.3806
60.000000, 91.191, 18.9630
60.799999, 91.200, 18.6345
61.500000, 91.207, 18.3616
62.200001, 91.216, 18.0972
63.000000, 91.226, 17.7957
64.000000, 91.238, 17.4236
65.000000, 91.248, 17.0770
66.000000, 91.261, 16.7389
67.000000, 91.272, 16.3912
68.000000, 91.278, 16.0535
69.000000, 91.283, 15.7441
70.000000, 91.289, 15.4438
71.000000, 91.296, 15.1332
72.000000, 91.300, 14.8260
73.000000, 91.303, 14.5397
74.000000, 91.306, 14.2746
75.000000, 91.312, 14.0177
76.199997, 91.321, 13.6941
77.500000, 91.327, 13.3452
78.800003, 91.331, 13.0046
80.000000, 91.333, 12.7030
81.199997, 91.336, 12.4166
82.500000, 91.340, 12.1085
83.800003, 91.344, 11.8090
85.000000, 91.348, 11.5364
86.199997, 91.352, 11.2679
87.500000, 91.357, 10.9861
88.500000, 91.360, 10.7756
90.000000, 91.365, 10.4685
91.199997, 91.369, 10.2294
92.500000, 91.372, 9.9794
93.800003, 91.375, 9.7377
95.000000, 91.378, 9.5208
96.199997, 91.379, 9.3088
97.500000, 91.380, 9.0825
98.800003, 91.380, 8.8567
100.000000, 91.381, 8.6487
101.500000, 91.381, 8.3940
103.000000, 91.381, 8.1496
104.400002, 91.381, 7.9269
106.000000, 91.381, 7.6794
107.500000, 91.379, 7.4548
109.000000, 91.377, 7.2372
110.599998, 91.374, 7.0084
112.000000, 91.371, 6.8140
113.800003, 91.367, 6.5653
115.000000, 91.365, 6.4033
117.199997, 91.360, 6.1149
118.000000, 91.358, 6.0118
120.599998, 91.354, 5.6885
122.000000, 91.355, 5.5185
124.099998, 91.355, 5.2694
125.000000, 91.355, 5.1638
126.500000, 91.355, 4.9894
128.000000, 91.354, 4.8185
131.500000, 91.353, 4.4329
132.000000, 91.352, 4.3798
134.000000, 91.352, 4.1734
136.000000, 91.353, 3.9734
138.000000, 91.355, 3.7712
140.000000, 91.357, 3.5716
143.000000, 91.360, 3.2869
145.000000, 91.362, 3.1066
147.500000, 91.364, 2.8911
150.000000, 91.366, 2.6782
152.500000, 91.365, 2.4617
155.000000, 91.362, 2.2516
157.500000, 91.358, 2.0530
160.000000, 91.354, 1.8640
162.500000, 91.351, 1.6780
165.000000, 91.348, 1.4946
167.500000, 91.343, 1.3149
170.000000, 91.337, 1.1404
172.500000, 91.330, 0.9666
175.000000, 91.321, 0.7961
177.500000, 91.313, 0.6322
180.000000, 91.304, 0.4736
182.500000, 91.294, 0.3234
185.000000, 91.284, 0.1805
187.500000, 91.274, 0.0391
190.000000, 91.264, -0.1042
192.500000, 91.255, -0.2437
195.000000, 91.247, -0.3766
197.500000, 91.240, -0.5070
200.000000, 91.233, -0.6366
203.000000, 91.224, -0.7894
206.000000, 91.214, -0.9357
209.000000, 91.205, -1.0757
212.000000, 91.195, -1.2139
214.000000, 91.189, -1.3070
218.000000, 91.176, -1.4847
220.000000, 91.169, -1.5701
224.000000, 91.155, -1.7336
227.000000, 91.145, -1.8526
230.000000, 91.135, -1.9669
233.000000, 91.126, -2.0817
236.000000, 91.115, -2.1976
240.000000, 91.101, -2.3409
243.000000, 91.090, -2.4438
247.000000, 91.077, -2.5764
250.000000, 91.068, -2.6722
254.000000, 91.054, -2.7955
258.000000, 91.039, -2.9147
262.000000, 91.025, -3.0270
265.000000, 91.014, -3.1099
269.000000, 91.000, -3.2199
272.000000, 90.991, -3.2979
276.000000, 90.980, -3.3983
280.000000, 90.968, -3.4945
285.000000, 90.953, -3.6054
290.000000, 90.937, -3.7122
295.000000, 90.923, -3.8225
300.000000, 90.910, -3.9124
304.000000, 90.899, -3.9862
307.000000, 90.891, -4.0380
311.000000, 90.881, -4.0973
315.000000, 90.870, -4.1560
320.000000, 90.856, -4.2319
325.000000, 90.841, -4.2971
330.000000, 90.827, -4.3611
335.000000, 90.814, -4.4215
340.000000, 90.799, -4.4709
345.000000, 90.782, -4.5049
350.000000, 90.762, -4.5381
355.000000, 90.744, -4.5887
360.000000, 90.729, -4.6240
365.000000, 90.712, -4.6465
370.000000, 90.696, -4.6682
375.000000, 90.679, -4.6885
382.000000, 90.656, -4.7082
387.000000, 90.638, -4.7143
395.000000, 90.610, -4.7175
400.000000, 90.592, -4.7155
406.000000, 90.572, -4.7141
412.000000, 90.551, -4.7124
418.000000, 90.530, -4.7012
425.000000, 90.507, -4.6880
431.000000, 90.487, -4.6730
437.000000, 90.466, -4.6503
444.000000, 90.442, -4.6180
450.000000, 90.421, -4.5854
455.000000, 90.403, -4.5536
462.000000, 90.379, -4.5052
468.000000, 90.359, -4.4551
475.000000, 90.336, -4.3864
482.000000, 90.314, -4.3156
487.000000, 90.300, -4.2601
494.000000, 90.283, -4.1758
500.000000, 90.268, -4.1031
508.000000, 90.247, -4.0005
515.000000, 90.228, -3.9014
522.000000, 90.211, -3.7997
530.000000, 90.191, -3.6742
538.000000, 90.173, -3.5329
545.000000, 90.158, -3.3987
552.000000, 90.144, -3.2557
560.000000, 90.129, -3.0916
570.000000, 90.112, -2.8762
580.000000, 90.098, -2.6456
590.000000, 90.085, -2.4095
600.000000, 90.072, -2.1603
608.000000, 90.062, -1.9562
615.000000, 90.051, -1.7771
622.000000, 90.041, -1.5918
630.000000, 90.031, -1.3735
640.000000, 90.019, -1.0930
650.000000, 90.009, -0.8030
660.000000, 90.002, -0.4998
670.000000, 89.997, -0.1901
680.000000, 89.995, 0.1284
690.000000, 89.996, 0.4559
700.000000, 90.000, 0.7831
710.000000, 90.006, 1.1101
720.000000, 90.013, 1.4399
730.000000, 90.023, 1.7771
740.000000, 90.035, 2.1202
750.000000, 90.049, 2.4678
762.000000, 90.069, 2.8865
775.000000, 90.094, 3.3367
788.000000, 90.122, 3.7810
800.000000, 90.150, 4.1906
812.000000, 90.182, 4.6001
825.000000, 90.222, 5.0299
838.000000, 90.265, 5.4511
850.000000, 90.308, 5.8335
862.000000, 90.353, 6.2057
875.000000, 90.403, 6.5909
885.000000, 90.443, 6.8810
900.000000, 90.507, 7.3022
912.000000, 90.562, 7.6206
925.000000, 90.623, 7.9500
938.000000, 90.686, 8.2635
950.000000, 90.745, 8.5378
962.000000, 90.806, 8.7960
975.000000, 90.872, 9.0554
988.000000, 90.938, 9.2955
1000.000000, 91.000, 9.5031
1015.000000, 91.080, 9.7399
1030.000000, 91.160, 9.9488
1044.000000, 91.235, 10.1243
1060.000000, 91.321, 10.3008
1075.000000, 91.403, 10.4451
1090.000000, 91.490, 10.5677
1106.000000, 91.592, 10.6797
1120.000000, 91.684, 10.7623
1138.000000, 91.802, 10.8506
1150.000000, 91.880, 10.8979
1172.000000, 92.022, 10.9613
1180.000000, 92.073, 10.9779
1206.000000, 92.242, 11.0018
1220.000000, 92.336, 11.0051
1241.000000, 92.479, 10.9961
1250.000000, 92.540, 10.9869
1265.000000, 92.642, 10.9643
1280.000000, 92.744, 10.9306
1315.000000, 92.980, 10.8271
1320.000000, 93.013, 10.8082
1340.000000, 93.139, 10.7208
1360.000000, 93.245, 10.6156
1380.000000, 93.350, 10.4920
1400.000000, 93.469, 10.3484
1430.000000, 93.651, 10.0972
1450.000000, 93.768, 9.9064
1475.000000, 93.908, 9.6548
1500.000000, 94.036, 9.4219
1525.000000, 94.153, 9.2834
1550.000000, 94.272, 9.3066
1575.000000, 94.418, 9.4399
1600.000000, 94.599, 9.4854
1625.000000, 94.798, 9.3191
1650.000000, 94.992, 8.9668
1675.000000, 95.175, 8.4961
1700.000000, 95.347, 7.9639
1725.000000, 95.509, 7.3927
1750.000000, 95.664, 6.7894
1775.000000, 95.812, 6.1600
1800.000000, 95.955, 5.5077
1825.000000, 96.093, 4.8322
1850.000000, 96.226, 4.1404
1875.000000, 96.355, 3.4309
1900.000000, 96.479, 2.6981
1925.000000, 96.599, 1.9474
1950.000000, 96.715, 1.1761
1975.000000, 96.828, 0.3851
2000.000000, 96.937, -0.4315
2030.000000, 97.064, -1.4481
2060.000000, 97.184, -2.5106
2090.000000, 97.296, -3.6207
2120.000000, 97.399, -4.7830
2140.000000, 97.463, -5.5846
2180.000000, 97.573, -7.2460
2200.000000, 97.616, -8.1014
2240.000000, 97.676, -9.8439
2270.000000, 97.700, -11.1567
2300.000000, 97.703, -12.4502
2330.000000, 97.688, -13.7034
2360.000000, 97.654, -14.8987
2400.000000, 97.582, -16.3724
2430.000000, 97.513, -17.3726
2470.000000, 97.401, -18.5470
2500.000000, 97.307, -19.3024
2540.000000, 97.170, -20.1361
2580.000000, 97.027, -20.7733
2620.000000, 96.884, -21.2285
2650.000000, 96.779, -21.4548
2690.000000, 96.642, -21.6219
2720.000000, 96.541, -21.6522
2760.000000, 96.412, -21.5757
2800.000000, 96.292, -21.3755
2850.000000, 96.157, -20.9725
2900.000000, 96.039, -20.4332
2950.000000, 95.942, -19.7806
3000.000000, 95.864, -19.0312
3040.000000, 95.817, -18.3788
3070.000000, 95.791, -17.8655
3110.000000, 95.767, -17.1505
3150.000000, 95.756, -16.4075
3200.000000, 95.760, -15.4554
3250.000000, 95.782, -14.4832
3300.000000, 95.825, -13.4954
3350.000000, 95.888, -12.5124
3400.000000, 95.970, -11.5496
3450.000000, 96.075, -10.6142
3500.000000, 96.205, -9.7109
3550.000000, 96.353, -8.8582
3600.000000, 96.518, -8.0662
3650.000000, 96.699, -7.3490
3700.000000, 96.896, -6.7225
3750.000000, 97.108, -6.2034
3820.000000, 97.423, -5.7000
3870.000000, 97.655, -5.5230
3950.000000, 98.029, -5.5917
4000.000000, 98.258, -5.8684
4060.000000, 98.519, -6.4304
4120.000000, 98.753, -7.2110
4180.000000, 98.955, -8.1558
4250.000000, 99.140, -9.3610
4310.000000, 99.254, -10.3918
4370.000000, 99.328, -11.3501
4440.000000, 99.379, -12.3135
4500.000000, 99.406, -12.9832
4550.000000, 99.424, -13.4370
4620.000000, 99.450, -13.9332
4680.000000, 99.478, -14.2526
4750.000000, 99.522, -14.5435
4820.000000, 99.581, -14.7953
4870.000000, 99.631, -14.9706
4940.000000, 99.712, -15.2375
5000.000000, 99.792, -15.5066
5080.000000, 99.910, -15.9545
5150.000000, 100.020, -16.4501
5220.000000, 100.134, -17.0547
5300.000000, 100.265, -17.8929
5380.000000, 100.392, -18.8896
5450.000000, 100.498, -19.8830
5520.000000, 100.596, -20.9853
5600.000000, 100.696, -22.3569
5700.000000, 100.802, -24.2061
5800.000000, 100.889, -26.1891
5900.000000, 100.966, -28.3048
6000.000000, 101.042, -30.5948
6080.000000, 101.108, -32.6278
6150.000000, 101.172, -34.6337
6220.000000, 101.236, -36.9246
6300.000000, 101.302, -39.9818
6400.000000, 101.343, -44.6594
6500.000000, 101.271, -50.4476
6600.000000, 100.993, -57.2567
6700.000000, 100.414, -64.6132
6800.000000, 99.486, -71.6954
6900.000000, 98.241, -77.5931
7000.000000, 96.763, -81.6229
7100.000000, 95.143, -83.4481
7200.000000, 93.467, -83.0242
7300.000000, 91.807, -80.3562
7400.000000, 90.244, -75.3752
7500.000000, 88.895, -68.4811
7620.000000, 87.613, -58.6626
7750.000000, 86.678, -45.9816
7880.000000, 86.366, -31.7117
8000.000000, 86.814, -19.5844
8120.000000, 87.856, -11.6008
8250.000000, 89.137, -9.7034
8380.000000, 89.930, -13.8951
8500.000000, 89.886, -19.9955
8620.000000, 89.142, -24.8885
8750.000000, 87.876, -26.8019
8850.000000, 86.810, -25.8088
9000.000000, 85.312, -21.3496
9120.000000, 84.279, -16.0948
9250.000000, 83.344, -9.3754
9380.000000, 82.598, -2.0136
9500.000000, 82.070, 5.0734
9620.000000, 81.687, 12.2623
9750.000000, 81.441, 19.9977
9880.000000, 81.373, 27.4264
10000.000000, 81.455, 33.6651
10150.000000, 81.691, 39.9718
10300.000000, 81.890, 43.9952
10440.000000, 81.759, 46.5710
10600.000000, 81.265, 52.6876
10750.000000, 81.240, 62.6237
10900.000000, 81.924, 71.0747
11060.000000, 82.955, 75.5405
11200.000000, 83.776, 75.9462
11380.000000, 84.433, 72.9792
11500.000000, 84.517, 69.8638
11720.000000, 83.915, 64.7214
11800.000000, 83.504, 63.6751
12060.000000, 81.844, 64.6511
12200.000000, 80.934, 67.8039
12410.000000, 79.741, 75.1288
12500.000000, 79.325, 78.9729
12650.000000, 78.787, 86.0304
12800.000000, 78.468, 93.6333
13150.000000, 78.746, 111.5664
13200.000000, 78.922, 113.8973
13400.000000, 80.016, 121.6063
13600.000000, 81.700, 124.4646
13800.000000, 83.530, 118.9962
14000.000000, 84.501, 104.6803
14300.000000, 82.807, 80.4376
14500.000000, 80.160, 72.7498
14750.000000, 76.738, 74.3419
15000.000000, 74.157, 82.8718
15250.000000, 72.638, 92.8727
15500.000000, 72.148, 99.9594
15750.000000, 72.303, 99.0924
16000.000000, 71.941, 87.9760
16250.000000, 69.838, 72.4915
16500.000000, 65.877, 62.3551
16750.000000, 60.793, 63.1870
17000.000000, 55.499, 75.3766
17250.000000, 50.681, 92.9591
17500.000000, 46.173, 111.7041
17750.000000, 41.508, 136.2450
18000.000000, 37.252, -173.3882
18250.000000, 35.999, -101.5134
18500.000000, 36.763, -68.8873
18750.000000, 37.545, -41.5095
19000.000000, 38.645, -11.9117
19250.000000, 40.595, 14.6559
19500.000000, 42.733, 28.4873
19750.000000, 43.890, 30.3837
20000.000000, 43.863, 28.1038
20300.000000, 42.626, 23.6941
20600.000000, 40.208, 18.9519
20900.000000, 36.688, 15.0524
21200.000000, 32.118, 10.3226
21400.000000, 28.586, 10.4914
21800.000000, 21.287, 43.0890
22000.000000, 17.955, -2.1177
22400.000000, 12.273, 38.4183
22700.000000, 8.941, 70.2178
23000.000000, 6.737, 93.6843
23300.000000, 6.025, 103.2977
23600.000000, 8.345, 133.8087
24000.000000, 12.260, -176.5613
