* Measurement data measured by REW V5.31.3
* Source: E2x2, MICROPHONE (Analogue 1), 1, volume: 1.000. Timing signal peak level -32.3 dBFS, measurement signal peak level -32.3 dBFS
* Format: 512k Log Swept Sine, 1 sweep at -42.4 dBFS using an acoustic timing reference
* Dated: Apr 9, 2025 5:57:45 PM
* REW Settings:
*  C-weighting compensation: Off
*  Target level: 75.0 dB
* Note: ; Delay -0.0681 ms (-23 mm, -0.92 in) using estimated IR delay relative to Acoustic reference played from SPEAKER L with no timing offset Clock adjustment: -26.2 ppm
* Measurement: L
* Smoothing: 1/24 octave
* Frequency Step: 1/48 octave
* Start Frequency: 1.000 Hz
*
* Freq(Hz), SPL(dB), Phase(degrees)
1.000000, 56.581, -119.1612
1.015000, 56.449, -119.7814
1.030000, 56.327, -120.3848
1.044000, 56.222, -120.9360
1.060000, 56.116, -121.5553
1.075000, 56.029, -122.1297
1.090000, 55.956, -122.7031
1.106000, 55.894, -123.3224
1.120000, 55.850, -123.8799
1.138000, 55.805, -124.6199
1.150000, 55.783, -125.1252
1.172000, 55.754, -126.1587
1.180000, 55.748, -126.6307
1.206000, 55.742, -128.1600
1.220000, 55.748, -128.9802
1.241000, 55.765, -130.1982
1.250000, 55.776, -130.7139
1.265000, 55.799, -131.5626
1.280000, 55.826, -132.3954
1.315000, 55.907, -134.2643
1.320000, 55.920, -134.5217
1.340000, 55.976, -135.5252
1.360000, 56.036, -136.4803
1.380000, 56.101, -137.5172
1.400000, 56.168, -138.5552
1.430000, 56.270, -140.0207
1.450000, 56.340, -140.9384
1.475000, 56.428, -142.0269
1.500000, 56.523, -143.0674
1.525000, 56.629, -144.0653
1.550000, 56.745, -145.0179
1.575000, 56.869, -145.9948
1.600000, 57.001, -147.0517
1.625000, 57.140, -148.0576
1.650000, 57.284, -149.0125
1.675000, 57.433, -149.9167
1.700000, 57.585, -150.7710
1.725000, 57.739, -151.5764
1.750000, 57.895, -152.3340
1.775000, 58.052, -153.0986
1.800000, 58.207, -153.9229
1.825000, 58.362, -154.7028
1.850000, 58.516, -155.4447
1.875000, 58.673, -156.1509
1.900000, 58.833, -156.8221
1.925000, 58.997, -157.4581
1.950000, 59.162, -158.0579
1.975000, 59.330, -158.6726
2.000000, 59.499, -159.3513
2.030000, 59.704, -160.1158
2.060000, 59.910, -160.8324
2.090000, 60.117, -161.5024
2.120000, 60.324, -162.1270
2.140000, 60.462, -162.5188
2.180000, 60.735, -163.2969
2.200000, 60.871, -163.7062
2.240000, 61.143, -164.4654
2.270000, 61.347, -164.9850
2.300000, 61.552, -165.4657
2.330000, 61.757, -165.9110
2.360000, 61.963, -166.3253
2.400000, 62.237, -166.9524
2.430000, 62.442, -167.4095
2.470000, 62.716, -167.9831
2.500000, 62.921, -168.3889
2.540000, 63.194, -168.8995
2.580000, 63.467, -169.4113
2.620000, 63.739, -169.9530
2.650000, 63.943, -170.3232
2.690000, 64.215, -170.7787
2.720000, 64.419, -171.0968
2.760000, 64.691, -171.4937
2.800000, 64.961, -171.9594
2.850000, 65.298, -172.5376
2.900000, 65.633, -173.1045
2.950000, 65.965, -173.6559
3.000000, 66.297, -174.2368
3.040000, 66.561, -174.6954
3.070000, 66.759, -175.0246
3.110000, 67.021, -175.4496
3.150000, 67.282, -175.8651
3.200000, 67.605, -176.4378
3.250000, 67.925, -177.0426
3.300000, 68.241, -177.6551
3.350000, 68.555, -178.2578
3.400000, 68.866, -178.8980
3.450000, 69.174, -179.5448
3.500000, 69.479, 179.8197
3.550000, 69.780, 179.1895
3.600000, 70.076, 178.5105
3.650000, 70.367, 177.8041
3.700000, 70.654, 177.0923
3.750000, 70.936, 176.3832
3.820000, 71.324, 175.3407
3.870000, 71.595, 174.5916
3.950000, 72.019, 173.4061
4.000000, 72.278, 172.6356
4.060000, 72.581, 171.6924
4.120000, 72.876, 170.7485
4.180000, 73.164, 169.7987
4.250000, 73.491, 168.6554
4.310000, 73.764, 167.6956
4.370000, 74.029, 166.7491
4.440000, 74.329, 165.6159
4.500000, 74.578, 164.6485
4.550000, 74.780, 163.8498
4.620000, 75.055, 162.7141
4.680000, 75.284, 161.7577
4.750000, 75.544, 160.6775
4.820000, 75.796, 159.5929
4.870000, 75.970, 158.8228
4.940000, 76.208, 157.7643
5.000000, 76.405, 156.8609
5.080000, 76.662, 155.6820
5.150000, 76.881, 154.6925
5.220000, 77.094, 153.7082
5.300000, 77.329, 152.6053
5.380000, 77.558, 151.5346
5.450000, 77.754, 150.6058
5.520000, 77.948, 149.7109
5.600000, 78.165, 148.7100
5.700000, 78.430, 147.4793
5.800000, 78.690, 146.2803
5.900000, 78.946, 145.0963
6.000000, 79.198, 143.9406
6.080000, 79.397, 143.0193
6.150000, 79.569, 142.2248
6.220000, 79.739, 141.4196
6.300000, 79.931, 140.5024
6.400000, 80.168, 139.3593
6.500000, 80.400, 138.2070
6.600000, 80.627, 137.0498
6.700000, 80.847, 135.8734
6.800000, 81.062, 134.6918
6.900000, 81.270, 133.5016
7.000000, 81.469, 132.3115
7.100000, 81.661, 131.1073
7.200000, 81.844, 129.9065
7.300000, 82.019, 128.7145
7.400000, 82.185, 127.5378
7.500000, 82.342, 126.3638
7.620000, 82.520, 124.9852
7.750000, 82.701, 123.5463
7.880000, 82.869, 122.1464
8.000000, 83.015, 120.9091
8.120000, 83.154, 119.7310
8.250000, 83.298, 118.5161
8.380000, 83.437, 117.3654
8.500000, 83.564, 116.3589
8.620000, 83.689, 115.4045
8.750000, 83.824, 114.4151
8.850000, 83.930, 113.6794
9.000000, 84.089, 112.6201
9.120000, 84.219, 111.7907
9.250000, 84.361, 110.9012
9.380000, 84.505, 110.0219
9.500000, 84.638, 109.2045
9.620000, 84.772, 108.3814
9.750000, 84.914, 107.4819
9.880000, 85.047, 106.5716
10.000000, 85.157, 105.7256
10.150000, 85.280, 104.6350
10.300000, 85.390, 103.5489
10.440000, 85.484, 102.5405
10.600000, 85.585, 101.4023
10.750000, 85.675, 100.3544
10.900000, 85.763, 99.3264
11.060000, 85.851, 98.2407
11.200000, 85.925, 97.2895
11.380000, 86.014, 96.0998
11.500000, 86.071, 95.3276
11.720000, 86.172, 93.9541
11.800000, 86.209, 93.4680
12.060000, 86.326, 91.9229
12.200000, 86.388, 91.0981
12.410000, 86.480, 89.9000
12.500000, 86.519, 89.4012
12.650000, 86.581, 88.5888
12.800000, 86.641, 87.7993
13.150000, 86.779, 86.0146
13.200000, 86.798, 85.7632
13.400000, 86.877, 84.7756
13.600000, 86.955, 83.8128
13.800000, 87.034, 82.8705
14.000000, 87.110, 81.9443
14.300000, 87.219, 80.5540
14.500000, 87.287, 79.6514
14.750000, 87.367, 78.5582
15.000000, 87.444, 77.5069
15.250000, 87.523, 76.4746
15.500000, 87.602, 75.4807
15.750000, 87.680, 74.5181
16.000000, 87.757, 73.5758
16.250000, 87.831, 72.6257
16.500000, 87.902, 71.6867
16.750000, 87.968, 70.7635
17.000000, 88.030, 69.8632
17.250000, 88.089, 68.9807
17.500000, 88.145, 68.1363
17.750000, 88.199, 67.3323
18.000000, 88.253, 66.5612
18.250000, 88.308, 65.8009
18.500000, 88.364, 65.0519
18.750000, 88.420, 64.3075
19.000000, 88.476, 63.5636
19.250000, 88.529, 62.8096
19.500000, 88.580, 62.0651
19.750000, 88.627, 61.3380
20.000000, 88.671, 60.6347
20.299999, 88.721, 59.8116
20.600000, 88.770, 59.0229
20.900000, 88.819, 58.2603
21.200001, 88.867, 57.5070
21.400000, 88.898, 57.0095
21.799999, 88.957, 56.0353
22.000000, 88.984, 55.5616
22.400000, 89.036, 54.6394
22.700001, 89.074, 53.9828
23.000000, 89.112, 53.3518
23.299999, 89.152, 52.7305
23.600000, 89.192, 52.1151
24.000000, 89.246, 51.2937
24.299999, 89.284, 50.6711
24.700001, 89.329, 49.8560
25.000000, 89.358, 49.2693
25.400000, 89.394, 48.5237
25.799999, 89.430, 47.8272
26.200001, 89.468, 47.1566
26.500000, 89.497, 46.6569
26.900000, 89.535, 45.9902
27.200001, 89.562, 45.4876
27.600000, 89.594, 44.8272
28.000000, 89.622, 44.1938
28.500000, 89.655, 43.4411
29.000000, 89.689, 42.7269
29.500000, 89.725, 42.0241
30.000000, 89.760, 41.3259
30.400000, 89.785, 40.7646
30.700001, 89.803, 40.3466
31.100000, 89.824, 39.7974
31.500000, 89.843, 39.2630
32.000000, 89.865, 38.6324
32.500000, 89.889, 38.0342
33.000000, 89.916, 37.4493
33.500000, 89.945, 36.8513
34.000000, 89.971, 36.2493
34.500000, 89.993, 35.6667
35.000000, 90.014, 35.1205
35.500000, 90.037, 34.5942
36.000000, 90.059, 34.0720
36.500000, 90.077, 33.5557
37.000000, 90.092, 33.0689
37.500000, 90.106, 32.6170
38.200001, 90.131, 32.0086
38.700001, 90.150, 31.5618
39.500000, 90.172, 30.8438
40.000000, 90.184, 30.4164
40.599998, 90.199, 29.9207
41.200001, 90.213, 29.4354
41.799999, 90.228, 28.9618
42.500000, 90.246, 28.4255
43.099998, 90.264, 27.9674
43.700001, 90.282, 27.5041
44.400002, 90.300, 26.9744
45.000000, 90.312, 26.5431
45.500000, 90.322, 26.1997
46.200001, 90.335, 25.7448
46.799999, 90.348, 25.3765
47.500000, 90.366, 24.9564
48.200001, 90.385, 24.5256
48.700001, 90.397, 24.2123
49.400002, 90.410, 23.7845
50.000000, 90.420, 23.4389
50.799999, 90.435, 22.9952
51.500000, 90.448, 22.6078
52.200001, 90.460, 22.2246
53.000000, 90.473, 21.8038
53.799999, 90.485, 21.3961
54.500000, 90.495, 21.0372
55.200001, 90.503, 20.6766
56.000000, 90.509, 20.2833
57.000000, 90.517, 19.8318
58.000000, 90.529, 19.3828
59.000000, 90.537, 18.9312
60.000000, 90.545, 18.5056
60.799999, 90.553, 18.1777
61.500000, 90.560, 17.8987
62.200001, 90.567, 17.6282
63.000000, 90.577, 17.3182
64.000000, 90.588, 16.9200
65.000000, 90.594, 16.5400
66.000000, 90.601, 16.1765
67.000000, 90.607, 15.8154
68.000000, 90.611, 15.4704
69.000000, 90.614, 15.1442
70.000000, 90.619, 14.8242
71.000000, 90.624, 14.5063
72.000000, 90.629, 14.1935
73.000000, 90.633, 13.8884
74.000000, 90.636, 13.5831
75.000000, 90.638, 13.2775
76.199997, 90.639, 12.9315
77.500000, 90.642, 12.5725
78.800003, 90.644, 12.2094
80.000000, 90.645, 11.8928
81.199997, 90.648, 11.5928
82.500000, 90.652, 11.2729
83.800003, 90.655, 10.9623
85.000000, 90.659, 10.6741
86.199997, 90.661, 10.3865
87.500000, 90.662, 10.0820
88.500000, 90.663, 9.8605
90.000000, 90.667, 9.5463
91.199997, 90.671, 9.2902
92.500000, 90.674, 9.0234
93.800003, 90.677, 8.7676
95.000000, 90.679, 8.5350
96.199997, 90.679, 8.3050
97.500000, 90.678, 8.0549
98.800003, 90.676, 7.8116
100.000000, 90.675, 7.5969
101.500000, 90.676, 7.3365
103.000000, 90.677, 7.0752
104.400002, 90.676, 6.8367
106.000000, 90.675, 6.5735
107.500000, 90.673, 6.3158
109.000000, 90.669, 6.0651
110.599998, 90.666, 5.8112
112.000000, 90.663, 5.6014
113.800003, 90.661, 5.3392
115.000000, 90.659, 5.1636
117.199997, 90.652, 4.8447
118.000000, 90.650, 4.7349
120.599998, 90.645, 4.4033
122.000000, 90.645, 4.2160
124.099998, 90.644, 3.9307
125.000000, 90.642, 3.8126
126.500000, 90.639, 3.6224
128.000000, 90.637, 3.4395
131.500000, 90.634, 3.0271
132.000000, 90.633, 2.9685
134.000000, 90.631, 2.7354
136.000000, 90.631, 2.5042
138.000000, 90.633, 2.2758
140.000000, 90.634, 2.0560
143.000000, 90.636, 1.7438
145.000000, 90.637, 1.5401
147.500000, 90.639, 1.2920
150.000000, 90.639, 1.0584
152.500000, 90.638, 0.8253
155.000000, 90.634, 0.5898
157.500000, 90.630, 0.3605
160.000000, 90.627, 0.1453
162.500000, 90.623, -0.0700
165.000000, 90.619, -0.2870
167.500000, 90.615, -0.4966
170.000000, 90.610, -0.6952
172.500000, 90.600, -0.8889
175.000000, 90.590, -1.0818
177.500000, 90.580, -1.2719
180.000000, 90.571, -1.4539
182.500000, 90.562, -1.6310
185.000000, 90.552, -1.8082
187.500000, 90.543, -1.9841
190.000000, 90.533, -2.1562
192.500000, 90.524, -2.3210
195.000000, 90.517, -2.4803
197.500000, 90.509, -2.6370
200.000000, 90.501, -2.7944
203.000000, 90.491, -2.9780
206.000000, 90.481, -3.1557
209.000000, 90.471, -3.3267
212.000000, 90.461, -3.4941
214.000000, 90.454, -3.6051
218.000000, 90.440, -3.8226
220.000000, 90.433, -3.9319
224.000000, 90.419, -4.1428
227.000000, 90.409, -4.2914
230.000000, 90.399, -4.4380
233.000000, 90.390, -4.5854
236.000000, 90.380, -4.7305
240.000000, 90.367, -4.9086
243.000000, 90.358, -5.0415
247.000000, 90.346, -5.2178
250.000000, 90.338, -5.3497
254.000000, 90.325, -5.5247
258.000000, 90.312, -5.6932
262.000000, 90.297, -5.8499
265.000000, 90.286, -5.9576
269.000000, 90.273, -6.0986
272.000000, 90.265, -6.2036
276.000000, 90.255, -6.3444
280.000000, 90.245, -6.4936
285.000000, 90.235, -6.6741
290.000000, 90.223, -6.8391
295.000000, 90.210, -6.9902
300.000000, 90.196, -7.1240
304.000000, 90.185, -7.2305
307.000000, 90.178, -7.3116
311.000000, 90.168, -7.4191
315.000000, 90.157, -7.5234
320.000000, 90.144, -7.6536
325.000000, 90.132, -7.7820
330.000000, 90.119, -7.9049
335.000000, 90.106, -8.0168
340.000000, 90.091, -8.1184
345.000000, 90.073, -8.2154
350.000000, 90.056, -8.3093
355.000000, 90.040, -8.4041
360.000000, 90.024, -8.4996
365.000000, 90.009, -8.5859
370.000000, 89.993, -8.6691
375.000000, 89.977, -8.7441
382.000000, 89.955, -8.8391
387.000000, 89.938, -8.8985
395.000000, 89.910, -9.0033
400.000000, 89.894, -9.0343
406.000000, 89.877, -9.1139
412.000000, 89.855, -9.1914
418.000000, 89.834, -9.2447
425.000000, 89.812, -9.2905
431.000000, 89.794, -9.3198
437.000000, 89.775, -9.3437
444.000000, 89.751, -9.3914
450.000000, 89.734, -9.4252
455.000000, 89.721, -9.4251
462.000000, 89.701, -9.4437
468.000000, 89.684, -9.4588
475.000000, 89.664, -9.4636
482.000000, 89.646, -9.4581
487.000000, 89.635, -9.4589
494.000000, 89.620, -9.4591
500.000000, 89.608, -9.4470
508.000000, 89.592, -9.4160
515.000000, 89.578, -9.3885
522.000000, 89.565, -9.3672
530.000000, 89.551, -9.3376
538.000000, 89.538, -9.2842
545.000000, 89.528, -9.2300
552.000000, 89.519, -9.1734
560.000000, 89.510, -9.1082
570.000000, 89.500, -9.0134
580.000000, 89.492, -8.9066
590.000000, 89.484, -8.7994
600.000000, 89.477, -8.6732
608.000000, 89.471, -8.5635
615.000000, 89.466, -8.4694
622.000000, 89.462, -8.3741
630.000000, 89.458, -8.2626
640.000000, 89.454, -8.1129
650.000000, 89.451, -7.9521
660.000000, 89.451, -7.7775
670.000000, 89.453, -7.6053
680.000000, 89.458, -7.4294
690.000000, 89.465, -7.2430
700.000000, 89.474, -7.0544
710.000000, 89.485, -6.8650
720.000000, 89.497, -6.6750
730.000000, 89.512, -6.4783
740.000000, 89.529, -6.2785
750.000000, 89.547, -6.0778
762.000000, 89.572, -5.8366
775.000000, 89.602, -5.5798
788.000000, 89.634, -5.3229
800.000000, 89.667, -5.0903
812.000000, 89.703, -4.8583
825.000000, 89.745, -4.6108
838.000000, 89.792, -4.3672
850.000000, 89.838, -4.1525
862.000000, 89.887, -3.9509
875.000000, 89.941, -3.7487
885.000000, 89.984, -3.5989
900.000000, 90.050, -3.3862
912.000000, 90.105, -3.2309
925.000000, 90.168, -3.0710
938.000000, 90.233, -2.9196
950.000000, 90.294, -2.7917
962.000000, 90.357, -2.6827
975.000000, 90.426, -2.5865
988.000000, 90.496, -2.5056
1000.000000, 90.562, -2.4409
1015.000000, 90.648, -2.3857
1030.000000, 90.736, -2.3620
1044.000000, 90.819, -2.3590
1060.000000, 90.913, -2.3781
1075.000000, 91.002, -2.4198
1090.000000, 91.097, -2.4850
1106.000000, 91.207, -2.5741
1120.000000, 91.306, -2.6694
1138.000000, 91.435, -2.8120
1150.000000, 91.521, -2.9182
1172.000000, 91.677, -3.1425
1180.000000, 91.733, -3.2328
1206.000000, 91.918, -3.5527
1220.000000, 92.020, -3.7357
1241.000000, 92.177, -4.0297
1250.000000, 92.244, -4.1641
1265.000000, 92.357, -4.4000
1280.000000, 92.469, -4.6487
1315.000000, 92.728, -5.2626
1320.000000, 92.764, -5.3560
1340.000000, 92.902, -5.7430
1360.000000, 93.022, -6.1476
1380.000000, 93.140, -6.5756
1400.000000, 93.273, -7.0338
1430.000000, 93.478, -7.7722
1450.000000, 93.613, -8.3023
1475.000000, 93.778, -9.0068
1500.000000, 93.937, -9.7618
1525.000000, 94.084, -10.5667
1550.000000, 94.213, -11.4046
1575.000000, 94.321, -12.2358
1600.000000, 94.408, -13.0013
1625.000000, 94.481, -13.6027
1650.000000, 94.555, -13.9491
1675.000000, 94.657, -14.0570
1700.000000, 94.810, -14.0814
1725.000000, 95.011, -14.2440
1750.000000, 95.237, -14.6828
1775.000000, 95.467, -15.4029
1800.000000, 95.686, -16.3378
1825.000000, 95.888, -17.4160
1850.000000, 96.074, -18.5792
1875.000000, 96.246, -19.7969
1900.000000, 96.405, -21.0600
1925.000000, 96.551, -22.3544
1950.000000, 96.686, -23.6759
1975.000000, 96.810, -25.0187
2000.000000, 96.925, -26.3856
2030.000000, 97.049, -28.0550
2060.000000, 97.159, -29.7526
2090.000000, 97.254, -31.4719
2120.000000, 97.333, -33.2106
2140.000000, 97.377, -34.3741
2180.000000, 97.440, -36.6892
2200.000000, 97.457, -37.8330
2240.000000, 97.465, -40.0714
2270.000000, 97.451, -41.6880
2300.000000, 97.420, -43.2335
2330.000000, 97.375, -44.6942
2360.000000, 97.318, -46.0613
2400.000000, 97.225, -47.7234
2430.000000, 97.147, -48.8462
2470.000000, 97.033, -50.1722
2500.000000, 96.944, -51.0408
2540.000000, 96.823, -52.0404
2580.000000, 96.704, -52.8722
2620.000000, 96.590, -53.5544
2650.000000, 96.509, -53.9711
2690.000000, 96.408, -54.4141
2720.000000, 96.337, -54.6703
2760.000000, 96.251, -54.9238
2800.000000, 96.175, -55.0867
2850.000000, 96.094, -55.1771
2900.000000, 96.033, -55.1669
2950.000000, 95.992, -55.0792
3000.000000, 95.969, -54.9225
3040.000000, 95.965, -54.7632
3070.000000, 95.971, -54.6321
3110.000000, 95.989, -54.4422
3150.000000, 96.020, -54.2442
3200.000000, 96.074, -54.0068
3250.000000, 96.141, -53.7537
3300.000000, 96.229, -53.4597
3350.000000, 96.342, -53.1884
3400.000000, 96.475, -52.9703
3450.000000, 96.630, -52.8048
3500.000000, 96.807, -52.6926
3550.000000, 97.001, -52.6530
3600.000000, 97.210, -52.6962
3650.000000, 97.434, -52.8386
3700.000000, 97.672, -53.1006
3750.000000, 97.921, -53.5006
3820.000000, 98.281, -54.3311
3870.000000, 98.537, -55.1355
3950.000000, 98.931, -56.7960
4000.000000, 99.159, -58.0524
4060.000000, 99.405, -59.7368
4120.000000, 99.614, -61.5460
4180.000000, 99.785, -63.3998
4250.000000, 99.939, -65.5087
4310.000000, 100.039, -67.2036
4370.000000, 100.114, -68.7640
4440.000000, 100.186, -70.4022
4500.000000, 100.249, -71.6671
4550.000000, 100.306, -72.6479
4620.000000, 100.398, -73.9453
4680.000000, 100.490, -75.0175
4750.000000, 100.616, -76.2688
4820.000000, 100.759, -77.5690
4870.000000, 100.872, -78.5465
4940.000000, 101.040, -80.0063
5000.000000, 101.194, -81.3562
5080.000000, 101.408, -83.3193
5150.000000, 101.605, -85.2219
5220.000000, 101.806, -87.3319
5300.000000, 102.029, -90.0161
5380.000000, 102.238, -92.9703
5450.000000, 102.407, -95.7527
5520.000000, 102.560, -98.7056
5600.000000, 102.716, -102.2737
5700.000000, 102.881, -107.0239
5800.000000, 103.016, -112.1444
5900.000000, 103.119, -117.7184
6000.000000, 103.182, -123.9141
6080.000000, 103.181, -129.4559
6150.000000, 103.120, -134.7803
6220.000000, 102.975, -140.5383
6300.000000, 102.670, -147.5455
6400.000000, 102.027, -156.5596
6500.000000, 101.059, -165.1779
6600.000000, 99.790, -172.6368
6700.000000, 98.293, -178.3783
6800.000000, 96.663, 177.8436
6900.000000, 94.998, 176.0254
7000.000000, 93.368, 176.0233
7100.000000, 91.803, 177.6797
7200.000000, 90.325, -179.1547
7300.000000, 88.956, -174.5927
7400.000000, 87.713, -168.6180
7500.000000, 86.641, -161.0833
7620.000000, 85.730, -149.8691
7750.000000, 85.479, -135.8541
7880.000000, 86.124, -123.0572
8000.000000, 87.333, -116.2854
8120.000000, 88.581, -116.1248
8250.000000, 89.329, -121.4854
8380.000000, 89.198, -128.1824
8500.000000, 88.492, -132.3036
8620.000000, 87.553, -133.4581
8750.000000, 86.548, -131.9243
8850.000000, 85.875, -129.4303
9000.000000, 85.080, -124.4972
9120.000000, 84.628, -120.0240
9250.000000, 84.314, -115.0164
9380.000000, 84.170, -110.1117
9500.000000, 84.177, -105.9026
9620.000000, 84.304, -102.1788
9750.000000, 84.560, -98.8158
9880.000000, 84.928, -96.2378
10000.000000, 85.370, -94.6745
10150.000000, 86.083, -94.4647
10300.000000, 86.842, -97.7061
10440.000000, 87.230, -104.2967
10600.000000, 86.934, -113.4573
10750.000000, 86.017, -120.6703
10900.000000, 84.703, -125.2186
11060.000000, 83.114, -126.5951
11200.000000, 81.753, -125.1825
11380.000000, 80.192, -120.7520
11500.000000, 79.302, -116.6772
11720.000000, 78.002, -107.7290
11800.000000, 77.635, -104.1530
12060.000000, 76.827, -91.8784
12200.000000, 76.639, -85.1048
12410.000000, 76.700, -75.0437
12500.000000, 76.872, -70.8941
12650.000000, 77.395, -64.4779
12800.000000, 78.262, -59.2417
13150.000000, 81.570, -59.3063
13200.000000, 82.066, -61.6689
13400.000000, 83.410, -77.5588
13600.000000, 82.914, -98.3536
13800.000000, 80.592, -113.9409
14000.000000, 77.485, -119.4468
14300.000000, 73.369, -113.5698
14500.000000, 71.415, -105.4288
14750.000000, 69.767, -93.9246
15000.000000, 68.891, -82.5646
15250.000000, 68.778, -73.1960
15500.000000, 69.415, -68.8423
15750.000000, 70.315, -73.5490
16000.000000, 70.321, -87.8399
16250.000000, 68.481, -104.6598
16500.000000, 64.963, -114.6176
16750.000000, 60.688, -113.4299
17000.000000, 56.603, -102.4431
17250.000000, 53.240, -87.1409
17500.000000, 50.424, -71.9675
17750.000000, 47.730, -55.9321
18000.000000, 45.189, -34.0389
18250.000000, 43.526, -4.4895
18500.000000, 43.194, 21.9627
18750.000000, 43.519, 38.6006
19000.000000, 43.755, 46.7562
19250.000000, 43.381, 46.9042
19500.000000, 41.794, 40.1110
19750.000000, 38.476, 33.2510
20000.000000, 34.134, 59.9319
20300.000000, 31.300, 122.5051
20600.000000, 30.002, 130.8436
20900.000000, 28.319, 138.6493
21200.000000, 26.319, 150.0648
21400.000000, 24.644, 160.2239
21800.000000, 20.174, -148.3652
22000.000000, 17.526, 163.8189
22400.000000, 12.384, -145.1877
22700.000000, 9.212, 164.2343
23000.000000, 7.000, 131.1598
23300.000000, 6.981, 141.6772
23600.000000, 10.513, 154.7161
24000.000000, 15.029, -165.1458
