* Measurement data measured by REW V5.31.3
* Source: Headset (DS by VECLAN.COM), MICROPHONE (Master Volume), L, volume: 0.710. Timing signal peak level -10.2 dBFS, measurement signal peak level -10.1 dBFS
* Format: 2M Log Swept Sine, 1 sweep at -29.1 dBFS using an acoustic timing reference
* Dated: Dec 15, 2025 5:15:34 AM
* REW Settings:
*  C-weighting compensation: Off
*  Target level: 85.0 dB
* Note: ; Fosi DS1 & Abigail Pro Delay -0.0705 ms (-24 mm, -0.95 in) using estimated IR delay relative to Acoustic reference played from HEADPHONE R with no timing offset Clock adjustment: -26.8 ppm
* Measurement: R
* Smoothing: 1/24 octave
* Frequency Step: 1/48 octave
* Start Frequency: 1.000 Hz
*
* Freq(Hz), SPL(dB), Phase(degrees)
1.000000, 74.633, 156.3012
1.015000, 74.892, 155.4305
1.030000, 75.150, 154.6209
1.044000, 75.388, 153.9206
1.060000, 75.657, 153.1852
1.075000, 75.905, 152.5531
1.090000, 76.149, 151.9363
1.106000, 76.407, 151.1196
1.120000, 76.634, 150.2615
1.138000, 76.930, 149.1749
1.150000, 77.131, 148.4902
1.172000, 77.502, 147.3134
1.180000, 77.638, 146.9052
1.206000, 78.082, 145.6571
1.220000, 78.322, 145.0286
1.241000, 78.682, 144.1340
1.250000, 78.836, 143.7661
1.265000, 79.091, 143.1708
1.280000, 79.344, 142.5952
1.315000, 79.925, 141.3130
1.320000, 80.006, 141.1355
1.340000, 80.327, 140.4360
1.360000, 80.640, 139.7516
1.380000, 80.942, 139.0400
1.400000, 81.234, 138.3211
1.430000, 81.646, 137.2498
1.450000, 81.904, 136.5388
1.475000, 82.203, 135.6701
1.500000, 82.479, 134.8672
1.525000, 82.733, 134.1429
1.550000, 82.968, 133.4864
1.575000, 83.186, 132.8685
1.600000, 83.390, 132.2645
1.625000, 83.581, 131.6952
1.650000, 83.763, 131.1516
1.675000, 83.938, 130.6263
1.700000, 84.107, 130.1125
1.725000, 84.274, 129.6045
1.750000, 84.440, 129.0975
1.775000, 84.609, 128.5735
1.800000, 84.782, 128.0159
1.825000, 84.961, 127.4539
1.850000, 85.143, 126.9020
1.875000, 85.326, 126.3805
1.900000, 85.507, 125.8928
1.925000, 85.686, 125.4348
1.950000, 85.864, 125.0018
1.975000, 86.039, 124.5781
2.000000, 86.213, 124.1487
2.030000, 86.418, 123.6494
2.060000, 86.621, 123.1602
2.090000, 86.822, 122.6754
2.120000, 87.019, 122.1900
2.140000, 87.149, 121.8638
2.180000, 87.406, 121.1821
2.200000, 87.532, 120.8199
2.240000, 87.781, 120.1127
2.270000, 87.964, 119.6075
2.300000, 88.144, 119.1232
2.330000, 88.322, 118.6567
2.360000, 88.496, 118.2045
2.400000, 88.725, 117.5804
2.430000, 88.894, 117.1157
2.470000, 89.115, 116.5021
2.500000, 89.278, 116.0428
2.540000, 89.492, 115.4274
2.580000, 89.703, 114.7953
2.620000, 89.908, 114.1444
2.650000, 90.060, 113.6692
2.690000, 90.258, 113.0521
2.720000, 90.404, 112.6007
2.760000, 90.595, 112.0135
2.800000, 90.783, 111.4024
2.850000, 91.011, 110.6458
2.900000, 91.234, 109.8978
2.950000, 91.452, 109.1550
3.000000, 91.663, 108.3948
3.040000, 91.828, 107.7879
3.070000, 91.948, 107.3405
3.110000, 92.107, 106.7549
3.150000, 92.261, 106.1817
3.200000, 92.450, 105.4523
3.250000, 92.634, 104.7256
3.300000, 92.813, 104.0123
3.350000, 92.987, 103.3094
3.400000, 93.156, 102.5912
3.450000, 93.320, 101.8761
3.500000, 93.479, 101.1782
3.550000, 93.633, 100.5002
3.600000, 93.784, 99.8161
3.650000, 93.932, 99.1400
3.700000, 94.076, 98.4781
3.750000, 94.215, 97.8255
3.820000, 94.404, 96.9025
3.870000, 94.535, 96.2552
3.950000, 94.737, 95.2582
4.000000, 94.859, 94.6376
4.060000, 95.002, 93.9032
4.120000, 95.141, 93.1852
4.180000, 95.274, 92.4769
4.250000, 95.425, 91.6469
4.310000, 95.551, 90.9622
4.370000, 95.673, 90.3004
4.440000, 95.813, 89.5281
4.500000, 95.928, 88.8827
4.550000, 96.022, 88.3573
4.620000, 96.149, 87.6194
4.680000, 96.256, 87.0036
4.750000, 96.378, 86.3133
4.820000, 96.497, 85.6269
4.870000, 96.579, 85.1447
4.940000, 96.693, 84.4877
5.000000, 96.788, 83.9273
5.080000, 96.912, 83.1941
5.150000, 97.018, 82.5771
5.220000, 97.122, 81.9590
5.300000, 97.238, 81.2662
5.380000, 97.352, 80.5928
5.450000, 97.448, 80.0018
5.520000, 97.543, 79.4300
5.600000, 97.648, 78.7842
5.700000, 97.775, 77.9844
5.800000, 97.899, 77.2071
5.900000, 98.020, 76.4406
6.000000, 98.138, 75.6920
6.080000, 98.230, 75.0978
6.150000, 98.309, 74.5943
6.220000, 98.386, 74.0870
6.300000, 98.471, 73.5181
6.400000, 98.575, 72.8185
6.500000, 98.676, 72.1259
6.600000, 98.775, 71.4511
6.700000, 98.871, 70.7790
6.800000, 98.965, 70.1214
6.900000, 99.056, 69.4713
7.000000, 99.144, 68.8403
7.100000, 99.228, 68.2166
7.200000, 99.309, 67.6083
7.300000, 99.389, 67.0090
7.400000, 99.468, 66.4274
7.500000, 99.545, 65.8543
7.620000, 99.636, 65.1832
7.750000, 99.731, 64.4756
7.880000, 99.823, 63.7765
8.000000, 99.906, 63.1494
8.120000, 99.988, 62.5303
8.250000, 100.074, 61.8706
8.380000, 100.159, 61.2266
8.500000, 100.234, 60.6397
8.620000, 100.308, 60.0645
8.750000, 100.386, 59.4535
8.850000, 100.444, 58.9901
9.000000, 100.531, 58.3117
9.120000, 100.598, 57.7767
9.250000, 100.670, 57.2063
9.380000, 100.741, 56.6486
9.500000, 100.804, 56.1347
9.620000, 100.868, 55.6310
9.750000, 100.933, 55.0916
9.880000, 100.991, 54.5608
10.000000, 101.034, 54.0848
10.150000, 101.077, 53.4709
10.300000, 101.112, 52.8783
10.440000, 101.138, 52.3432
10.600000, 101.164, 51.7520
10.750000, 101.189, 51.2163
10.900000, 101.214, 50.6978
11.060000, 101.241, 50.1325
11.200000, 101.266, 49.6075
11.380000, 101.296, 48.9557
11.500000, 101.314, 48.5357
11.720000, 101.345, 47.7969
11.800000, 101.356, 47.5386
12.060000, 101.396, 46.7159
12.200000, 101.421, 46.2596
12.410000, 101.460, 45.6040
12.500000, 101.476, 45.3331
12.650000, 101.502, 44.8940
12.800000, 101.528, 44.4688
13.150000, 101.590, 43.4732
13.200000, 101.599, 43.3260
13.400000, 101.637, 42.7469
13.600000, 101.676, 42.1819
13.800000, 101.714, 41.6306
14.000000, 101.751, 41.0889
14.300000, 101.804, 40.2357
14.500000, 101.837, 39.6854
14.750000, 101.875, 39.0236
15.000000, 101.913, 38.3886
15.250000, 101.956, 37.7304
15.500000, 101.999, 37.0956
15.750000, 102.040, 36.4847
16.000000, 102.079, 35.8940
16.250000, 102.118, 35.2782
16.500000, 102.155, 34.6823
16.750000, 102.190, 34.1089
17.000000, 102.226, 33.5544
17.250000, 102.263, 32.9877
17.500000, 102.300, 32.4372
17.750000, 102.336, 31.9037
18.000000, 102.372, 31.3796
18.250000, 102.407, 30.8337
18.500000, 102.441, 30.2922
18.750000, 102.474, 29.7592
19.000000, 102.505, 29.2357
19.250000, 102.535, 28.6967
19.500000, 102.563, 28.1749
19.750000, 102.589, 27.6749
20.000000, 102.613, 27.1989
20.299999, 102.641, 26.6259
20.600000, 102.670, 26.0835
20.900000, 102.700, 25.5635
21.200001, 102.730, 25.0356
21.400000, 102.750, 24.6790
21.799999, 102.789, 23.9644
22.000000, 102.806, 23.6051
22.400000, 102.837, 22.8654
22.700001, 102.856, 22.3280
23.000000, 102.872, 21.8140
23.299999, 102.887, 21.3127
23.600000, 102.902, 20.8353
24.000000, 102.925, 20.2228
24.299999, 102.945, 19.7510
24.700001, 102.973, 19.1164
25.000000, 102.991, 18.6379
25.400000, 103.012, 17.9885
25.799999, 103.028, 17.3646
26.200001, 103.042, 16.7627
26.500000, 103.052, 16.3228
26.900000, 103.067, 15.7581
27.200001, 103.079, 15.3365
27.600000, 103.095, 14.7756
28.000000, 103.109, 14.2225
28.500000, 103.123, 13.5264
29.000000, 103.134, 12.8651
29.500000, 103.144, 12.2336
30.000000, 103.153, 11.6193
30.400000, 103.160, 11.1130
30.700001, 103.163, 10.7355
31.100000, 103.166, 10.2356
31.500000, 103.168, 9.7365
32.000000, 103.167, 9.1272
32.500000, 103.163, 8.5279
33.000000, 103.156, 7.9509
33.500000, 103.150, 7.3745
34.000000, 103.146, 6.8151
34.500000, 103.143, 6.2685
35.000000, 103.140, 5.7330
35.500000, 103.136, 5.2049
36.000000, 103.133, 4.6940
36.500000, 103.133, 4.1796
37.000000, 103.131, 3.6580
37.500000, 103.124, 3.1346
38.200001, 103.108, 2.4695
38.700001, 103.100, 2.0311
39.500000, 103.095, 1.3027
40.000000, 103.086, 0.8267
40.599998, 103.067, 0.2632
41.200001, 103.048, -0.2490
41.799999, 103.031, -0.7516
42.500000, 103.009, -1.3566
43.099998, 102.987, -1.8611
43.700001, 102.966, -2.3308
44.400002, 102.944, -2.8820
45.000000, 102.926, -3.3579
45.500000, 102.911, -3.7394
46.200001, 102.890, -4.2819
46.799999, 102.871, -4.7626
47.500000, 102.846, -5.2885
48.200001, 102.823, -5.7921
48.700001, 102.806, -6.1545
49.400002, 102.777, -6.6438
50.000000, 102.752, -7.0198
50.799999, 102.727, -7.5193
51.500000, 102.701, -8.0177
52.200001, 102.664, -8.4818
53.000000, 102.626, -8.8911
53.799999, 102.601, -9.3535
54.500000, 102.575, -9.8031
55.200001, 102.543, -10.2183
56.000000, 102.511, -10.6721
57.000000, 102.470, -11.1841
58.000000, 102.446, -11.6688
59.000000, 102.422, -12.3841
60.000000, 102.340, -13.0112
60.799999, 102.280, -13.3008
61.500000, 102.245, -13.5427
62.200001, 102.208, -13.8431
63.000000, 102.161, -14.1882
64.000000, 102.107, -14.5571
65.000000, 102.054, -15.0352
66.000000, 102.002, -15.5101
67.000000, 101.954, -15.9299
68.000000, 101.908, -16.3859
69.000000, 101.861, -16.8019
70.000000, 101.819, -17.1570
71.000000, 101.777, -17.5515
72.000000, 101.726, -17.9196
73.000000, 101.673, -18.1898
74.000000, 101.627, -18.4729
75.000000, 101.582, -18.8062
76.199997, 101.520, -19.2646
77.500000, 101.439, -19.7104
78.800003, 101.363, -20.0571
80.000000, 101.302, -20.4008
81.199997, 101.239, -20.7790
82.500000, 101.167, -21.1291
83.800003, 101.105, -21.4452
85.000000, 101.043, -21.7791
86.199997, 100.977, -22.0699
87.500000, 100.914, -22.3137
88.500000, 100.867, -22.5283
90.000000, 100.797, -22.8860
91.199997, 100.737, -23.2047
92.500000, 100.669, -23.4620
93.800003, 100.603, -23.6897
95.000000, 100.545, -23.9292
96.199997, 100.487, -24.1489
97.500000, 100.423, -24.3475
98.800003, 100.362, -24.5476
100.000000, 100.306, -24.7603
101.500000, 100.232, -25.0479
103.000000, 100.155, -25.2837
104.400002, 100.086, -25.4749
106.000000, 100.010, -25.6993
107.500000, 99.939, -25.8903
109.000000, 99.868, -26.0383
110.599998, 99.791, -26.2441
112.000000, 99.722, -26.3916
113.800003, 99.636, -26.5400
115.000000, 99.582, -26.6625
117.199997, 99.481, -26.9017
118.000000, 99.444, -26.9645
120.599998, 99.329, -27.1154
122.000000, 99.268, -27.2324
124.099998, 99.178, -27.4207
125.000000, 99.141, -27.5067
126.500000, 99.079, -27.5702
128.000000, 99.018, -27.6589
131.500000, 98.864, -27.8049
132.000000, 98.843, -27.8195
134.000000, 98.759, -27.8893
136.000000, 98.681, -27.9633
138.000000, 98.604, -28.0414
140.000000, 98.524, -28.0953
143.000000, 98.409, -28.1744
145.000000, 98.332, -28.2084
147.500000, 98.236, -28.2252
150.000000, 98.135, -28.2792
152.500000, 98.035, -28.3252
155.000000, 97.961, -28.2864
157.500000, 97.891, -28.2576
160.000000, 97.802, -28.2189
162.500000, 97.711, -28.1876
165.000000, 97.625, -28.1604
167.500000, 97.543, -28.1200
170.000000, 97.456, -28.0150
172.500000, 97.367, -27.9238
175.000000, 97.278, -27.8776
177.500000, 97.189, -27.8180
180.000000, 97.101, -27.7550
182.500000, 97.013, -27.6030
185.000000, 96.928, -27.4827
187.500000, 96.842, -27.3298
190.000000, 96.764, -27.2292
192.500000, 96.685, -27.1838
195.000000, 96.608, -27.0116
197.500000, 96.540, -26.8290
200.000000, 96.472, -26.6923
203.000000, 96.382, -26.5306
206.000000, 96.289, -26.3138
209.000000, 96.196, -26.0790
212.000000, 96.103, -25.8929
214.000000, 96.041, -25.7725
218.000000, 95.918, -25.4686
220.000000, 95.856, -25.2997
224.000000, 95.721, -24.8688
227.000000, 95.613, -24.4456
230.000000, 95.506, -23.8781
233.000000, 95.426, -23.1044
236.000000, 95.402, -22.2350
240.000000, 95.442, -21.5112
243.000000, 95.450, -21.4558
247.000000, 95.403, -21.4523
250.000000, 95.357, -21.3927
254.000000, 95.297, -21.3134
258.000000, 95.222, -21.2172
262.000000, 95.129, -21.0858
265.000000, 95.059, -20.9335
269.000000, 94.969, -20.6660
272.000000, 94.904, -20.4355
276.000000, 94.822, -20.1113
280.000000, 94.744, -19.7585
285.000000, 94.648, -19.3231
290.000000, 94.552, -18.8720
295.000000, 94.459, -18.4134
300.000000, 94.370, -17.9357
304.000000, 94.304, -17.5391
307.000000, 94.256, -17.2168
311.000000, 94.193, -16.7821
315.000000, 94.130, -16.3561
320.000000, 94.055, -15.8380
325.000000, 93.982, -15.2924
330.000000, 93.911, -14.7422
335.000000, 93.841, -14.2015
340.000000, 93.772, -13.6698
345.000000, 93.703, -13.1268
350.000000, 93.634, -12.5850
355.000000, 93.566, -12.0452
360.000000, 93.501, -11.4844
365.000000, 93.436, -10.9055
370.000000, 93.373, -10.3404
375.000000, 93.312, -9.7708
382.000000, 93.228, -9.0015
387.000000, 93.171, -8.4335
395.000000, 93.084, -7.4757
400.000000, 93.034, -6.8949
406.000000, 92.974, -6.2031
412.000000, 92.914, -5.5243
418.000000, 92.851, -4.8364
425.000000, 92.780, -3.9877
431.000000, 92.725, -3.2786
437.000000, 92.671, -2.5825
444.000000, 92.609, -1.7689
450.000000, 92.561, -1.0941
455.000000, 92.523, -0.5167
462.000000, 92.471, 0.2805
468.000000, 92.427, 0.9578
475.000000, 92.376, 1.7808
482.000000, 92.329, 2.5917
487.000000, 92.299, 3.1639
494.000000, 92.258, 3.9792
500.000000, 92.225, 4.6730
508.000000, 92.181, 5.6139
515.000000, 92.144, 6.4374
522.000000, 92.110, 7.2462
530.000000, 92.073, 8.1812
538.000000, 92.038, 9.1282
545.000000, 92.010, 9.9312
552.000000, 91.985, 10.7429
560.000000, 91.957, 11.6868
570.000000, 91.925, 12.8544
580.000000, 91.897, 14.0249
590.000000, 91.873, 15.1982
600.000000, 91.850, 16.3452
608.000000, 91.832, 17.2861
615.000000, 91.817, 18.1076
622.000000, 91.803, 18.9309
630.000000, 91.789, 19.8494
640.000000, 91.773, 21.0114
650.000000, 91.761, 22.1763
660.000000, 91.752, 23.3265
670.000000, 91.746, 24.4788
680.000000, 91.743, 25.6196
690.000000, 91.744, 26.7631
700.000000, 91.748, 27.8993
710.000000, 91.756, 29.0451
720.000000, 91.766, 30.1760
730.000000, 91.778, 31.3021
740.000000, 91.793, 32.4203
750.000000, 91.811, 33.5454
762.000000, 91.836, 34.8915
775.000000, 91.866, 36.3260
788.000000, 91.901, 37.7507
800.000000, 91.938, 39.0468
812.000000, 91.977, 40.3268
825.000000, 92.022, 41.7039
838.000000, 92.071, 43.0500
850.000000, 92.123, 44.2918
862.000000, 92.178, 45.5263
875.000000, 92.238, 46.8351
885.000000, 92.288, 47.8188
900.000000, 92.366, 49.2760
912.000000, 92.432, 50.4252
925.000000, 92.506, 51.6273
938.000000, 92.583, 52.8087
950.000000, 92.655, 53.8824
962.000000, 92.729, 54.9263
975.000000, 92.812, 56.0125
988.000000, 92.894, 57.0773
1000.000000, 92.970, 58.0591
1015.000000, 93.065, 59.2416
1030.000000, 93.159, 60.3873
1044.000000, 93.249, 61.4413
1060.000000, 93.351, 62.5903
1075.000000, 93.447, 63.6415
1090.000000, 93.548, 64.6740
1106.000000, 93.663, 65.7419
1120.000000, 93.765, 66.6523
1138.000000, 93.896, 67.7874
1150.000000, 93.981, 68.5238
1172.000000, 94.134, 69.8649
1180.000000, 94.189, 70.3389
1206.000000, 94.365, 71.8531
1220.000000, 94.461, 72.6607
1241.000000, 94.604, 73.8571
1250.000000, 94.665, 74.3696
1265.000000, 94.765, 75.2344
1280.000000, 94.864, 76.0856
1315.000000, 95.092, 78.1034
1320.000000, 95.124, 78.3934
1340.000000, 95.247, 79.5559
1360.000000, 95.352, 80.7343
1380.000000, 95.458, 81.9106
1400.000000, 95.581, 83.0937
1430.000000, 95.776, 84.8571
1450.000000, 95.909, 86.0356
1475.000000, 96.079, 87.4912
1500.000000, 96.253, 88.9419
1525.000000, 96.427, 90.4014
1550.000000, 96.603, 91.8651
1575.000000, 96.787, 93.3282
1600.000000, 96.982, 94.7647
1625.000000, 97.185, 96.1057
1650.000000, 97.388, 97.3802
1675.000000, 97.587, 98.6249
1700.000000, 97.786, 99.8657
1725.000000, 97.987, 101.0993
1750.000000, 98.193, 102.3273
1775.000000, 98.404, 103.5402
1800.000000, 98.622, 104.7549
1825.000000, 98.850, 105.9589
1850.000000, 99.091, 107.1151
1875.000000, 99.344, 108.1976
1900.000000, 99.603, 109.1760
1925.000000, 99.863, 110.0612
1950.000000, 100.121, 110.8703
1975.000000, 100.379, 111.6273
2000.000000, 100.640, 112.3276
2030.000000, 100.958, 113.1005
2060.000000, 101.282, 113.7761
2090.000000, 101.612, 114.3439
2120.000000, 101.947, 114.7943
2140.000000, 102.173, 115.0251
2180.000000, 102.628, 115.3004
2200.000000, 102.855, 115.3325
2240.000000, 103.304, 115.1893
2270.000000, 103.635, 114.8918
2300.000000, 103.958, 114.4201
2330.000000, 104.271, 113.7760
2360.000000, 104.567, 112.9524
2400.000000, 104.933, 111.5865
2430.000000, 105.181, 110.3827
2470.000000, 105.468, 108.5796
2500.000000, 105.648, 107.1210
2540.000000, 105.842, 105.0823
2580.000000, 105.988, 102.9620
2620.000000, 106.080, 100.7374
2650.000000, 106.107, 99.0188
2690.000000, 106.078, 96.7538
2720.000000, 106.009, 95.1588
2760.000000, 105.862, 93.2545
2800.000000, 105.668, 91.6471
2850.000000, 105.374, 90.0769
2900.000000, 105.042, 88.9969
2950.000000, 104.686, 88.3943
3000.000000, 104.319, 88.2462
3040.000000, 104.024, 88.4309
3070.000000, 103.803, 88.7407
3110.000000, 103.510, 89.3716
3150.000000, 103.224, 90.2657
3200.000000, 102.884, 91.7704
3250.000000, 102.583, 93.6970
3300.000000, 102.342, 95.9587
3350.000000, 102.181, 98.3175
3400.000000, 102.085, 100.4905
3450.000000, 102.015, 102.3524
3500.000000, 101.933, 104.0505
3550.000000, 101.835, 105.8000
3600.000000, 101.736, 107.7017
3650.000000, 101.650, 109.7397
3700.000000, 101.583, 111.8677
3750.000000, 101.535, 114.0458
3820.000000, 101.500, 117.1496
3870.000000, 101.494, 119.3832
3950.000000, 101.518, 122.9830
4000.000000, 101.559, 125.2366
4060.000000, 101.639, 127.8844
4120.000000, 101.743, 130.4160
4180.000000, 101.865, 132.8304
4250.000000, 102.025, 135.5341
4310.000000, 102.175, 137.7771
4370.000000, 102.337, 139.9324
4440.000000, 102.547, 142.3069
4500.000000, 102.747, 144.1959
4550.000000, 102.928, 145.6418
4620.000000, 103.202, 147.4379
4680.000000, 103.454, 148.7324
4750.000000, 103.760, 149.9129
4820.000000, 104.070, 150.6845
4870.000000, 104.286, 150.9605
4940.000000, 104.568, 150.9776
5000.000000, 104.781, 150.6528
5080.000000, 105.005, 149.7881
5150.000000, 105.130, 148.7221
5220.000000, 105.181, 147.4710
5300.000000, 105.144, 145.9576
5380.000000, 105.004, 144.5158
5450.000000, 104.806, 143.4388
5520.000000, 104.546, 142.6227
5600.000000, 104.190, 142.0789
5700.000000, 103.679, 142.0612
5800.000000, 103.128, 142.7599
5900.000000, 102.556, 144.1271
6000.000000, 101.972, 146.1293
6080.000000, 101.503, 148.2219
6150.000000, 101.100, 150.4446
6220.000000, 100.716, 153.0394
6300.000000, 100.316, 156.4383
6400.000000, 99.896, 161.2021
6500.000000, 99.578, 166.3569
6600.000000, 99.363, 171.6966
6700.000000, 99.247, 177.0966
6800.000000, 99.229, -177.5122
6900.000000, 99.325, -172.1992
7000.000000, 99.537, -167.0204
7100.000000, 99.855, -162.0551
7200.000000, 100.280, -157.4068
7300.000000, 100.816, -153.2260
7400.000000, 101.470, -149.7029
7500.000000, 102.250, -147.1167
7620.000000, 103.353, -145.8205
7750.000000, 104.642, -147.6201
7880.000000, 105.684, -153.6143
8000.000000, 106.108, -162.4595
8120.000000, 105.790, -172.4482
8250.000000, 104.633, 178.4924
8380.000000, 102.947, 173.3022
8500.000000, 101.246, 172.1481
8620.000000, 99.602, 173.7650
8750.000000, 97.974, 177.6981
8850.000000, 96.846, -178.2327
9000.000000, 95.349, -171.0122
9120.000000, 94.304, -164.5807
9250.000000, 93.303, -157.1738
9380.000000, 92.422, -149.4333
9500.000000, 91.710, -142.0822
9620.000000, 91.087, -134.5878
9750.000000, 90.511, -126.3532
9880.000000, 90.029, -118.0400
10000.000000, 89.659, -110.3284
10150.000000, 89.291, -100.6784
10300.000000, 89.026, -91.0505
10440.000000, 88.869, -82.1375
10600.000000, 88.795, -72.0917
10750.000000, 88.829, -62.8732
10900.000000, 88.966, -53.9027
11060.000000, 89.229, -44.7336
11200.000000, 89.560, -37.1462
11380.000000, 90.119, -28.2042
11500.000000, 90.572, -22.9163
11720.000000, 91.527, -15.1120
11800.000000, 91.894, -13.0183
12060.000000, 92.984, -9.4270
12200.000000, 93.374, -9.4095
12410.000000, 93.498, -10.8276
12500.000000, 93.359, -11.4756
12650.000000, 92.900, -11.9595
12800.000000, 92.231, -11.1987
13150.000000, 90.400, -3.5610
13200.000000, 90.150, -1.8760
13400.000000, 89.251, 5.9614
13600.000000, 88.556, 15.1079
13800.000000, 88.105, 25.0225
14000.000000, 87.921, 35.3124
14300.000000, 88.211, 50.6102
14500.000000, 88.879, 59.7774
14750.000000, 90.326, 67.6498
15000.000000, 92.141, 67.5655
15250.000000, 93.241, 57.4931
15500.000000, 92.484, 43.2760
15750.000000, 89.980, 35.0211
16000.000000, 86.862, 36.6987
16250.000000, 84.054, 45.8669
16500.000000, 81.844, 58.9376
16750.000000, 80.187, 73.7088
17000.000000, 78.991, 89.0861
17250.000000, 78.201, 104.3945
17500.000000, 77.788, 119.0075
17750.000000, 77.705, 132.1931
18000.000000, 77.852, 143.0503
18250.000000, 78.043, 150.8222
18500.000000, 78.007, 155.5214
18750.000000, 77.495, 158.4306
19000.000000, 76.405, 161.7754
19250.000000, 74.825, 167.4928
19500.000000, 72.952, 176.4548
19750.000000, 71.014, -171.4978
20000.000000, 69.109, -156.9956
20300.000000, 66.949, -137.3389
20600.000000, 65.099, -116.2664
20900.000000, 63.565, -95.0868
21200.000000, 62.253, -75.4689
21400.000000, 61.392, -64.0833
21800.000000, 59.235, -46.0245
22000.000000, 57.711, -38.7088
22400.000000, 53.444, -24.6664
22700.000000, 49.145, -12.9550
23000.000000, 43.988, -0.1311
23300.000000, 38.290, 13.1884
23600.000000, 33.918, 26.2991
24000.000000, 32.426, 41.2496
