* Measurement data measured by REW V5.31.3
* Source: E2x2, MICROPHONE (Analogue 1), 1, volume: 1.000. Timing signal peak level -38.0 dBFS, measurement signal peak level -31.3 dBFS
* Format: 512k Log Swept Sine, 1 sweep at -32.2 dBFS using an acoustic timing reference
* Dated: Aug 23, 2025 8:44:11 PM
* REW Settings:
*  C-weighting compensation: Off
*  Target level: 75.0 dB
* Note: ; Fosi DS1 4.4mm + E2x2 MacBook Delay -0.0362 ms (-12 mm, -0.49 in) using estimated IR delay relative to Acoustic reference played from SPEAKER L with no timing offset Clock adjustment: -27.6 ppm
* Measurement: White L
* Smoothing: 1/24 octave
* Frequency Step: 1/48 octave
* Start Frequency: 1.000 Hz
*
* Freq(Hz), SPL(dB), Phase(degrees)
1.000000, 62.769, -137.8117
1.015000, 62.873, -138.7694
1.030000, 62.981, -139.7021
1.044000, 63.086, -140.5559
1.060000, 63.211, -141.5177
1.075000, 63.332, -142.4104
1.090000, 63.457, -143.2950
1.106000, 63.596, -144.2110
1.120000, 63.725, -144.9532
1.138000, 63.905, -145.8033
1.150000, 64.032, -146.3061
1.172000, 64.279, -147.1958
1.180000, 64.373, -147.5759
1.206000, 64.692, -148.6853
1.220000, 64.872, -149.2156
1.241000, 65.150, -149.9354
1.250000, 65.272, -150.2193
1.265000, 65.478, -150.6638
1.280000, 65.687, -151.0763
1.315000, 66.184, -151.9388
1.320000, 66.255, -152.0526
1.340000, 66.541, -152.4894
1.360000, 66.826, -152.8979
1.380000, 67.108, -153.4166
1.400000, 67.386, -153.9715
1.430000, 67.791, -154.7892
1.450000, 68.051, -155.3284
1.475000, 68.364, -155.9776
1.500000, 68.673, -156.5457
1.525000, 68.980, -157.0154
1.550000, 69.286, -157.3983
1.575000, 69.590, -157.7806
1.600000, 69.893, -158.2336
1.625000, 70.194, -158.6396
1.650000, 70.493, -159.0103
1.675000, 70.790, -159.3558
1.700000, 71.084, -159.6849
1.725000, 71.376, -160.0053
1.750000, 71.665, -160.3234
1.775000, 71.951, -160.6981
1.800000, 72.234, -161.1846
1.825000, 72.514, -161.6759
1.850000, 72.791, -162.1574
1.875000, 73.065, -162.6037
1.900000, 73.337, -163.0092
1.925000, 73.605, -163.3772
1.950000, 73.871, -163.7115
1.975000, 74.135, -164.0680
2.000000, 74.396, -164.5006
2.030000, 74.706, -164.9914
2.060000, 75.012, -165.4647
2.090000, 75.314, -165.9275
2.120000, 75.613, -166.3864
2.140000, 75.810, -166.6932
2.180000, 76.200, -167.3659
2.200000, 76.392, -167.7530
2.240000, 76.772, -168.5051
2.270000, 77.052, -169.0375
2.300000, 77.329, -169.5422
2.330000, 77.601, -170.0222
2.360000, 77.871, -170.4817
2.400000, 78.224, -171.1866
2.430000, 78.485, -171.7165
2.470000, 78.828, -172.4092
2.500000, 79.082, -172.9232
2.540000, 79.416, -173.6064
2.580000, 79.745, -174.3270
2.620000, 80.068, -175.1126
2.650000, 80.307, -175.6831
2.690000, 80.619, -176.4203
2.720000, 80.850, -176.9562
2.760000, 81.154, -177.6470
2.800000, 81.452, -178.4066
2.850000, 81.817, -179.3475
2.900000, 82.175, 179.7291
2.950000, 82.525, 178.8178
3.000000, 82.867, 177.8526
3.040000, 83.135, 177.0716
3.070000, 83.332, 176.4973
3.110000, 83.591, 175.7476
3.150000, 83.845, 175.0159
3.200000, 84.157, 174.0680
3.250000, 84.463, 173.1167
3.300000, 84.762, 172.1849
3.350000, 85.055, 171.2697
3.400000, 85.341, 170.3120
3.450000, 85.621, 169.3499
3.500000, 85.894, 168.4113
3.550000, 86.161, 167.4994
3.600000, 86.423, 166.5673
3.650000, 86.680, 165.6396
3.700000, 86.931, 164.7302
3.750000, 87.177, 163.8336
3.820000, 87.512, 162.5419
3.870000, 87.745, 161.6287
3.950000, 88.108, 160.2146
4.000000, 88.330, 159.3275
4.060000, 88.591, 158.2712
4.120000, 88.845, 157.2350
4.180000, 89.093, 156.2073
4.250000, 89.375, 154.9873
4.310000, 89.610, 153.9730
4.370000, 89.841, 152.9826
4.440000, 90.105, 151.8146
4.500000, 90.325, 150.8315
4.550000, 90.504, 150.0267
4.620000, 90.750, 148.8864
4.680000, 90.956, 147.9249
4.750000, 91.192, 146.8342
4.820000, 91.423, 145.7379
4.870000, 91.585, 144.9615
4.940000, 91.806, 143.8946
5.000000, 91.992, 142.9800
5.080000, 92.234, 141.7734
5.150000, 92.442, 140.7448
5.220000, 92.644, 139.7108
5.300000, 92.870, 138.5419
5.380000, 93.090, 137.3952
5.450000, 93.279, 136.3900
5.520000, 93.463, 135.4072
5.600000, 93.670, 134.2905
5.700000, 93.920, 132.9001
5.800000, 94.164, 131.5372
5.900000, 94.400, 130.1888
6.000000, 94.629, 128.8600
6.080000, 94.807, 127.8001
6.150000, 94.959, 126.8925
6.220000, 95.108, 125.9858
6.300000, 95.275, 124.9640
6.400000, 95.478, 123.7014
6.500000, 95.674, 122.4497
6.600000, 95.865, 121.2237
6.700000, 96.051, 120.0093
6.800000, 96.230, 118.8134
6.900000, 96.405, 117.6301
7.000000, 96.575, 116.4705
7.100000, 96.741, 115.3218
7.200000, 96.901, 114.1917
7.300000, 97.058, 113.0748
7.400000, 97.210, 111.9779
7.500000, 97.359, 110.8901
7.620000, 97.532, 109.6072
7.750000, 97.713, 108.2443
7.880000, 97.888, 106.8967
8.000000, 98.045, 105.6776
8.120000, 98.197, 104.4764
8.250000, 98.356, 103.1938
8.380000, 98.509, 101.9350
8.500000, 98.647, 100.7900
8.620000, 98.780, 99.6625
8.750000, 98.920, 98.4611
8.850000, 99.024, 97.5499
9.000000, 99.176, 96.2081
9.120000, 99.293, 95.1524
9.250000, 99.416, 94.0280
9.380000, 99.536, 92.9247
9.500000, 99.644, 91.9198
9.620000, 99.749, 90.9332
9.750000, 99.858, 89.8810
9.880000, 99.957, 88.8446
10.000000, 100.036, 87.9070
10.150000, 100.121, 86.7297
10.300000, 100.196, 85.5811
10.440000, 100.259, 84.5336
10.600000, 100.326, 83.3643
10.750000, 100.389, 82.2942
10.900000, 100.451, 81.2478
11.060000, 100.515, 80.1406
11.200000, 100.569, 79.1677
11.380000, 100.634, 77.9443
11.500000, 100.676, 77.1452
11.720000, 100.750, 75.7129
11.800000, 100.777, 75.2023
12.060000, 100.865, 73.5656
12.200000, 100.912, 72.6837
12.410000, 100.980, 71.3894
12.500000, 101.008, 70.8457
12.650000, 101.053, 69.9537
12.800000, 101.096, 69.0802
13.150000, 101.187, 67.0911
13.200000, 101.200, 66.8108
13.400000, 101.249, 65.7115
13.600000, 101.298, 64.6466
13.800000, 101.347, 63.6148
14.000000, 101.395, 62.6107
14.300000, 101.465, 61.1174
14.500000, 101.510, 60.1462
14.750000, 101.565, 58.9545
15.000000, 101.620, 57.7823
15.250000, 101.676, 56.6038
15.500000, 101.729, 55.4461
15.750000, 101.778, 54.3152
16.000000, 101.823, 53.2155
16.250000, 101.864, 52.1300
16.500000, 101.902, 51.0800
16.750000, 101.939, 50.0641
17.000000, 101.977, 49.0756
17.250000, 102.015, 48.0956
17.500000, 102.052, 47.1337
17.750000, 102.087, 46.1899
18.000000, 102.120, 45.2633
18.250000, 102.150, 44.3447
18.500000, 102.177, 43.4487
18.750000, 102.203, 42.5787
19.000000, 102.229, 41.7343
19.250000, 102.255, 40.9000
19.500000, 102.282, 40.0848
19.750000, 102.308, 39.2852
20.000000, 102.333, 38.4975
20.299999, 102.361, 37.5527
20.600000, 102.387, 36.6245
20.900000, 102.409, 35.7163
21.200001, 102.429, 34.8240
21.400000, 102.440, 34.2408
21.799999, 102.461, 33.1092
22.000000, 102.470, 32.5588
22.400000, 102.487, 31.4734
22.700001, 102.499, 30.6798
23.000000, 102.510, 29.9011
23.299999, 102.520, 29.1299
23.600000, 102.529, 28.3723
24.000000, 102.539, 27.3842
24.299999, 102.547, 26.6530
24.700001, 102.554, 25.7007
25.000000, 102.559, 25.0037
25.400000, 102.564, 24.0881
25.799999, 102.568, 23.1967
26.200001, 102.570, 22.3245
26.500000, 102.571, 21.6829
26.900000, 102.571, 20.8497
27.200001, 102.571, 20.2374
27.600000, 102.570, 19.4366
28.000000, 102.569, 18.6523
28.500000, 102.565, 17.6875
29.000000, 102.557, 16.7562
29.500000, 102.549, 15.8629
30.000000, 102.541, 15.0034
30.400000, 102.536, 14.3161
30.700001, 102.531, 13.7952
31.100000, 102.522, 13.0928
31.500000, 102.508, 12.3918
32.000000, 102.484, 11.5526
32.500000, 102.458, 10.7651
33.000000, 102.434, 10.0192
33.500000, 102.414, 9.2812
34.000000, 102.395, 8.5406
34.500000, 102.376, 7.8015
35.000000, 102.355, 7.0785
35.500000, 102.333, 6.3728
36.000000, 102.312, 5.6846
36.500000, 102.289, 5.0088
37.000000, 102.266, 4.3491
37.500000, 102.242, 3.7048
38.200001, 102.207, 2.8351
38.700001, 102.182, 2.2314
39.500000, 102.142, 1.2829
40.000000, 102.115, 0.7012
40.599998, 102.081, 0.0195
41.200001, 102.046, -0.6395
41.799999, 102.012, -1.2856
42.500000, 101.970, -2.0260
43.099998, 101.935, -2.6372
43.700001, 101.902, -3.2322
44.400002, 101.866, -3.9321
45.000000, 101.832, -4.5392
45.500000, 101.800, -5.0312
46.200001, 101.755, -5.6754
46.799999, 101.720, -6.2023
47.500000, 101.681, -6.8180
48.200001, 101.639, -7.4310
48.700001, 101.609, -7.8565
49.400002, 101.565, -8.4341
50.000000, 101.527, -8.9174
50.799999, 101.476, -9.5474
51.500000, 101.431, -10.0853
52.200001, 101.385, -10.6135
53.000000, 101.333, -11.2035
53.799999, 101.280, -11.7748
54.500000, 101.234, -12.2648
55.200001, 101.189, -12.7551
56.000000, 101.135, -13.3100
57.000000, 101.066, -13.9624
58.000000, 100.999, -14.5859
59.000000, 100.930, -15.2057
60.000000, 100.858, -15.7844
60.799999, 100.802, -16.2252
61.500000, 100.754, -16.6024
62.200001, 100.707, -16.9750
63.000000, 100.656, -17.4136
64.000000, 100.587, -17.9756
65.000000, 100.515, -18.4987
66.000000, 100.446, -18.9932
67.000000, 100.377, -19.4735
68.000000, 100.309, -19.9401
69.000000, 100.239, -20.3928
70.000000, 100.169, -20.8276
71.000000, 100.098, -21.2484
72.000000, 100.027, -21.6511
73.000000, 99.957, -22.0443
74.000000, 99.887, -22.4354
75.000000, 99.817, -22.8181
76.199997, 99.733, -23.2658
77.500000, 99.643, -23.7268
78.800003, 99.552, -24.1613
80.000000, 99.470, -24.5439
81.199997, 99.388, -24.9130
82.500000, 99.299, -25.3037
83.800003, 99.210, -25.6783
85.000000, 99.129, -26.0102
86.199997, 99.050, -26.3298
87.500000, 98.965, -26.6628
88.500000, 98.899, -26.9132
90.000000, 98.800, -27.2654
91.199997, 98.721, -27.5273
92.500000, 98.638, -27.8048
93.800003, 98.554, -28.0736
95.000000, 98.477, -28.3137
96.199997, 98.400, -28.5447
97.500000, 98.315, -28.7770
98.800003, 98.231, -28.9937
100.000000, 98.153, -29.1927
101.500000, 98.055, -29.4271
103.000000, 97.958, -29.6472
104.400002, 97.867, -29.8511
106.000000, 97.764, -30.0657
107.500000, 97.668, -30.2466
109.000000, 97.573, -30.4128
110.599998, 97.472, -30.5822
112.000000, 97.384, -30.7146
113.800003, 97.274, -30.8695
115.000000, 97.201, -30.9749
117.199997, 97.063, -31.1475
118.000000, 97.014, -31.1927
120.599998, 96.859, -31.3206
122.000000, 96.779, -31.3847
124.099998, 96.661, -31.4587
125.000000, 96.610, -31.4919
126.500000, 96.521, -31.5426
128.000000, 96.429, -31.5612
131.500000, 96.233, -31.5968
132.000000, 96.206, -31.6133
134.000000, 96.097, -31.6422
136.000000, 95.997, -31.6134
138.000000, 95.896, -31.5682
140.000000, 95.796, -31.4870
143.000000, 95.644, -31.3881
145.000000, 95.543, -31.3008
147.500000, 95.418, -31.1686
150.000000, 95.295, -31.0090
152.500000, 95.174, -30.8541
155.000000, 95.053, -30.6693
157.500000, 94.934, -30.4627
160.000000, 94.816, -30.2229
162.500000, 94.698, -29.9714
165.000000, 94.582, -29.7051
167.500000, 94.468, -29.4176
170.000000, 94.356, -29.1047
172.500000, 94.243, -28.7773
175.000000, 94.132, -28.4390
177.500000, 94.023, -28.0822
180.000000, 93.917, -27.6956
182.500000, 93.814, -27.2997
185.000000, 93.709, -26.8852
187.500000, 93.606, -26.4485
190.000000, 93.508, -25.9979
192.500000, 93.412, -25.5275
195.000000, 93.321, -25.0348
197.500000, 93.232, -24.5351
200.000000, 93.147, -24.0150
203.000000, 93.047, -23.3675
206.000000, 92.948, -22.6737
209.000000, 92.853, -21.9453
212.000000, 92.764, -21.1607
214.000000, 92.711, -20.5979
218.000000, 92.622, -19.3810
220.000000, 92.588, -18.7731
224.000000, 92.540, -17.6476
227.000000, 92.519, -16.8886
230.000000, 92.498, -16.2034
233.000000, 92.475, -15.5632
236.000000, 92.456, -14.9167
240.000000, 92.430, -14.0407
243.000000, 92.407, -13.4036
247.000000, 92.385, -12.6005
250.000000, 92.374, -11.9990
254.000000, 92.363, -11.1637
258.000000, 92.353, -10.3469
262.000000, 92.345, -9.5355
265.000000, 92.343, -8.9406
269.000000, 92.349, -8.1243
272.000000, 92.359, -7.5247
276.000000, 92.378, -6.7858
280.000000, 92.407, -6.0708
285.000000, 92.453, -5.1989
290.000000, 92.503, -4.3740
295.000000, 92.555, -3.6138
300.000000, 92.613, -2.9061
304.000000, 92.662, -2.3755
307.000000, 92.701, -1.9984
311.000000, 92.753, -1.5310
315.000000, 92.807, -1.0928
320.000000, 92.878, -0.5872
325.000000, 92.948, -0.1812
330.000000, 93.017, 0.1876
335.000000, 93.087, 0.4875
340.000000, 93.153, 0.7501
345.000000, 93.214, 0.9975
350.000000, 93.271, 1.2142
355.000000, 93.323, 1.4049
360.000000, 93.374, 1.5573
365.000000, 93.422, 1.6782
370.000000, 93.464, 1.7783
375.000000, 93.503, 1.8552
382.000000, 93.550, 1.9316
387.000000, 93.579, 1.9829
395.000000, 93.618, 2.0762
400.000000, 93.639, 2.1273
406.000000, 93.661, 2.1790
412.000000, 93.682, 2.2258
418.000000, 93.700, 2.2712
425.000000, 93.719, 2.3171
431.000000, 93.732, 2.3468
437.000000, 93.743, 2.3674
444.000000, 93.751, 2.3810
450.000000, 93.753, 2.3845
455.000000, 93.752, 2.3904
462.000000, 93.747, 2.4136
468.000000, 93.739, 2.4555
475.000000, 93.727, 2.5222
482.000000, 93.714, 2.6033
487.000000, 93.705, 2.6671
494.000000, 93.692, 2.7693
500.000000, 93.680, 2.8682
508.000000, 93.664, 3.0107
515.000000, 93.648, 3.1467
522.000000, 93.632, 3.3047
530.000000, 93.615, 3.5130
538.000000, 93.598, 3.7156
545.000000, 93.580, 3.8929
552.000000, 93.563, 4.0875
560.000000, 93.546, 4.3344
570.000000, 93.523, 4.6613
580.000000, 93.501, 5.0027
590.000000, 93.479, 5.3680
600.000000, 93.459, 5.7511
608.000000, 93.442, 6.0652
615.000000, 93.427, 6.3478
622.000000, 93.412, 6.6415
630.000000, 93.394, 6.9857
640.000000, 93.374, 7.4259
650.000000, 93.357, 7.8737
660.000000, 93.341, 8.3340
670.000000, 93.328, 8.8047
680.000000, 93.318, 9.2848
690.000000, 93.311, 9.7715
700.000000, 93.306, 10.2660
710.000000, 93.304, 10.7699
720.000000, 93.303, 11.2746
730.000000, 93.306, 11.7838
740.000000, 93.311, 12.2987
750.000000, 93.319, 12.8145
762.000000, 93.331, 13.4297
775.000000, 93.348, 14.0922
788.000000, 93.368, 14.7602
800.000000, 93.390, 15.3719
812.000000, 93.417, 15.9702
825.000000, 93.451, 16.6049
838.000000, 93.490, 17.2277
850.000000, 93.530, 17.7875
862.000000, 93.575, 18.3201
875.000000, 93.630, 18.8563
885.000000, 93.677, 19.2290
900.000000, 93.755, 19.6816
912.000000, 93.818, 19.8802
925.000000, 93.863, 19.8644
938.000000, 93.841, 19.7875
950.000000, 93.772, 20.2032
962.000000, 93.750, 21.1812
975.000000, 93.820, 22.1829
988.000000, 93.932, 22.7079
1000.000000, 94.025, 22.8011
1015.000000, 94.081, 22.5710
1030.000000, 94.044, 22.3746
1044.000000, 93.960, 22.7212
1060.000000, 93.903, 23.7426
1075.000000, 93.922, 24.8157
1090.000000, 93.991, 25.7083
1106.000000, 94.091, 26.4451
1120.000000, 94.183, 26.9544
1138.000000, 94.297, 27.4938
1150.000000, 94.369, 27.8081
1172.000000, 94.494, 28.3181
1180.000000, 94.538, 28.4904
1206.000000, 94.675, 29.0040
1220.000000, 94.749, 29.2587
1241.000000, 94.858, 29.6225
1250.000000, 94.903, 29.7742
1265.000000, 94.978, 30.0219
1280.000000, 95.051, 30.2597
1315.000000, 95.212, 30.8033
1320.000000, 95.234, 30.8802
1340.000000, 95.315, 31.1823
1360.000000, 95.375, 31.4792
1380.000000, 95.433, 31.7816
1400.000000, 95.504, 32.0820
1430.000000, 95.617, 32.5293
1450.000000, 95.692, 32.8288
1475.000000, 95.784, 33.2005
1500.000000, 95.875, 33.5743
1525.000000, 95.964, 33.9484
1550.000000, 96.049, 34.3209
1575.000000, 96.132, 34.6915
1600.000000, 96.213, 35.0626
1625.000000, 96.296, 35.4286
1650.000000, 96.380, 35.7899
1675.000000, 96.465, 36.1474
1700.000000, 96.549, 36.5017
1725.000000, 96.634, 36.8472
1750.000000, 96.719, 37.1882
1775.000000, 96.803, 37.5257
1800.000000, 96.889, 37.8550
1825.000000, 96.976, 38.1733
1850.000000, 97.064, 38.4805
1875.000000, 97.154, 38.7776
1900.000000, 97.245, 39.0659
1925.000000, 97.336, 39.3459
1950.000000, 97.429, 39.6124
1975.000000, 97.521, 39.8660
2000.000000, 97.614, 40.1094
2030.000000, 97.726, 40.3834
2060.000000, 97.841, 40.6352
2090.000000, 97.957, 40.8640
2120.000000, 98.074, 41.0744
2140.000000, 98.153, 41.2023
2180.000000, 98.312, 41.4269
2200.000000, 98.390, 41.5229
2240.000000, 98.546, 41.6841
2270.000000, 98.662, 41.7794
2300.000000, 98.780, 41.8498
2330.000000, 98.899, 41.8938
2360.000000, 99.018, 41.9099
2400.000000, 99.176, 41.8936
2430.000000, 99.294, 41.8477
2470.000000, 99.451, 41.7437
2500.000000, 99.568, 41.6310
2540.000000, 99.721, 41.4351
2580.000000, 99.872, 41.1883
2620.000000, 100.023, 40.8860
2650.000000, 100.135, 40.6211
2690.000000, 100.281, 40.2229
2720.000000, 100.388, 39.8907
2760.000000, 100.525, 39.3980
2800.000000, 100.655, 38.8525
2850.000000, 100.809, 38.1039
2900.000000, 100.953, 37.2738
2950.000000, 101.087, 36.3662
3000.000000, 101.208, 35.3971
3040.000000, 101.296, 34.5866
3070.000000, 101.356, 33.9644
3110.000000, 101.429, 33.1192
3150.000000, 101.497, 32.2548
3200.000000, 101.573, 31.1380
3250.000000, 101.640, 29.9562
3300.000000, 101.694, 28.6917
3350.000000, 101.730, 27.3541
3400.000000, 101.745, 25.9760
3450.000000, 101.741, 24.5909
3500.000000, 101.720, 23.2303
3550.000000, 101.680, 21.9071
3600.000000, 101.622, 20.6335
3650.000000, 101.548, 19.4139
3700.000000, 101.460, 18.2510
3750.000000, 101.357, 17.1508
3820.000000, 101.191, 15.7250
3870.000000, 101.057, 14.7977
3950.000000, 100.817, 13.5071
4000.000000, 100.656, 12.8256
4060.000000, 100.459, 12.1283
4120.000000, 100.262, 11.5437
4180.000000, 100.065, 11.0394
4250.000000, 99.834, 10.5217
4310.000000, 99.626, 10.1404
4370.000000, 99.405, 9.8282
4440.000000, 99.133, 9.5737
4500.000000, 98.895, 9.4626
4550.000000, 98.694, 9.4435
4620.000000, 98.414, 9.5248
4680.000000, 98.177, 9.6890
4750.000000, 97.903, 9.9828
4820.000000, 97.634, 10.3773
4870.000000, 97.444, 10.7170
4940.000000, 97.184, 11.2696
5000.000000, 96.964, 11.8099
5080.000000, 96.677, 12.6198
5150.000000, 96.431, 13.4080
5220.000000, 96.192, 14.2748
5300.000000, 95.925, 15.3630
5380.000000, 95.666, 16.5625
5450.000000, 95.448, 17.7076
5520.000000, 95.240, 18.9602
5600.000000, 95.020, 20.5704
5700.000000, 94.802, 22.7902
5800.000000, 94.649, 24.8258
5900.000000, 94.500, 26.6310
6000.000000, 94.346, 28.5043
6080.000000, 94.234, 30.0995
6150.000000, 94.153, 31.5414
6220.000000, 94.087, 33.0062
6300.000000, 94.033, 34.6885
6400.000000, 93.994, 36.7809
6500.000000, 93.988, 38.8363
6600.000000, 94.014, 40.8290
6700.000000, 94.074, 42.7338
6800.000000, 94.175, 44.5197
6900.000000, 94.333, 46.1510
7000.000000, 94.547, 47.5858
7100.000000, 94.803, 48.7895
7200.000000, 95.092, 49.7081
7300.000000, 95.410, 50.2679
7400.000000, 95.751, 50.3897
7500.000000, 96.106, 50.0088
7620.000000, 96.550, 48.8044
7750.000000, 97.018, 46.4667
7880.000000, 97.339, 42.9789
8000.000000, 97.471, 38.7741
8120.000000, 97.411, 33.8235
8250.000000, 97.075, 28.0586
8380.000000, 96.426, 22.5916
8500.000000, 95.572, 18.5109
8620.000000, 94.532, 15.9160
8750.000000, 93.297, 15.1173
8850.000000, 92.350, 15.9314
9000.000000, 91.072, 19.0792
9120.000000, 90.245, 22.6729
9250.000000, 89.566, 26.8577
9380.000000, 89.073, 30.6812
9500.000000, 88.711, 33.5751
9620.000000, 88.371, 35.8679
9750.000000, 87.978, 37.9127
9880.000000, 87.538, 39.8301
10000.000000, 87.089, 41.7271
10150.000000, 86.492, 44.4765
10300.000000, 85.886, 47.7191
10440.000000, 85.337, 51.1739
10600.000000, 84.748, 55.5875
10750.000000, 84.254, 60.1183
10900.000000, 83.835, 64.8640
11060.000000, 83.461, 69.9596
11200.000000, 83.179, 74.4296
11380.000000, 82.876, 80.2194
11500.000000, 82.713, 84.0898
11720.000000, 82.495, 91.1501
11800.000000, 82.442, 93.6886
12060.000000, 82.354, 101.7793
12200.000000, 82.355, 106.0074
12410.000000, 82.411, 112.1387
12500.000000, 82.457, 114.6860
12650.000000, 82.566, 118.8226
12800.000000, 82.720, 122.8063
13150.000000, 83.299, 131.3290
13200.000000, 83.412, 132.4182
13400.000000, 83.950, 136.2570
13600.000000, 84.625, 138.8034
13800.000000, 85.370, 139.3397
14000.000000, 86.004, 137.4460
14300.000000, 86.256, 132.0139
14500.000000, 85.974, 129.8119
14750.000000, 85.700, 129.9129
15000.000000, 85.834, 129.8334
15250.000000, 86.107, 127.0153
15500.000000, 86.245, 121.5864
15750.000000, 86.096, 114.1540
16000.000000, 85.464, 105.5069
16250.000000, 84.238, 97.2038
16500.000000, 82.471, 90.9475
16750.000000, 80.337, 87.8182
17000.000000, 78.036, 88.1630
17250.000000, 75.748, 91.9163
17500.000000, 73.661, 98.7769
17750.000000, 71.968, 107.5596
18000.000000, 70.690, 116.0517
18250.000000, 69.563, 122.9238
18500.000000, 68.340, 129.1440
18750.000000, 67.005, 136.0209
19000.000000, 65.633, 143.9751
19250.000000, 64.282, 153.1716
19500.000000, 63.003, 163.2768
19750.000000, 61.872, 174.1244
20000.000000, 60.869, -174.9972
20300.000000, 59.881, -162.6424
20600.000000, 59.212, -151.9046
20900.000000, 58.555, -143.7482
21200.000000, 57.166, -141.1863
21400.000000, 55.378, -140.6660
21800.000000, 49.967, -129.7845
22000.000000, 47.088, 163.0762
22400.000000, 43.179, -163.4314
22700.000000, 42.263, 149.3173
23000.000000, 41.808, 52.7758
23300.000000, 41.836, 78.8620
23600.000000, 44.862, 127.1510
24000.000000, 49.228, 160.0981
