* Measurement data measured by REW V5.31.3
* Source: E2x2, MICROPHONE (Analogue 1), 1, volume: 1.000. Timing signal peak level -38.3 dBFS, measurement signal peak level -31.3 dBFS
* Format: 512k Log Swept Sine, 1 sweep at -32.2 dBFS using an acoustic timing reference
* Dated: Aug 23, 2025 8:52:16 PM
* REW Settings:
*  C-weighting compensation: Off
*  Target level: 75.0 dB
* Note: ; Fosi DS1 4.4mm + E2x2 MacBook Delay -0.0359 ms (-12 mm, -0.48 in) using estimated IR delay relative to Acoustic reference played from SPEAKER L with no timing offset Clock adjustment: -27.6 ppm
* Measurement: Black L
* Smoothing: 1/24 octave
* Frequency Step: 1/48 octave
* Start Frequency: 1.000 Hz
*
* Freq(Hz), SPL(dB), Phase(degrees)
1.000000, 61.662, -152.3456
1.015000, 61.928, -152.9436
1.030000, 62.189, -153.5148
1.044000, 62.427, -154.0298
1.060000, 62.688, -154.6030
1.075000, 62.921, -155.1299
1.090000, 63.142, -155.6465
1.106000, 63.367, -156.1653
1.120000, 63.560, -156.5547
1.138000, 63.811, -156.9479
1.150000, 63.979, -157.1475
1.172000, 64.290, -157.4912
1.180000, 64.404, -157.6772
1.206000, 64.776, -158.1761
1.220000, 64.976, -158.3918
1.241000, 65.279, -158.6597
1.250000, 65.408, -158.7572
1.265000, 65.624, -158.9007
1.280000, 65.840, -159.0242
1.315000, 66.341, -159.2556
1.320000, 66.412, -159.2839
1.340000, 66.696, -159.3898
1.360000, 66.978, -159.4836
1.380000, 67.256, -159.7023
1.400000, 67.531, -159.9708
1.430000, 67.937, -160.3809
1.450000, 68.201, -160.6613
1.475000, 68.525, -160.9988
1.500000, 68.844, -161.2663
1.525000, 69.157, -161.4476
1.550000, 69.467, -161.5560
1.575000, 69.772, -161.6785
1.600000, 70.074, -161.8866
1.625000, 70.372, -162.0623
1.650000, 70.667, -162.2167
1.675000, 70.958, -162.3590
1.700000, 71.247, -162.4972
1.725000, 71.532, -162.6381
1.750000, 71.816, -162.7869
1.775000, 72.097, -163.0017
1.800000, 72.376, -163.3367
1.825000, 72.653, -163.6836
1.850000, 72.928, -164.0255
1.875000, 73.200, -164.3356
1.900000, 73.470, -164.6084
1.925000, 73.736, -164.8483
1.950000, 74.001, -165.0598
1.975000, 74.262, -165.2995
2.000000, 74.521, -165.6213
2.030000, 74.828, -165.9878
2.060000, 75.132, -166.3460
2.090000, 75.432, -166.7028
2.120000, 75.729, -167.0647
2.140000, 75.925, -167.3116
2.180000, 76.313, -167.8750
2.200000, 76.505, -168.2117
2.240000, 76.884, -168.8669
2.270000, 77.164, -169.3285
2.300000, 77.440, -169.7650
2.330000, 77.713, -170.1798
2.360000, 77.983, -170.5782
2.400000, 78.337, -171.2087
2.430000, 78.599, -171.6888
2.470000, 78.944, -172.3236
2.500000, 79.199, -172.8007
2.540000, 79.535, -173.4437
2.580000, 79.865, -174.1324
2.620000, 80.191, -174.8900
2.650000, 80.431, -175.4408
2.690000, 80.747, -176.1542
2.720000, 80.980, -176.6745
2.760000, 81.286, -177.3480
2.800000, 81.587, -178.0950
2.850000, 81.956, -179.0280
2.900000, 82.318, -179.9533
2.950000, 82.672, 179.1241
3.000000, 83.018, 178.1415
3.040000, 83.288, 177.3438
3.070000, 83.488, 176.7556
3.110000, 83.750, 175.9856
3.150000, 84.007, 175.2317
3.200000, 84.322, 174.2529
3.250000, 84.631, 173.2668
3.300000, 84.933, 172.2955
3.350000, 85.228, 171.3355
3.400000, 85.516, 170.3284
3.450000, 85.797, 169.3143
3.500000, 86.071, 168.3228
3.550000, 86.339, 167.3579
3.600000, 86.602, 166.3734
3.650000, 86.858, 165.3938
3.700000, 87.109, 164.4308
3.750000, 87.354, 163.4776
3.820000, 87.686, 162.1034
3.870000, 87.917, 161.1317
3.950000, 88.275, 159.6299
4.000000, 88.494, 158.6931
4.060000, 88.750, 157.5812
4.120000, 88.998, 156.4895
4.180000, 89.240, 155.4063
4.250000, 89.514, 154.1255
4.310000, 89.743, 153.0652
4.370000, 89.966, 152.0369
4.440000, 90.221, 150.8338
4.500000, 90.433, 149.8250
4.550000, 90.606, 149.0013
4.620000, 90.842, 147.8397
4.680000, 91.040, 146.8660
4.750000, 91.268, 145.7699
4.820000, 91.490, 144.6779
4.870000, 91.646, 143.9095
4.940000, 91.859, 142.8591
5.000000, 92.039, 141.9623
5.080000, 92.274, 140.7843
5.150000, 92.476, 139.7858
5.220000, 92.675, 138.7885
5.300000, 92.897, 137.6677
5.380000, 93.115, 136.5710
5.450000, 93.303, 135.6079
5.520000, 93.488, 134.6655
5.600000, 93.696, 133.5961
5.700000, 93.951, 132.2651
5.800000, 94.200, 130.9537
5.900000, 94.443, 129.6437
6.000000, 94.680, 128.3445
6.080000, 94.866, 127.3024
6.150000, 95.024, 126.4044
6.220000, 95.180, 125.5005
6.300000, 95.354, 124.4732
6.400000, 95.564, 123.1932
6.500000, 95.768, 121.9159
6.600000, 95.965, 120.6578
6.700000, 96.154, 119.4023
6.800000, 96.337, 118.1589
6.900000, 96.512, 116.9290
7.000000, 96.680, 115.7267
7.100000, 96.841, 114.5361
7.200000, 96.995, 113.3684
7.300000, 97.145, 112.2249
7.400000, 97.288, 111.1143
7.500000, 97.426, 110.0232
7.620000, 97.586, 108.7522
7.750000, 97.754, 107.4271
7.880000, 97.916, 106.1420
8.000000, 98.062, 104.9968
8.120000, 98.206, 103.8838
8.250000, 98.359, 102.7129
8.380000, 98.511, 101.5711
8.500000, 98.650, 100.5329
8.620000, 98.788, 99.5115
8.750000, 98.936, 98.4143
8.850000, 99.049, 97.5705
9.000000, 99.216, 96.3106
9.120000, 99.347, 95.3002
9.250000, 99.485, 94.2000
9.380000, 99.621, 93.0974
9.500000, 99.741, 92.0750
9.620000, 99.858, 91.0530
9.750000, 99.978, 89.9454
9.880000, 100.084, 88.8428
10.000000, 100.168, 87.8369
10.150000, 100.255, 86.5680
10.300000, 100.329, 85.3312
10.440000, 100.387, 84.2069
10.600000, 100.447, 82.9609
10.750000, 100.502, 81.8347
10.900000, 100.554, 80.7465
11.060000, 100.607, 79.6109
11.200000, 100.652, 78.6262
11.380000, 100.707, 77.4006
11.500000, 100.743, 76.6066
11.720000, 100.809, 75.1917
11.800000, 100.833, 74.6883
12.060000, 100.915, 73.0751
12.200000, 100.960, 72.2032
12.410000, 101.027, 70.9198
12.500000, 101.054, 70.3789
12.650000, 101.098, 69.4894
12.800000, 101.140, 68.6160
13.150000, 101.231, 66.6189
13.200000, 101.244, 66.3367
13.400000, 101.293, 65.2278
13.600000, 101.342, 64.1506
13.800000, 101.390, 63.1041
14.000000, 101.437, 62.0836
14.300000, 101.504, 60.5666
14.500000, 101.546, 59.5833
14.750000, 101.597, 58.3855
15.000000, 101.647, 57.2200
15.250000, 101.699, 56.0622
15.500000, 101.750, 54.9360
15.750000, 101.799, 53.8418
16.000000, 101.846, 52.7766
16.250000, 101.890, 51.7166
16.500000, 101.933, 50.6798
16.750000, 101.974, 49.6647
17.000000, 102.014, 48.6689
17.250000, 102.053, 47.6792
17.500000, 102.089, 46.7113
17.750000, 102.122, 45.7692
18.000000, 102.152, 44.8525
18.250000, 102.181, 43.9496
18.500000, 102.208, 43.0707
18.750000, 102.235, 42.2146
19.000000, 102.262, 41.3775
19.250000, 102.289, 40.5433
19.500000, 102.316, 39.7229
19.750000, 102.341, 38.9156
20.000000, 102.365, 38.1213
20.299999, 102.390, 37.1729
20.600000, 102.414, 36.2459
20.900000, 102.435, 35.3416
21.200001, 102.454, 34.4518
21.400000, 102.465, 33.8680
21.799999, 102.485, 32.7295
22.000000, 102.494, 32.1737
22.400000, 102.509, 31.0772
22.700001, 102.520, 30.2772
23.000000, 102.530, 29.4947
23.299999, 102.538, 28.7216
23.600000, 102.546, 27.9634
24.000000, 102.556, 26.9764
24.299999, 102.562, 26.2485
24.700001, 102.569, 25.3047
25.000000, 102.573, 24.6167
25.400000, 102.579, 23.7134
25.799999, 102.584, 22.8302
26.200001, 102.587, 21.9596
26.500000, 102.588, 21.3156
26.900000, 102.588, 20.4772
27.200001, 102.587, 19.8611
27.600000, 102.586, 19.0568
28.000000, 102.583, 18.2703
28.500000, 102.577, 17.3037
29.000000, 102.568, 16.3708
29.500000, 102.559, 15.4741
30.000000, 102.550, 14.6074
30.400000, 102.544, 13.9126
30.700001, 102.538, 13.3872
31.100000, 102.527, 12.6836
31.500000, 102.512, 11.9875
32.000000, 102.488, 11.1575
32.500000, 102.464, 10.3729
33.000000, 102.443, 9.6195
33.500000, 102.423, 8.8721
34.000000, 102.403, 8.1311
34.500000, 102.382, 7.4025
35.000000, 102.361, 6.6935
35.500000, 102.339, 5.9994
36.000000, 102.316, 5.3224
36.500000, 102.293, 4.6615
37.000000, 102.270, 4.0176
37.500000, 102.246, 3.3812
38.200001, 102.211, 2.5023
38.700001, 102.184, 1.8887
39.500000, 102.139, 0.9407
40.000000, 102.111, 0.3635
40.599998, 102.077, -0.3218
41.200001, 102.042, -0.9913
41.799999, 102.006, -1.6423
42.500000, 101.965, -2.3860
43.099998, 101.931, -3.0123
43.700001, 101.897, -3.6259
44.400002, 101.857, -4.3235
45.000000, 101.821, -4.9099
45.500000, 101.790, -5.3892
46.200001, 101.746, -6.0343
46.799999, 101.710, -6.5648
47.500000, 101.668, -7.1724
48.200001, 101.626, -7.7722
48.700001, 101.596, -8.1906
49.400002, 101.553, -8.7611
50.000000, 101.516, -9.2419
50.799999, 101.467, -9.8728
51.500000, 101.423, -10.4103
52.200001, 101.380, -10.9423
53.000000, 101.329, -11.5521
53.799999, 101.273, -12.1426
54.500000, 101.222, -12.6276
55.200001, 101.173, -13.0909
56.000000, 101.118, -13.6096
57.000000, 101.051, -14.2532
58.000000, 100.983, -14.8887
59.000000, 100.914, -15.5026
60.000000, 100.846, -16.1079
60.799999, 100.791, -16.5942
61.500000, 100.739, -17.0039
62.200001, 100.688, -17.3827
63.000000, 100.632, -17.7889
64.000000, 100.566, -18.2988
65.000000, 100.499, -18.8115
66.000000, 100.429, -19.3062
67.000000, 100.359, -19.7712
68.000000, 100.290, -20.2274
69.000000, 100.219, -20.6810
70.000000, 100.147, -21.1194
71.000000, 100.076, -21.5465
72.000000, 100.004, -21.9562
73.000000, 99.934, -22.3547
74.000000, 99.865, -22.7504
75.000000, 99.795, -23.1342
76.199997, 99.710, -23.5737
77.500000, 99.619, -24.0206
78.800003, 99.529, -24.4455
80.000000, 99.446, -24.8262
81.199997, 99.364, -25.1968
82.500000, 99.274, -25.5928
83.800003, 99.183, -25.9755
85.000000, 99.100, -26.3080
86.199997, 99.019, -26.6216
87.500000, 98.933, -26.9449
88.500000, 98.868, -27.1843
90.000000, 98.771, -27.5327
91.199997, 98.693, -27.8022
92.500000, 98.608, -28.0834
93.800003, 98.523, -28.3568
95.000000, 98.444, -28.6022
96.199997, 98.365, -28.8378
97.500000, 98.281, -29.0746
98.800003, 98.198, -29.2959
100.000000, 98.121, -29.4945
101.500000, 98.024, -29.7217
103.000000, 97.926, -29.9285
104.400002, 97.835, -30.1085
106.000000, 97.732, -30.3137
107.500000, 97.635, -30.5043
109.000000, 97.538, -30.6718
110.599998, 97.438, -30.8317
112.000000, 97.350, -30.9598
113.800003, 97.236, -31.1102
115.000000, 97.159, -31.2055
117.199997, 97.020, -31.3937
118.000000, 96.970, -31.4618
120.599998, 96.813, -31.6015
122.000000, 96.735, -31.6550
124.099998, 96.615, -31.6826
125.000000, 96.564, -31.6807
126.500000, 96.477, -31.6951
128.000000, 96.387, -31.7042
131.500000, 96.192, -31.7867
132.000000, 96.164, -31.8071
134.000000, 96.052, -31.8316
136.000000, 95.951, -31.7928
138.000000, 95.853, -31.7581
140.000000, 95.753, -31.7125
143.000000, 95.601, -31.6190
145.000000, 95.500, -31.5475
147.500000, 95.374, -31.4486
150.000000, 95.248, -31.2998
152.500000, 95.126, -31.1003
155.000000, 95.003, -30.8982
157.500000, 94.880, -30.6786
160.000000, 94.762, -30.4583
162.500000, 94.646, -30.2267
165.000000, 94.530, -29.9640
167.500000, 94.414, -29.6668
170.000000, 94.299, -29.3472
172.500000, 94.186, -29.0233
175.000000, 94.070, -28.6900
177.500000, 93.953, -28.3186
180.000000, 93.837, -27.9238
182.500000, 93.722, -27.5002
185.000000, 93.606, -27.0503
187.500000, 93.487, -26.5449
190.000000, 93.374, -25.9683
192.500000, 93.272, -25.3299
195.000000, 93.186, -24.6284
197.500000, 93.118, -23.9105
200.000000, 93.061, -23.2611
203.000000, 92.993, -22.5033
206.000000, 92.940, -21.6953
209.000000, 92.909, -20.9498
212.000000, 92.883, -20.4030
214.000000, 92.855, -20.1113
218.000000, 92.777, -19.5149
220.000000, 92.733, -19.1750
224.000000, 92.649, -18.4460
227.000000, 92.588, -17.8542
230.000000, 92.530, -17.2021
233.000000, 92.480, -16.5203
236.000000, 92.440, -15.8464
240.000000, 92.393, -14.9463
243.000000, 92.359, -14.2388
247.000000, 92.320, -13.3026
250.000000, 92.300, -12.6149
254.000000, 92.281, -11.6948
258.000000, 92.270, -10.7578
262.000000, 92.269, -9.8648
265.000000, 92.273, -9.2376
269.000000, 92.284, -8.4348
272.000000, 92.292, -7.8444
276.000000, 92.310, -7.0963
280.000000, 92.341, -6.3517
285.000000, 92.382, -5.3712
290.000000, 92.433, -4.5470
295.000000, 92.493, -3.7526
300.000000, 92.554, -3.0475
304.000000, 92.606, -2.5681
307.000000, 92.646, -2.2297
311.000000, 92.699, -1.7854
315.000000, 92.752, -1.3643
320.000000, 92.820, -0.8792
325.000000, 92.888, -0.4501
330.000000, 92.955, -0.0673
335.000000, 93.021, 0.2831
340.000000, 93.085, 0.6027
345.000000, 93.148, 0.8811
350.000000, 93.209, 1.1169
355.000000, 93.266, 1.3070
360.000000, 93.318, 1.4563
365.000000, 93.366, 1.5781
370.000000, 93.412, 1.6714
375.000000, 93.454, 1.7394
382.000000, 93.505, 1.8188
387.000000, 93.536, 1.8682
395.000000, 93.579, 1.9186
400.000000, 93.602, 1.9371
406.000000, 93.625, 1.9557
412.000000, 93.643, 1.9742
418.000000, 93.658, 1.9933
425.000000, 93.671, 2.0059
431.000000, 93.678, 2.0206
437.000000, 93.681, 2.0446
444.000000, 93.683, 2.0818
450.000000, 93.681, 2.1158
455.000000, 93.678, 2.1470
462.000000, 93.672, 2.2014
468.000000, 93.665, 2.2608
475.000000, 93.655, 2.3378
482.000000, 93.643, 2.4242
487.000000, 93.635, 2.4915
494.000000, 93.624, 2.5978
500.000000, 93.612, 2.7034
508.000000, 93.595, 2.8562
515.000000, 93.580, 3.0000
522.000000, 93.564, 3.1559
530.000000, 93.545, 3.3566
538.000000, 93.526, 3.5753
545.000000, 93.510, 3.7719
552.000000, 93.495, 3.9728
560.000000, 93.478, 4.2167
570.000000, 93.457, 4.5420
580.000000, 93.435, 4.8856
590.000000, 93.414, 5.2523
600.000000, 93.394, 5.6371
608.000000, 93.376, 5.9514
615.000000, 93.361, 6.2343
622.000000, 93.347, 6.5257
630.000000, 93.331, 6.8665
640.000000, 93.312, 7.3078
650.000000, 93.293, 7.7585
660.000000, 93.277, 8.2243
670.000000, 93.263, 8.6993
680.000000, 93.253, 9.1797
690.000000, 93.246, 9.6650
700.000000, 93.242, 10.1588
710.000000, 93.240, 10.6630
720.000000, 93.240, 11.1703
730.000000, 93.242, 11.6794
740.000000, 93.247, 12.1931
750.000000, 93.255, 12.7086
762.000000, 93.267, 13.3273
775.000000, 93.283, 13.9940
788.000000, 93.304, 14.6588
800.000000, 93.327, 15.2645
812.000000, 93.354, 15.8660
825.000000, 93.388, 16.5042
838.000000, 93.427, 17.1229
850.000000, 93.468, 17.6760
862.000000, 93.512, 18.2106
875.000000, 93.566, 18.7504
885.000000, 93.612, 19.1188
900.000000, 93.690, 19.5574
912.000000, 93.753, 19.7378
925.000000, 93.791, 19.6975
938.000000, 93.760, 19.6561
950.000000, 93.693, 20.1705
962.000000, 93.684, 21.1802
975.000000, 93.762, 22.1263
988.000000, 93.873, 22.5906
1000.000000, 93.959, 22.6437
1015.000000, 94.004, 22.4052
1030.000000, 93.958, 22.2836
1044.000000, 93.878, 22.7236
1060.000000, 93.834, 23.7714
1075.000000, 93.862, 24.8093
1090.000000, 93.934, 25.6622
1106.000000, 94.034, 26.3696
1120.000000, 94.125, 26.8660
1138.000000, 94.239, 27.3961
1150.000000, 94.310, 27.7048
1172.000000, 94.433, 28.2086
1180.000000, 94.476, 28.3783
1206.000000, 94.610, 28.8886
1220.000000, 94.682, 29.1442
1241.000000, 94.790, 29.5050
1250.000000, 94.835, 29.6548
1265.000000, 94.910, 29.8998
1280.000000, 94.983, 30.1362
1315.000000, 95.144, 30.6815
1320.000000, 95.166, 30.7586
1340.000000, 95.245, 31.0629
1360.000000, 95.304, 31.3620
1380.000000, 95.360, 31.6640
1400.000000, 95.429, 31.9665
1430.000000, 95.541, 32.4185
1450.000000, 95.615, 32.7216
1475.000000, 95.707, 33.1020
1500.000000, 95.797, 33.4830
1525.000000, 95.885, 33.8654
1550.000000, 95.968, 34.2477
1575.000000, 96.050, 34.6262
1600.000000, 96.132, 35.0016
1625.000000, 96.215, 35.3739
1650.000000, 96.300, 35.7429
1675.000000, 96.385, 36.1065
1700.000000, 96.470, 36.4647
1725.000000, 96.556, 36.8148
1750.000000, 96.641, 37.1603
1775.000000, 96.726, 37.4993
1800.000000, 96.812, 37.8282
1825.000000, 96.900, 38.1488
1850.000000, 96.988, 38.4635
1875.000000, 97.078, 38.7674
1900.000000, 97.168, 39.0573
1925.000000, 97.260, 39.3371
1950.000000, 97.352, 39.6062
1975.000000, 97.444, 39.8640
2000.000000, 97.537, 40.1099
2030.000000, 97.650, 40.3865
2060.000000, 97.765, 40.6404
2090.000000, 97.881, 40.8757
2120.000000, 97.998, 41.0912
2140.000000, 98.077, 41.2211
2180.000000, 98.238, 41.4487
2200.000000, 98.317, 41.5472
2240.000000, 98.472, 41.7132
2270.000000, 98.589, 41.8100
2300.000000, 98.706, 41.8799
2330.000000, 98.823, 41.9258
2360.000000, 98.942, 41.9429
2400.000000, 99.100, 41.9268
2430.000000, 99.219, 41.8813
2470.000000, 99.377, 41.7787
2500.000000, 99.494, 41.6658
2540.000000, 99.646, 41.4708
2580.000000, 99.796, 41.2316
2620.000000, 99.945, 40.9450
2650.000000, 100.055, 40.7028
2690.000000, 100.202, 40.3454
2720.000000, 100.310, 40.0452
2760.000000, 100.452, 39.5880
2800.000000, 100.590, 39.0586
2850.000000, 100.753, 38.2957
2900.000000, 100.904, 37.4310
2950.000000, 101.042, 36.4850
3000.000000, 101.167, 35.4716
3040.000000, 101.257, 34.6155
3070.000000, 101.318, 33.9504
3110.000000, 101.390, 33.0380
3150.000000, 101.451, 32.0983
3200.000000, 101.511, 30.8937
3250.000000, 101.554, 29.6711
3300.000000, 101.578, 28.4496
3350.000000, 101.585, 27.2484
3400.000000, 101.578, 26.0917
3450.000000, 101.566, 24.9911
3500.000000, 101.555, 23.9413
3550.000000, 101.546, 22.8971
3600.000000, 101.534, 21.8015
3650.000000, 101.511, 20.6232
3700.000000, 101.467, 19.3867
3750.000000, 101.397, 18.1494
3820.000000, 101.261, 16.5042
3870.000000, 101.140, 15.4230
3950.000000, 100.915, 13.8909
4000.000000, 100.760, 13.0557
4060.000000, 100.563, 12.1709
4120.000000, 100.357, 11.4119
4180.000000, 100.144, 10.7737
4250.000000, 99.888, 10.1733
4310.000000, 99.663, 9.7795
4370.000000, 99.428, 9.4892
4440.000000, 99.148, 9.2761
4500.000000, 98.907, 9.1971
4550.000000, 98.706, 9.1990
4620.000000, 98.427, 9.2967
4680.000000, 98.191, 9.4650
4750.000000, 97.920, 9.7541
4820.000000, 97.653, 10.1343
4870.000000, 97.465, 10.4587
4940.000000, 97.206, 10.9817
5000.000000, 96.987, 11.4918
5080.000000, 96.698, 12.2643
5150.000000, 96.449, 13.0273
5220.000000, 96.204, 13.8809
5300.000000, 95.930, 14.9834
5380.000000, 95.668, 16.2261
5450.000000, 95.450, 17.4237
5520.000000, 95.246, 18.7363
5600.000000, 95.039, 20.4048
5700.000000, 94.847, 22.6212
5800.000000, 94.714, 24.5602
5900.000000, 94.578, 26.2674
6000.000000, 94.440, 28.0318
6080.000000, 94.341, 29.5072
6150.000000, 94.268, 30.8164
6220.000000, 94.209, 32.1237
6300.000000, 94.156, 33.6038
6400.000000, 94.112, 35.4281
6500.000000, 94.093, 37.2098
6600.000000, 94.099, 38.9175
6700.000000, 94.126, 40.5255
6800.000000, 94.178, 42.0332
6900.000000, 94.269, 43.4576
7000.000000, 94.402, 44.8187
7100.000000, 94.573, 46.1163
7200.000000, 94.784, 47.2945
7300.000000, 95.042, 48.2463
7400.000000, 95.340, 48.8458
7500.000000, 95.675, 48.9836
7620.000000, 96.121, 48.3907
7750.000000, 96.620, 46.6414
7880.000000, 96.997, 43.5923
8000.000000, 97.191, 39.6102
8120.000000, 97.188, 34.7162
8250.000000, 96.901, 28.9207
8380.000000, 96.294, 23.4023
8500.000000, 95.477, 19.2231
8620.000000, 94.469, 16.4210
8750.000000, 93.246, 15.3169
8850.000000, 92.291, 15.9105
9000.000000, 90.974, 18.8638
9120.000000, 90.108, 22.4633
9250.000000, 89.396, 26.8046
9380.000000, 88.887, 30.8610
9500.000000, 88.526, 33.9648
9620.000000, 88.197, 36.4295
9750.000000, 87.820, 38.6031
9880.000000, 87.394, 40.6011
10000.000000, 86.958, 42.5499
10150.000000, 86.374, 45.3531
10300.000000, 85.781, 48.6540
10440.000000, 85.243, 52.1720
10600.000000, 84.670, 56.6655
10750.000000, 84.190, 61.2811
10900.000000, 83.780, 66.1259
11060.000000, 83.419, 71.3281
11200.000000, 83.160, 75.8689
11380.000000, 82.889, 81.7226
11500.000000, 82.741, 85.6331
11720.000000, 82.550, 92.7517
11800.000000, 82.509, 95.3044
12060.000000, 82.471, 103.4217
12200.000000, 82.497, 107.6528
12410.000000, 82.594, 113.7751
12500.000000, 82.660, 116.3092
12650.000000, 82.803, 120.4132
12800.000000, 82.990, 124.3492
13150.000000, 83.645, 132.7230
13200.000000, 83.771, 133.7834
13400.000000, 84.356, 137.4878
13600.000000, 85.081, 139.8632
13800.000000, 85.892, 140.1647
14000.000000, 86.601, 137.9040
14300.000000, 86.955, 131.4618
14500.000000, 86.693, 128.3552
14750.000000, 86.382, 127.3782
15000.000000, 86.451, 126.3389
15250.000000, 86.622, 122.5511
15500.000000, 86.589, 116.2703
15750.000000, 86.198, 108.4867
16000.000000, 85.311, 100.2733
16250.000000, 83.886, 93.0918
16500.000000, 82.019, 88.2677
16750.000000, 79.880, 86.4913
17000.000000, 77.638, 87.9340
17250.000000, 75.445, 92.5139
17500.000000, 73.479, 99.9125
17750.000000, 71.915, 108.8594
18000.000000, 70.732, 117.1635
18250.000000, 69.649, 123.8430
18500.000000, 68.450, 130.1179
18750.000000, 67.150, 137.2053
19000.000000, 65.835, 145.3278
19250.000000, 64.556, 154.5948
19500.000000, 63.353, 164.6580
19750.000000, 62.295, 175.4059
20000.000000, 61.370, -173.7507
20300.000000, 60.476, -161.6153
20600.000000, 59.907, -151.3337
20900.000000, 59.339, -143.9737
21200.000000, 57.988, -142.6313
21400.000000, 56.170, -142.6939
21800.000000, 50.471, -131.1175
22000.000000, 47.341, 164.8130
22400.000000, 43.476, -154.7604
22700.000000, 42.504, 87.7346
23000.000000, 41.839, 35.2594
23300.000000, 42.275, -20.0029
23600.000000, 45.922, 87.7327
24000.000000, 50.474, 145.2626
