* Measurement data measured by REW V5.31.3
* Source: E2x2, MICROPHONE (Analogue 1), 1, volume: 1.000. Timing signal peak level -34.7 dBFS, measurement signal peak level -32.1 dBFS
* Format: 512k Log Swept Sine, 1 sweep at -33.6 dBFS using an acoustic timing reference
* Dated: Apr 26, 2025 1:26:40 PM
* REW Settings:
*  C-weighting compensation: Off
*  Target level: 75.0 dB
* Note: ; Fosi DS1 + E2x2 MacBook Delay -0.0279 ms (-9.6 mm, -0.38 in) using estimated IR delay relative to Acoustic reference played from SPEAKER L with no timing offset Clock adjustment: -26.9 ppm
* Measurement: L
* Smoothing: 1/24 octave
* Frequency Step: 1/48 octave
* Start Frequency: 1.000 Hz
*
* Freq(Hz), SPL(dB), Phase(degrees)
1.000000, 40.865, 46.1536
1.015000, 40.839, 44.7774
1.030000, 40.825, 43.4314
1.044000, 40.823, 42.1977
1.060000, 40.835, 40.8088
1.075000, 40.861, 39.5224
1.090000, 40.902, 38.2489
1.106000, 40.963, 36.9154
1.120000, 41.033, 35.7940
1.138000, 41.144, 34.4359
1.150000, 41.230, 33.5857
1.172000, 41.413, 32.0521
1.180000, 41.487, 31.4382
1.206000, 41.750, 29.5803
1.220000, 41.905, 28.6589
1.241000, 42.152, 27.3739
1.250000, 42.263, 26.8569
1.265000, 42.454, 26.0374
1.280000, 42.650, 25.2676
1.315000, 43.126, 23.6455
1.320000, 43.195, 23.4319
1.340000, 43.474, 22.6179
1.360000, 43.754, 21.8677
1.380000, 44.032, 21.0424
1.400000, 44.304, 20.2154
1.430000, 44.699, 19.0528
1.450000, 44.950, 18.3236
1.475000, 45.249, 17.4748
1.500000, 45.545, 16.7336
1.525000, 45.843, 16.1088
1.550000, 46.143, 15.5870
1.575000, 46.444, 15.0809
1.600000, 46.747, 14.5189
1.625000, 47.050, 14.0182
1.650000, 47.352, 13.5670
1.675000, 47.654, 13.1553
1.700000, 47.954, 12.7741
1.725000, 48.252, 12.4160
1.750000, 48.548, 12.0748
1.775000, 48.840, 11.6917
1.800000, 49.127, 11.2117
1.825000, 49.411, 10.7421
1.850000, 49.691, 10.2962
1.875000, 49.968, 9.8965
1.900000, 50.242, 9.5460
1.925000, 50.515, 9.2389
1.950000, 50.784, 8.9701
1.975000, 51.052, 8.6821
2.000000, 51.317, 8.3204
2.030000, 51.632, 7.9167
2.060000, 51.944, 7.5325
2.090000, 52.253, 7.1605
2.120000, 52.558, 6.7940
2.140000, 52.760, 6.5500
2.180000, 53.158, 6.0066
2.200000, 53.356, 5.6874
2.240000, 53.745, 5.0821
2.270000, 54.033, 4.6692
2.300000, 54.318, 4.2883
2.330000, 54.599, 3.9338
2.360000, 54.876, 3.5991
2.400000, 55.242, 3.0563
2.430000, 55.512, 2.6430
2.470000, 55.868, 2.0974
2.500000, 56.132, 1.6869
2.540000, 56.479, 1.1324
2.580000, 56.821, 0.5346
2.620000, 57.158, -0.1242
2.650000, 57.407, -0.5963
2.690000, 57.735, -1.2011
2.720000, 57.977, -1.6395
2.760000, 58.295, -2.2056
2.800000, 58.608, -2.8498
2.850000, 58.993, -3.6633
2.900000, 59.369, -4.4812
2.950000, 59.738, -5.3057
3.000000, 60.098, -6.1898
3.040000, 60.380, -6.9075
3.070000, 60.589, -7.4362
3.110000, 60.862, -8.1294
3.150000, 61.131, -8.8113
3.200000, 61.460, -9.7094
3.250000, 61.782, -10.6279
3.300000, 62.097, -11.5453
3.350000, 62.404, -12.4604
3.400000, 62.704, -13.4269
3.450000, 62.997, -14.4048
3.500000, 63.282, -15.3660
3.550000, 63.560, -16.3080
3.600000, 63.832, -17.2789
3.650000, 64.097, -18.2557
3.700000, 64.355, -19.2268
3.750000, 64.606, -20.1973
3.820000, 64.947, -21.6065
3.870000, 65.182, -22.6094
3.950000, 65.545, -24.1705
4.000000, 65.765, -25.1507
4.060000, 66.021, -26.3239
4.120000, 66.268, -27.4898
4.180000, 66.507, -28.6572
4.250000, 66.775, -30.0424
4.310000, 66.996, -31.1929
4.370000, 67.211, -32.3100
4.440000, 67.453, -33.6195
4.500000, 67.653, -34.7278
4.550000, 67.813, -35.6389
4.620000, 68.031, -36.9230
4.680000, 68.211, -37.9962
4.750000, 68.416, -39.1977
4.820000, 68.613, -40.3879
4.870000, 68.750, -41.2268
4.940000, 68.935, -42.3747
5.000000, 69.090, -43.3492
5.080000, 69.290, -44.6153
5.150000, 69.462, -45.6729
5.220000, 69.629, -46.7171
5.300000, 69.815, -47.8809
5.380000, 69.996, -49.0085
5.450000, 70.153, -49.9859
5.520000, 70.308, -50.9282
5.600000, 70.484, -51.9798
5.700000, 70.700, -53.2707
5.800000, 70.915, -54.5331
5.900000, 71.128, -55.7869
6.000000, 71.342, -57.0160
6.080000, 71.511, -57.9994
6.150000, 71.659, -58.8526
6.220000, 71.805, -59.7222
6.300000, 71.972, -60.7196
6.400000, 72.179, -61.9706
6.500000, 72.383, -63.2402
6.600000, 72.582, -64.5260
6.700000, 72.776, -65.8432
6.800000, 72.966, -67.1759
6.900000, 73.148, -68.5251
7.000000, 73.322, -69.8826
7.100000, 73.487, -71.2644
7.200000, 73.644, -72.6495
7.300000, 73.792, -74.0273
7.400000, 73.930, -75.3920
7.500000, 74.057, -76.7579
7.620000, 74.199, -78.3637
7.750000, 74.337, -80.0357
7.880000, 74.461, -81.6587
8.000000, 74.565, -83.0864
8.120000, 74.661, -84.4314
8.250000, 74.758, -85.8024
8.380000, 74.852, -87.0845
8.500000, 74.939, -88.1865
8.620000, 75.026, -89.2129
8.750000, 75.125, -90.2656
8.850000, 75.206, -91.0434
9.000000, 75.335, -92.1565
9.120000, 75.445, -93.0371
9.250000, 75.570, -94.0021
9.380000, 75.701, -94.9776
9.500000, 75.824, -95.9110
9.620000, 75.947, -96.8832
9.750000, 76.078, -97.9764
9.880000, 76.195, -99.1070
10.000000, 76.286, -100.1801
10.150000, 76.379, -101.5751
10.300000, 76.450, -102.9598
10.440000, 76.498, -104.2357
10.600000, 76.537, -105.6396
10.750000, 76.564, -106.8735
10.900000, 76.583, -108.0239
11.060000, 76.599, -109.1544
11.200000, 76.613, -110.0730
11.380000, 76.638, -111.1487
11.500000, 76.660, -111.8070
11.720000, 76.720, -112.9512
11.800000, 76.748, -113.3635
12.060000, 76.862, -114.7497
12.200000, 76.932, -115.5777
12.410000, 77.040, -116.9068
12.500000, 77.083, -117.5095
12.650000, 77.148, -118.5540
12.800000, 77.203, -119.6247
13.150000, 77.280, -122.1421
13.200000, 77.286, -122.4914
13.400000, 77.300, -123.8253
13.600000, 77.303, -125.0306
13.800000, 77.304, -126.0904
14.000000, 77.311, -127.0257
14.300000, 77.343, -128.2987
14.500000, 77.381, -129.1134
14.750000, 77.442, -130.1676
15.000000, 77.510, -131.3014
15.250000, 77.572, -132.5331
15.500000, 77.618, -133.7815
15.750000, 77.646, -134.9795
16.000000, 77.660, -136.0664
16.250000, 77.674, -137.0451
16.500000, 77.696, -137.9192
16.750000, 77.735, -138.7487
17.000000, 77.789, -139.6088
17.250000, 77.850, -140.5619
17.500000, 77.907, -141.6082
17.750000, 77.947, -142.7136
18.000000, 77.968, -143.8223
18.250000, 77.971, -144.8824
18.500000, 77.964, -145.8353
18.750000, 77.957, -146.6688
19.000000, 77.960, -147.4062
19.250000, 77.980, -148.1151
19.500000, 78.015, -148.8404
19.750000, 78.058, -149.6253
20.000000, 78.103, -150.4882
20.299999, 78.149, -151.6227
20.600000, 78.181, -152.8017
20.900000, 78.198, -153.9692
21.200001, 78.206, -155.0963
21.400000, 78.208, -155.8180
21.799999, 78.210, -157.1931
22.000000, 78.210, -157.8532
22.400000, 78.209, -159.1348
22.700001, 78.207, -160.0498
23.000000, 78.206, -160.9286
23.299999, 78.206, -161.7920
23.600000, 78.205, -162.6525
24.000000, 78.196, -163.8006
24.299999, 78.174, -164.6323
24.700001, 78.123, -165.5809
25.000000, 78.080, -166.1007
25.400000, 78.044, -166.5459
25.799999, 78.063, -166.8827
26.200001, 78.133, -167.4259
26.500000, 78.194, -168.0974
26.900000, 78.246, -169.3069
27.200001, 78.243, -170.3105
27.600000, 78.188, -171.5072
28.000000, 78.113, -172.3569
28.500000, 78.071, -173.0569
29.000000, 78.108, -173.8587
29.500000, 78.162, -175.0933
30.000000, 78.170, -176.5307
30.400000, 78.150, -177.5746
30.700001, 78.139, -178.2569
31.100000, 78.145, -179.1320
31.500000, 78.162, 179.8945
32.000000, 78.155, 178.5419
32.500000, 78.090, 177.3535
33.000000, 78.007, 176.6542
33.500000, 77.976, 176.3164
34.000000, 78.006, 175.8912
34.500000, 78.038, 175.1246
35.000000, 78.020, 174.1896
35.500000, 77.954, 173.3761
36.000000, 77.877, 172.7752
36.500000, 77.808, 172.2700
37.000000, 77.744, 171.7701
37.500000, 77.682, 171.2845
38.200001, 77.626, 170.5944
38.700001, 77.609, 169.9397
39.500000, 77.571, 168.5829
40.000000, 77.531, 167.7786
40.599998, 77.504, 166.9803
41.200001, 77.522, 166.1403
41.799999, 77.545, 165.0775
42.500000, 77.526, 163.8337
43.099998, 77.500, 163.0299
43.700001, 77.499, 162.2990
44.400002, 77.489, 161.2457
45.000000, 77.427, 160.3985
45.500000, 77.365, 159.9548
46.200001, 77.338, 159.5257
46.799999, 77.365, 158.8323
47.500000, 77.363, 157.5053
48.200001, 77.281, 156.0966
48.700001, 77.190, 155.2672
49.400002, 77.042, 154.4962
50.000000, 76.921, 154.3409
50.799999, 76.868, 154.7762
51.500000, 76.968, 154.9636
52.200001, 77.098, 154.2570
53.000000, 77.116, 152.7946
53.799999, 77.001, 151.7265
54.500000, 76.905, 151.3040
55.200001, 76.857, 150.8609
56.000000, 76.804, 150.0359
57.000000, 76.706, 148.9328
58.000000, 76.630, 147.8308
59.000000, 76.533, 146.6635
60.000000, 76.440, 145.9753
60.799999, 76.416, 145.4329
61.500000, 76.375, 144.7932
62.200001, 76.301, 144.3479
63.000000, 76.248, 144.1060
64.000000, 76.229, 143.3908
65.000000, 76.148, 142.3555
66.000000, 76.050, 141.5172
67.000000, 75.965, 140.8001
68.000000, 75.914, 140.2939
69.000000, 75.915, 139.7297
70.000000, 75.907, 138.8965
71.000000, 75.844, 138.0757
72.000000, 75.748, 137.5171
73.000000, 75.660, 137.0535
74.000000, 75.567, 136.4847
75.000000, 75.468, 135.8965
76.199997, 75.366, 135.2823
77.500000, 75.334, 134.5943
78.800003, 75.285, 133.3072
80.000000, 75.161, 132.6186
81.199997, 75.089, 132.3141
82.500000, 75.026, 131.7475
83.800003, 74.942, 131.0559
85.000000, 74.856, 130.3864
86.199997, 74.781, 129.7537
87.500000, 74.725, 129.0181
88.500000, 74.681, 128.4309
90.000000, 74.617, 127.6917
91.199997, 74.567, 127.1419
92.500000, 74.493, 126.5001
93.800003, 74.396, 126.0263
95.000000, 74.328, 125.6229
96.199997, 74.261, 125.0283
97.500000, 74.176, 124.3842
98.800003, 74.103, 123.8451
100.000000, 74.049, 123.3316
101.500000, 73.971, 122.6927
103.000000, 73.891, 122.2940
104.400002, 73.844, 121.8427
106.000000, 73.767, 121.1125
107.500000, 73.689, 120.5772
109.000000, 73.628, 120.0340
110.599998, 73.556, 119.5260
112.000000, 73.494, 119.1962
113.800003, 73.418, 118.6617
115.000000, 73.352, 118.2053
117.199997, 73.234, 117.2368
118.000000, 73.189, 116.8241
120.599998, 73.042, 116.0009
122.000000, 73.020, 115.8022
124.099998, 72.987, 115.2023
125.000000, 72.957, 114.9457
126.500000, 72.895, 114.5495
128.000000, 72.836, 114.1884
131.500000, 72.714, 112.9415
132.000000, 72.691, 112.7652
134.000000, 72.597, 112.1880
136.000000, 72.500, 111.8191
138.000000, 72.429, 111.5931
140.000000, 72.386, 111.0049
143.000000, 72.259, 109.9387
145.000000, 72.198, 109.4630
147.500000, 72.123, 108.8676
150.000000, 72.063, 108.3664
152.500000, 72.010, 107.6466
155.000000, 71.939, 106.8915
157.500000, 71.865, 106.3458
160.000000, 71.793, 105.8181
162.500000, 71.723, 105.3552
165.000000, 71.663, 104.8441
167.500000, 71.600, 104.2600
170.000000, 71.527, 103.6220
172.500000, 71.458, 103.0906
175.000000, 71.398, 102.5916
177.500000, 71.324, 102.2068
180.000000, 71.256, 101.9447
182.500000, 71.206, 101.5508
185.000000, 71.141, 101.0409
187.500000, 71.055, 100.5407
190.000000, 70.954, 99.9339
192.500000, 70.928, 99.5594
195.000000, 70.980, 98.9549
197.500000, 70.959, 98.4671
200.000000, 70.893, 98.4483
203.000000, 70.811, 97.8833
206.000000, 70.759, 97.5327
209.000000, 70.714, 96.8243
212.000000, 70.582, 96.0232
214.000000, 70.511, 95.8483
218.000000, 70.484, 95.9913
220.000000, 70.474, 95.9474
224.000000, 70.459, 95.2105
227.000000, 70.444, 94.2069
230.000000, 70.415, 93.2693
233.000000, 70.367, 92.6194
236.000000, 70.330, 92.4103
240.000000, 70.287, 92.3447
243.000000, 70.220, 92.2233
247.000000, 70.143, 91.9661
250.000000, 70.160, 91.7975
254.000000, 70.172, 91.0577
258.000000, 70.085, 89.8274
262.000000, 70.052, 89.1236
265.000000, 70.022, 88.6548
269.000000, 69.982, 87.7890
272.000000, 69.988, 87.4422
276.000000, 69.996, 87.5223
280.000000, 69.960, 87.2150
285.000000, 69.889, 86.3611
290.000000, 69.825, 85.7197
295.000000, 69.748, 85.2668
300.000000, 69.708, 84.6754
304.000000, 69.717, 84.3765
307.000000, 69.719, 84.1594
311.000000, 69.699, 83.4042
315.000000, 69.682, 82.4547
320.000000, 69.658, 81.9158
325.000000, 69.650, 81.7210
330.000000, 69.672, 81.2666
335.000000, 69.676, 80.6898
340.000000, 69.675, 80.1476
345.000000, 69.637, 79.7274
350.000000, 69.617, 79.1925
355.000000, 69.609, 78.7617
360.000000, 69.578, 78.5837
365.000000, 69.552, 78.1847
370.000000, 69.542, 77.7061
375.000000, 69.547, 77.2320
382.000000, 69.536, 76.6285
387.000000, 69.527, 76.2473
395.000000, 69.512, 75.7218
400.000000, 69.492, 75.3499
406.000000, 69.489, 74.9361
412.000000, 69.485, 74.3736
418.000000, 69.489, 73.8331
425.000000, 69.469, 73.4009
431.000000, 69.456, 73.0428
437.000000, 69.441, 72.6147
444.000000, 69.456, 72.4083
450.000000, 69.501, 71.9759
455.000000, 69.495, 71.5532
462.000000, 69.448, 71.4662
468.000000, 69.415, 70.8893
475.000000, 69.402, 70.1384
482.000000, 69.403, 69.7577
487.000000, 69.410, 69.4924
494.000000, 69.406, 69.1354
500.000000, 69.401, 68.8511
508.000000, 69.399, 68.4659
515.000000, 69.394, 68.0856
522.000000, 69.388, 67.8167
530.000000, 69.397, 67.5914
538.000000, 69.416, 67.2110
545.000000, 69.438, 66.8167
552.000000, 69.457, 66.4654
560.000000, 69.461, 66.1858
570.000000, 69.462, 65.8611
580.000000, 69.455, 65.5627
590.000000, 69.452, 65.2770
600.000000, 69.461, 65.0112
608.000000, 69.481, 64.7353
615.000000, 69.500, 64.4544
622.000000, 69.512, 64.2819
630.000000, 69.528, 64.1611
640.000000, 69.549, 63.9856
650.000000, 69.557, 63.6897
660.000000, 69.574, 63.4832
670.000000, 69.581, 63.3972
680.000000, 69.587, 63.2286
690.000000, 69.593, 63.0472
700.000000, 69.607, 62.9634
710.000000, 69.631, 62.8207
720.000000, 69.657, 62.6422
730.000000, 69.694, 62.5394
740.000000, 69.736, 62.4853
750.000000, 69.769, 62.4153
762.000000, 69.790, 62.2508
775.000000, 69.791, 62.0675
788.000000, 69.819, 62.1703
800.000000, 69.869, 62.2396
812.000000, 69.921, 62.2055
825.000000, 69.978, 62.1442
838.000000, 70.023, 62.1377
850.000000, 70.062, 62.1566
862.000000, 70.101, 62.1939
875.000000, 70.154, 62.2599
885.000000, 70.206, 62.3409
900.000000, 70.288, 62.3881
912.000000, 70.357, 62.3572
925.000000, 70.426, 62.3465
938.000000, 70.489, 62.2797
950.000000, 70.545, 62.1618
962.000000, 70.598, 62.0454
975.000000, 70.657, 62.0042
988.000000, 70.718, 61.9214
1000.000000, 70.776, 61.7702
1015.000000, 70.837, 61.7242
1030.000000, 70.891, 61.7380
1044.000000, 70.946, 61.6513
1060.000000, 71.013, 61.5942
1075.000000, 71.073, 61.6403
1090.000000, 71.143, 61.6576
1106.000000, 71.243, 61.6628
1120.000000, 71.346, 61.6493
1138.000000, 71.486, 61.5381
1150.000000, 71.574, 61.4596
1172.000000, 71.730, 61.3169
1180.000000, 71.783, 61.2227
1206.000000, 71.961, 60.8489
1220.000000, 72.053, 60.6219
1241.000000, 72.193, 60.2256
1250.000000, 72.249, 60.0351
1265.000000, 72.335, 59.7220
1280.000000, 72.413, 59.4500
1315.000000, 72.606, 58.7819
1320.000000, 72.634, 58.6719
1340.000000, 72.739, 58.2844
1360.000000, 72.815, 57.9582
1380.000000, 72.878, 57.6406
1400.000000, 72.952, 57.3474
1430.000000, 73.059, 56.9415
1450.000000, 73.127, 56.7198
1475.000000, 73.212, 56.4136
1500.000000, 73.294, 56.1923
1525.000000, 73.370, 55.9624
1550.000000, 73.447, 55.7919
1575.000000, 73.529, 55.6179
1600.000000, 73.618, 55.4492
1625.000000, 73.702, 55.3514
1650.000000, 73.778, 55.2282
1675.000000, 73.849, 55.1591
1700.000000, 73.922, 55.0610
1725.000000, 74.000, 55.0098
1750.000000, 74.084, 54.9347
1775.000000, 74.169, 54.8547
1800.000000, 74.246, 54.8417
1825.000000, 74.332, 54.7896
1850.000000, 74.426, 54.6964
1875.000000, 74.514, 54.6647
1900.000000, 74.600, 54.6316
1925.000000, 74.698, 54.5721
1950.000000, 74.803, 54.4704
1975.000000, 74.902, 54.3843
2000.000000, 74.992, 54.3342
2030.000000, 75.113, 54.2251
2060.000000, 75.250, 54.0374
2090.000000, 75.384, 53.9105
2120.000000, 75.522, 53.7034
2140.000000, 75.614, 53.5587
2180.000000, 75.786, 53.2496
2200.000000, 75.866, 53.0672
2240.000000, 76.024, 52.6769
2270.000000, 76.148, 52.3259
2300.000000, 76.276, 51.9477
2330.000000, 76.409, 51.5221
2360.000000, 76.547, 51.0708
2400.000000, 76.737, 50.3809
2430.000000, 76.878, 49.8228
2470.000000, 77.050, 48.9949
2500.000000, 77.155, 48.3704
2540.000000, 77.281, 47.4692
2580.000000, 77.409, 46.4547
2620.000000, 77.525, 45.4044
2650.000000, 77.602, 44.5760
2690.000000, 77.702, 43.4458
2720.000000, 77.779, 42.5276
2760.000000, 77.873, 41.3007
2800.000000, 77.945, 40.0436
2850.000000, 78.003, 38.4756
2900.000000, 78.033, 36.8900
2950.000000, 78.033, 35.3306
3000.000000, 78.010, 33.8115
3040.000000, 77.976, 32.6321
3070.000000, 77.944, 31.7736
3110.000000, 77.891, 30.6691
3150.000000, 77.826, 29.6336
3200.000000, 77.733, 28.4259
3250.000000, 77.633, 27.3119
3300.000000, 77.518, 26.3289
3350.000000, 77.396, 25.4619
3400.000000, 77.276, 24.6906
3450.000000, 77.151, 24.0417
3500.000000, 77.018, 23.5146
3550.000000, 76.896, 23.0878
3600.000000, 76.791, 22.7061
3650.000000, 76.674, 22.4715
3700.000000, 76.554, 22.3005
3750.000000, 76.445, 22.2128
3820.000000, 76.316, 22.1673
3870.000000, 76.227, 22.2151
3950.000000, 76.099, 22.3605
4000.000000, 76.026, 22.4828
4060.000000, 75.940, 22.6580
4120.000000, 75.869, 22.8341
4180.000000, 75.816, 22.9779
4250.000000, 75.755, 23.1367
4310.000000, 75.699, 23.2312
4370.000000, 75.638, 23.3046
4440.000000, 75.585, 23.3017
4500.000000, 75.550, 23.2416
4550.000000, 75.512, 23.1640
4620.000000, 75.448, 22.9652
4680.000000, 75.376, 22.7443
4750.000000, 75.279, 22.4035
4820.000000, 75.177, 21.9753
4870.000000, 75.096, 21.6313
4940.000000, 74.958, 21.1431
5000.000000, 74.825, 20.7000
5080.000000, 74.615, 20.1625
5150.000000, 74.406, 19.7539
5220.000000, 74.162, 19.4841
5300.000000, 73.851, 19.3660
5380.000000, 73.505, 19.5032
5450.000000, 73.169, 19.9014
5520.000000, 72.833, 20.5364
5600.000000, 72.457, 21.5798
5700.000000, 71.991, 23.3979
5800.000000, 71.540, 25.8135
5900.000000, 71.131, 28.8270
6000.000000, 70.778, 32.4746
6080.000000, 70.568, 35.8072
6150.000000, 70.456, 38.9806
6220.000000, 70.409, 42.3290
6300.000000, 70.427, 46.3253
6400.000000, 70.608, 51.2616
6500.000000, 70.965, 55.7582
6600.000000, 71.450, 59.4344
6700.000000, 72.012, 61.9907
6800.000000, 72.592, 63.3510
6900.000000, 73.143, 63.6838
7000.000000, 73.626, 63.3410
7100.000000, 74.016, 62.7227
7200.000000, 74.323, 62.1572
7300.000000, 74.595, 61.7914
7400.000000, 74.880, 61.6076
7500.000000, 75.207, 61.4716
7620.000000, 75.699, 60.9662
7750.000000, 76.342, 59.3567
7880.000000, 76.901, 55.9666
8000.000000, 77.203, 51.0397
8120.000000, 77.173, 44.9001
8250.000000, 76.687, 38.2388
8380.000000, 75.772, 33.1137
8500.000000, 74.661, 30.6296
8620.000000, 73.436, 30.8712
8750.000000, 72.184, 34.3433
8850.000000, 71.393, 38.9453
9000.000000, 70.630, 47.7948
9120.000000, 70.447, 55.4930
9250.000000, 70.697, 63.3553
9380.000000, 71.357, 69.7365
9500.000000, 72.222, 73.5092
9620.000000, 73.216, 74.6288
9750.000000, 74.269, 72.4532
9880.000000, 75.053, 66.9459
10000.000000, 75.323, 59.9834
10150.000000, 74.946, 51.2346
10300.000000, 73.960, 44.9249
10440.000000, 72.788, 42.2177
10600.000000, 71.450, 42.4734
10750.000000, 70.339, 45.0071
10900.000000, 69.434, 48.8702
11060.000000, 68.676, 53.8137
11200.000000, 68.155, 58.5060
11380.000000, 67.658, 64.8528
11500.000000, 67.433, 69.4260
11720.000000, 67.460, 78.4492
11800.000000, 67.635, 80.9443
12060.000000, 68.080, 85.1433
12200.000000, 68.199, 87.0300
12410.000000, 68.411, 90.3082
12500.000000, 68.597, 91.7234
12650.000000, 69.086, 92.6996
12800.000000, 69.478, 90.3426
13150.000000, 68.600, 83.8589
13200.000000, 68.380, 83.7417
13400.000000, 67.533, 84.9945
13600.000000, 66.865, 88.0566
13800.000000, 66.440, 91.8897
14000.000000, 66.265, 95.4561
14300.000000, 66.282, 98.5389
14500.000000, 66.268, 98.5295
14750.000000, 65.927, 96.8826
15000.000000, 65.112, 95.5039
15250.000000, 64.018, 96.5617
15500.000000, 62.996, 100.6190
15750.000000, 62.349, 106.6136
16000.000000, 62.126, 112.5319
16250.000000, 62.177, 116.6309
16500.000000, 62.237, 118.2076
16750.000000, 62.078, 117.5998
17000.000000, 61.534, 116.2227
17250.000000, 60.618, 115.8643
17500.000000, 59.517, 117.7094
17750.000000, 58.463, 121.8377
18000.000000, 57.650, 127.4206
18250.000000, 57.151, 133.0068
18500.000000, 56.863, 136.9915
18750.000000, 56.493, 138.4844
19000.000000, 55.736, 138.5768
19250.000000, 54.515, 139.9177
19500.000000, 53.088, 144.5456
19750.000000, 51.884, 152.2287
20000.000000, 51.062, 160.1434
20300.000000, 50.332, 167.2176
20600.000000, 49.550, 172.3036
20900.000000, 48.517, 177.5128
21200.000000, 46.868, -178.3066
21400.000000, 45.039, -174.5613
21800.000000, 39.903, -154.5966
22000.000000, 37.943, 146.0674
