* Measurement data measured by REW V5.31.3
* Source: E2x2, MICROPHONE (Analogue 1), 1, volume: 1.000. Timing signal peak level -35.4 dBFS, measurement signal peak level -34.0 dBFS
* Format: 512k Log Swept Sine, 1 sweep at -38.2 dBFS using an acoustic timing reference
* Dated: May 4, 2025 11:46:20 AM
* REW Settings:
*  C-weighting compensation: Off
*  Target level: 75.0 dB
* Note: ; Fosi DS1 4.4mm + E2x2 MacBook Delay -0.0242 ms (-8.3 mm, -0.33 in) using estimated IR delay relative to Acoustic reference played from SPEAKER R with no timing offset Clock adjustment: -29.5 ppm
* Measurement: W1 R
* Smoothing: 1/24 octave
* Frequency Step: 1/48 octave
* Start Frequency: 1.000 Hz
*
* Freq(Hz), SPL(dB), Phase(degrees)
1.000000, 57.050, 60.7800
1.015000, 57.147, 60.1210
1.030000, 57.251, 59.4423
1.044000, 57.353, 58.7880
1.060000, 57.478, 58.0128
1.075000, 57.602, 57.2583
1.090000, 57.734, 56.4806
1.106000, 57.885, 55.6553
1.120000, 58.025, 54.9880
1.138000, 58.216, 54.2375
1.150000, 58.349, 53.8030
1.172000, 58.607, 53.0393
1.180000, 58.704, 52.7043
1.206000, 59.032, 51.7354
1.220000, 59.215, 51.2749
1.241000, 59.497, 50.6488
1.250000, 59.620, 50.4004
1.265000, 59.829, 50.0083
1.280000, 60.040, 49.6386
1.315000, 60.540, 48.8357
1.320000, 60.612, 48.7255
1.340000, 60.900, 48.2901
1.360000, 61.188, 47.8619
1.380000, 61.475, 47.3020
1.400000, 61.758, 46.6840
1.430000, 62.173, 45.7314
1.450000, 62.442, 45.0766
1.475000, 62.770, 44.2639
1.500000, 63.096, 43.5346
1.525000, 63.421, 42.9165
1.550000, 63.747, 42.3968
1.575000, 64.073, 41.8866
1.600000, 64.398, 41.3118
1.625000, 64.722, 40.7873
1.650000, 65.044, 40.2989
1.675000, 65.365, 39.8343
1.700000, 65.684, 39.3826
1.725000, 66.000, 38.9346
1.750000, 66.313, 38.4823
1.775000, 66.623, 37.9658
1.800000, 66.928, 37.3288
1.825000, 67.230, 36.6792
1.850000, 67.528, 36.0371
1.875000, 67.824, 35.4354
1.900000, 68.116, 34.8825
1.925000, 68.406, 34.3742
1.950000, 68.693, 33.9061
1.975000, 68.978, 33.4207
2.000000, 69.260, 32.8632
2.030000, 69.594, 32.2259
2.060000, 69.925, 31.6080
2.090000, 70.251, 31.0006
2.120000, 70.573, 30.3953
2.140000, 70.786, 29.9892
2.180000, 71.205, 29.1123
2.200000, 71.412, 28.6207
2.240000, 71.819, 27.6609
2.270000, 72.120, 26.9779
2.300000, 72.417, 26.3276
2.330000, 72.709, 25.7070
2.360000, 72.997, 25.1112
2.400000, 73.375, 24.2304
2.430000, 73.654, 23.5718
2.470000, 74.021, 22.7100
2.500000, 74.292, 22.0701
2.540000, 74.648, 21.2186
2.580000, 74.998, 20.3286
2.620000, 75.342, 19.3750
2.650000, 75.595, 18.6810
2.690000, 75.927, 17.7833
2.720000, 76.172, 17.1303
2.760000, 76.493, 16.2879
2.800000, 76.808, 15.3812
2.850000, 77.195, 14.2618
2.900000, 77.572, 13.1639
2.950000, 77.942, 12.0802
3.000000, 78.302, 10.9443
3.040000, 78.584, 10.0291
3.070000, 78.791, 9.3561
3.110000, 79.063, 8.4779
3.150000, 79.330, 7.6214
3.200000, 79.656, 6.5224
3.250000, 79.976, 5.4251
3.300000, 80.290, 4.3510
3.350000, 80.596, 3.2955
3.400000, 80.894, 2.1991
3.450000, 81.185, 1.1012
3.500000, 81.469, 0.0308
3.550000, 81.747, -1.0083
3.600000, 82.019, -2.0629
3.650000, 82.285, -3.1087
3.700000, 82.546, -4.1335
3.750000, 82.801, -5.1440
3.820000, 83.147, -6.5920
3.870000, 83.387, -7.6133
3.950000, 83.761, -9.1924
4.000000, 83.990, -10.1775
4.060000, 84.258, -11.3470
4.120000, 84.519, -12.4941
4.180000, 84.773, -13.6303
4.250000, 85.062, -14.9725
4.310000, 85.303, -16.0868
4.370000, 85.539, -17.1722
4.440000, 85.808, -18.4459
4.500000, 86.032, -19.5171
4.550000, 86.215, -20.3937
4.620000, 86.465, -21.6307
4.680000, 86.675, -22.6711
4.750000, 86.914, -23.8490
4.820000, 87.148, -25.0279
4.870000, 87.312, -25.8614
4.940000, 87.536, -27.0058
5.000000, 87.724, -27.9839
5.080000, 87.969, -29.2704
5.150000, 88.179, -30.3645
5.220000, 88.384, -31.4609
5.300000, 88.612, -32.6977
5.380000, 88.834, -33.9087
5.450000, 89.024, -34.9667
5.520000, 89.210, -35.9993
5.600000, 89.418, -37.1697
5.700000, 89.671, -38.6233
5.800000, 89.916, -40.0448
5.900000, 90.154, -41.4472
6.000000, 90.384, -42.8263
6.080000, 90.564, -43.9238
6.150000, 90.717, -44.8626
6.220000, 90.868, -45.7989
6.300000, 91.036, -46.8527
6.400000, 91.240, -48.1529
6.500000, 91.438, -49.4396
6.600000, 91.630, -50.6978
6.700000, 91.817, -51.9422
6.800000, 91.998, -53.1658
6.900000, 92.174, -54.3744
7.000000, 92.345, -55.5569
7.100000, 92.512, -56.7266
7.200000, 92.673, -57.8754
7.300000, 92.831, -59.0087
7.400000, 92.984, -60.1198
7.500000, 93.134, -61.2196
7.620000, 93.308, -62.5144
7.750000, 93.490, -63.8866
7.880000, 93.667, -65.2403
8.000000, 93.825, -66.4625
8.120000, 93.978, -67.6647
8.250000, 94.139, -68.9459
8.380000, 94.295, -70.2014
8.500000, 94.435, -71.3421
8.620000, 94.571, -72.4641
8.750000, 94.714, -73.6585
8.850000, 94.820, -74.5640
9.000000, 94.975, -75.8964
9.120000, 95.096, -76.9442
9.250000, 95.223, -78.0595
9.380000, 95.346, -79.1534
9.500000, 95.457, -80.1489
9.620000, 95.565, -81.1256
9.750000, 95.678, -82.1665
9.880000, 95.781, -83.1909
10.000000, 95.863, -84.1168
10.150000, 95.953, -85.2786
10.300000, 96.032, -86.4110
10.440000, 96.099, -87.4429
10.600000, 96.172, -88.5939
10.750000, 96.240, -89.6467
10.900000, 96.307, -90.6754
11.060000, 96.376, -91.7633
11.200000, 96.434, -92.7187
11.380000, 96.505, -93.9176
11.500000, 96.550, -94.6987
11.720000, 96.631, -96.0930
11.800000, 96.660, -96.5877
12.060000, 96.755, -98.1643
12.200000, 96.806, -99.0082
12.410000, 96.883, -100.2390
12.500000, 96.915, -100.7539
12.650000, 96.967, -101.5962
12.800000, 97.018, -102.4201
13.150000, 97.133, -104.3047
13.200000, 97.149, -104.5724
13.400000, 97.214, -105.6292
13.600000, 97.279, -106.6651
13.800000, 97.342, -107.6817
14.000000, 97.403, -108.6808
14.300000, 97.488, -110.1753
14.500000, 97.540, -111.1437
14.750000, 97.601, -112.3168
15.000000, 97.660, -113.4467
15.250000, 97.720, -114.5565
15.500000, 97.780, -115.6238
15.750000, 97.838, -116.6517
16.000000, 97.896, -117.6468
16.250000, 97.952, -118.6363
16.500000, 98.008, -119.6043
16.750000, 98.063, -120.5534
17.000000, 98.117, -121.4865
17.250000, 98.170, -122.4173
17.500000, 98.221, -123.3306
17.750000, 98.270, -124.2233
18.000000, 98.316, -125.0963
18.250000, 98.360, -125.9611
18.500000, 98.402, -126.8064
18.750000, 98.443, -127.6314
19.000000, 98.484, -128.4374
19.250000, 98.524, -129.2384
19.500000, 98.564, -130.0223
19.750000, 98.602, -130.7899
20.000000, 98.638, -131.5422
20.299999, 98.681, -132.4397
20.600000, 98.721, -133.3173
20.900000, 98.759, -134.1751
21.200001, 98.794, -135.0204
21.400000, 98.816, -135.5749
21.799999, 98.858, -136.6540
22.000000, 98.877, -137.1796
22.400000, 98.915, -138.2152
22.700001, 98.942, -138.9709
23.000000, 98.968, -139.7115
23.299999, 98.993, -140.4453
23.600000, 99.018, -141.1669
24.000000, 99.049, -142.1098
24.299999, 99.071, -142.8090
24.700001, 99.099, -143.7215
25.000000, 99.118, -144.3901
25.400000, 99.142, -145.2692
25.799999, 99.164, -146.1237
26.200001, 99.184, -146.9582
26.500000, 99.199, -147.5721
26.900000, 99.217, -148.3720
27.200001, 99.231, -148.9634
27.600000, 99.248, -149.7412
28.000000, 99.265, -150.5049
28.500000, 99.282, -151.4451
29.000000, 99.297, -152.3601
29.500000, 99.310, -153.2546
30.000000, 99.321, -154.1244
30.400000, 99.328, -154.8086
30.700001, 99.331, -155.3126
31.100000, 99.335, -155.9733
31.500000, 99.337, -156.6234
32.000000, 99.338, -157.4152
32.500000, 99.339, -158.1900
33.000000, 99.338, -158.9454
33.500000, 99.336, -159.6865
34.000000, 99.334, -160.4097
34.500000, 99.332, -161.1178
35.000000, 99.330, -161.8088
35.500000, 99.326, -162.4871
36.000000, 99.322, -163.1497
36.500000, 99.316, -163.7988
37.000000, 99.310, -164.4324
37.500000, 99.303, -165.0560
38.200001, 99.291, -165.9112
38.700001, 99.280, -166.5092
39.500000, 99.261, -167.4388
40.000000, 99.248, -168.0028
40.599998, 99.232, -168.6680
41.200001, 99.215, -169.3171
41.799999, 99.197, -169.9504
42.500000, 99.177, -170.6730
43.099998, 99.159, -171.2791
43.700001, 99.142, -171.8713
44.400002, 99.120, -172.5395
45.000000, 99.102, -173.0965
45.500000, 99.086, -173.5548
46.200001, 99.063, -174.1868
46.799999, 99.042, -174.7164
47.500000, 99.017, -175.3160
48.200001, 98.992, -175.8976
48.700001, 98.973, -176.3043
49.400002, 98.946, -176.8623
50.000000, 98.922, -177.3284
50.799999, 98.889, -177.9327
51.500000, 98.860, -178.4467
52.200001, 98.830, -178.9485
53.000000, 98.796, -179.5091
53.799999, 98.760, 179.9435
54.500000, 98.727, 179.4775
55.200001, 98.693, 179.0258
56.000000, 98.655, 178.5242
57.000000, 98.608, 177.9120
58.000000, 98.559, 177.3207
59.000000, 98.511, 176.7511
60.000000, 98.461, 176.1993
60.799999, 98.422, 175.7761
61.500000, 98.387, 175.4157
62.200001, 98.353, 175.0625
63.000000, 98.312, 174.6725
64.000000, 98.262, 174.2053
65.000000, 98.212, 173.7511
66.000000, 98.162, 173.3101
67.000000, 98.112, 172.8821
68.000000, 98.061, 172.4638
69.000000, 98.008, 172.0634
70.000000, 97.956, 171.6818
71.000000, 97.905, 171.3141
72.000000, 97.855, 170.9530
73.000000, 97.804, 170.6022
74.000000, 97.752, 170.2650
75.000000, 97.701, 169.9401
76.199997, 97.640, 169.5724
77.500000, 97.574, 169.1917
78.800003, 97.508, 168.8311
80.000000, 97.447, 168.5197
81.199997, 97.387, 168.2234
82.500000, 97.322, 167.9137
83.800003, 97.258, 167.6164
85.000000, 97.200, 167.3545
86.199997, 97.144, 167.1042
87.500000, 97.083, 166.8487
88.500000, 97.037, 166.6637
90.000000, 96.969, 166.4008
91.199997, 96.915, 166.2032
92.500000, 96.856, 166.0016
93.800003, 96.799, 165.8101
95.000000, 96.746, 165.6419
96.199997, 96.692, 165.4818
97.500000, 96.635, 165.3156
98.800003, 96.577, 165.1616
100.000000, 96.525, 165.0298
101.500000, 96.460, 164.8768
103.000000, 96.396, 164.7345
104.400002, 96.337, 164.6082
106.000000, 96.271, 164.4787
107.500000, 96.209, 164.3664
109.000000, 96.148, 164.2656
110.599998, 96.083, 164.1714
112.000000, 96.027, 164.0964
113.800003, 95.956, 164.0117
115.000000, 95.909, 163.9617
117.199997, 95.826, 163.8812
118.000000, 95.796, 163.8564
120.599998, 95.703, 163.7921
122.000000, 95.656, 163.7661
124.099998, 95.587, 163.7349
125.000000, 95.557, 163.7235
126.500000, 95.510, 163.7103
128.000000, 95.463, 163.7054
131.500000, 95.357, 163.7165
132.000000, 95.343, 163.7191
134.000000, 95.284, 163.7343
136.000000, 95.229, 163.7605
138.000000, 95.176, 163.7909
140.000000, 95.125, 163.8319
143.000000, 95.050, 163.9087
145.000000, 95.002, 163.9688
147.500000, 94.943, 164.0457
150.000000, 94.885, 164.1335
152.500000, 94.827, 164.2324
155.000000, 94.770, 164.3409
157.500000, 94.713, 164.4580
160.000000, 94.658, 164.5814
162.500000, 94.604, 164.7066
165.000000, 94.551, 164.8387
167.500000, 94.499, 164.9768
170.000000, 94.446, 165.1235
172.500000, 94.393, 165.2761
175.000000, 94.340, 165.4370
177.500000, 94.288, 165.6078
180.000000, 94.236, 165.7907
182.500000, 94.184, 165.9897
185.000000, 94.133, 166.2146
187.500000, 94.086, 166.4791
190.000000, 94.045, 166.7882
192.500000, 94.018, 167.1261
195.000000, 94.007, 167.4317
197.500000, 94.006, 167.6367
200.000000, 94.003, 167.7205
203.000000, 93.984, 167.7469
206.000000, 93.950, 167.7909
209.000000, 93.910, 167.8791
212.000000, 93.869, 168.0080
214.000000, 93.842, 168.1104
218.000000, 93.791, 168.3374
220.000000, 93.767, 168.4553
224.000000, 93.719, 168.7055
227.000000, 93.686, 168.9032
230.000000, 93.654, 169.1044
233.000000, 93.623, 169.3055
236.000000, 93.594, 169.5048
240.000000, 93.556, 169.7750
243.000000, 93.529, 169.9779
247.000000, 93.495, 170.2485
250.000000, 93.471, 170.4523
254.000000, 93.441, 170.7230
258.000000, 93.412, 170.9945
262.000000, 93.384, 171.2647
265.000000, 93.364, 171.4626
269.000000, 93.339, 171.7232
272.000000, 93.322, 171.9222
276.000000, 93.301, 172.1891
280.000000, 93.281, 172.4534
285.000000, 93.259, 172.7779
290.000000, 93.237, 173.0990
295.000000, 93.217, 173.4146
300.000000, 93.199, 173.7289
304.000000, 93.185, 173.9808
307.000000, 93.175, 174.1700
311.000000, 93.164, 174.4188
315.000000, 93.153, 174.6647
320.000000, 93.140, 174.9713
325.000000, 93.127, 175.2782
330.000000, 93.116, 175.5838
335.000000, 93.105, 175.8844
340.000000, 93.094, 176.1791
345.000000, 93.083, 176.4727
350.000000, 93.071, 176.7645
355.000000, 93.061, 177.0551
360.000000, 93.051, 177.3392
365.000000, 93.041, 177.6181
370.000000, 93.033, 177.8929
375.000000, 93.024, 178.1694
382.000000, 93.012, 178.5503
387.000000, 93.003, 178.8147
395.000000, 92.989, 179.2343
400.000000, 92.980, 179.4976
406.000000, 92.971, 179.8098
412.000000, 92.962, -179.8798
418.000000, 92.953, -179.5703
425.000000, 92.944, -179.2142
431.000000, 92.937, -178.9089
437.000000, 92.929, -178.6042
444.000000, 92.921, -178.2512
450.000000, 92.915, -177.9513
455.000000, 92.910, -177.7046
462.000000, 92.904, -177.3633
468.000000, 92.899, -177.0702
475.000000, 92.893, -176.7280
482.000000, 92.890, -176.3866
487.000000, 92.889, -176.1429
494.000000, 92.888, -175.8062
500.000000, 92.888, -175.5198
508.000000, 92.889, -175.1385
515.000000, 92.889, -174.8039
522.000000, 92.891, -174.4711
530.000000, 92.892, -174.0953
538.000000, 92.895, -173.7209
545.000000, 92.899, -173.3906
552.000000, 92.903, -173.0580
560.000000, 92.908, -172.6819
570.000000, 92.916, -172.2155
580.000000, 92.924, -171.7502
590.000000, 92.934, -171.2829
600.000000, 92.943, -170.8166
608.000000, 92.950, -170.4435
615.000000, 92.955, -170.1155
622.000000, 92.959, -169.7868
630.000000, 92.965, -169.4138
640.000000, 92.973, -168.9494
650.000000, 92.982, -168.4854
660.000000, 92.992, -168.0184
670.000000, 93.003, -167.5525
680.000000, 93.017, -167.0896
690.000000, 93.033, -166.6283
700.000000, 93.050, -166.1675
710.000000, 93.067, -165.7073
720.000000, 93.086, -165.2483
730.000000, 93.106, -164.7902
740.000000, 93.128, -164.3365
750.000000, 93.150, -163.8859
762.000000, 93.178, -163.3454
775.000000, 93.209, -162.7665
788.000000, 93.241, -162.1901
800.000000, 93.272, -161.6601
812.000000, 93.305, -161.1365
825.000000, 93.344, -160.5781
838.000000, 93.386, -160.0279
850.000000, 93.427, -159.5309
862.000000, 93.468, -159.0450
875.000000, 93.514, -158.5316
885.000000, 93.550, -158.1486
900.000000, 93.607, -157.5934
912.000000, 93.654, -157.1647
925.000000, 93.706, -156.7148
938.000000, 93.760, -156.2839
950.000000, 93.810, -155.9017
962.000000, 93.859, -155.5332
975.000000, 93.912, -155.1541
988.000000, 93.964, -154.7958
1000.000000, 94.012, -154.4797
1015.000000, 94.072, -154.1048
1030.000000, 94.131, -153.7538
1044.000000, 94.186, -153.4471
1060.000000, 94.248, -153.1203
1075.000000, 94.305, -152.8326
1090.000000, 94.366, -152.5624
1106.000000, 94.438, -152.2933
1120.000000, 94.503, -152.0722
1138.000000, 94.586, -151.8042
1150.000000, 94.639, -151.6337
1172.000000, 94.732, -151.3347
1180.000000, 94.765, -151.2291
1206.000000, 94.871, -150.9033
1220.000000, 94.928, -150.7347
1241.000000, 95.016, -150.4841
1250.000000, 95.052, -150.3775
1265.000000, 95.112, -150.2005
1280.000000, 95.170, -150.0239
1315.000000, 95.300, -149.6062
1320.000000, 95.318, -149.5465
1340.000000, 95.381, -149.3038
1360.000000, 95.424, -149.0507
1380.000000, 95.464, -148.7866
1400.000000, 95.521, -148.5126
1430.000000, 95.616, -148.0948
1450.000000, 95.682, -147.8241
1475.000000, 95.765, -147.5100
1500.000000, 95.846, -147.2250
1525.000000, 95.921, -146.9537
1550.000000, 95.987, -146.6850
1575.000000, 96.047, -146.4078
1600.000000, 96.105, -146.1178
1625.000000, 96.163, -145.8124
1650.000000, 96.222, -145.4947
1675.000000, 96.280, -145.1749
1700.000000, 96.337, -144.8558
1725.000000, 96.393, -144.5397
1750.000000, 96.447, -144.2246
1775.000000, 96.500, -143.9016
1800.000000, 96.550, -143.5672
1825.000000, 96.598, -143.2170
1850.000000, 96.646, -142.8423
1875.000000, 96.694, -142.4417
1900.000000, 96.742, -142.0111
1925.000000, 96.792, -141.5390
1950.000000, 96.845, -141.0207
1975.000000, 96.905, -140.4525
2000.000000, 96.976, -139.8427
2030.000000, 97.081, -139.0840
2060.000000, 97.213, -138.3606
2090.000000, 97.368, -137.7633
2120.000000, 97.536, -137.3554
2140.000000, 97.647, -137.1937
2180.000000, 97.854, -137.0726
2200.000000, 97.945, -137.0746
2240.000000, 98.105, -137.1203
2270.000000, 98.212, -137.1493
2300.000000, 98.311, -137.1618
2330.000000, 98.407, -137.1549
2360.000000, 98.500, -137.1333
2400.000000, 98.623, -137.0914
2430.000000, 98.716, -137.0579
2470.000000, 98.840, -137.0135
2500.000000, 98.934, -136.9872
2540.000000, 99.062, -136.9709
2580.000000, 99.192, -136.9787
2620.000000, 99.324, -137.0191
2650.000000, 99.424, -137.0715
2690.000000, 99.560, -137.1756
2720.000000, 99.662, -137.2848
2760.000000, 99.799, -137.4831
2800.000000, 99.935, -137.7500
2850.000000, 100.104, -138.1849
2900.000000, 100.269, -138.7305
2950.000000, 100.426, -139.3874
3000.000000, 100.574, -140.1446
3040.000000, 100.686, -140.8262
3070.000000, 100.765, -141.3835
3110.000000, 100.863, -142.1926
3150.000000, 100.951, -143.0788
3200.000000, 101.041, -144.2912
3250.000000, 101.105, -145.5941
3300.000000, 101.139, -146.9384
3350.000000, 101.143, -148.2861
3400.000000, 101.121, -149.6086
3450.000000, 101.077, -150.8725
3500.000000, 101.013, -152.0365
3550.000000, 100.934, -153.0721
3600.000000, 100.847, -153.9865
3650.000000, 100.757, -154.8163
3700.000000, 100.665, -155.6072
3750.000000, 100.569, -156.3903
3820.000000, 100.417, -157.4834
3870.000000, 100.289, -158.2446
3950.000000, 100.047, -159.3709
4000.000000, 99.875, -159.9841
4060.000000, 99.651, -160.5896
4120.000000, 99.412, -161.0318
4180.000000, 99.163, -161.3034
4250.000000, 98.861, -161.3909
4310.000000, 98.595, -161.2581
4370.000000, 98.322, -160.9397
4440.000000, 98.002, -160.3357
4500.000000, 97.734, -159.6212
4550.000000, 97.519, -158.8954
4620.000000, 97.232, -157.6906
4680.000000, 97.003, -156.4878
4750.000000, 96.757, -154.8997
4820.000000, 96.540, -153.1241
4870.000000, 96.404, -151.7451
4940.000000, 96.244, -149.6708
5000.000000, 96.140, -147.7718
5080.000000, 96.056, -145.0928
5150.000000, 96.042, -142.6396
5220.000000, 96.095, -140.1342
5300.000000, 96.253, -137.3027
5380.000000, 96.536, -134.6858
5450.000000, 96.898, -132.8180
5520.000000, 97.363, -131.6538
5600.000000, 97.987, -131.6172
5700.000000, 98.773, -134.1427
5800.000000, 99.304, -139.5935
5900.000000, 99.327, -146.6740
6000.000000, 98.786, -153.1341
6080.000000, 98.065, -156.6711
6150.000000, 97.341, -158.3513
6220.000000, 96.603, -158.8857
6300.000000, 95.781, -158.4594
6400.000000, 94.772, -156.6114
6500.000000, 93.813, -153.0151
6600.000000, 92.963, -147.4853
6700.000000, 92.461, -139.5144
6800.000000, 92.494, -131.9628
6900.000000, 92.793, -126.3339
7000.000000, 93.181, -121.9218
7100.000000, 93.621, -118.1890
7200.000000, 94.119, -114.9822
7300.000000, 94.696, -112.3057
7400.000000, 95.361, -110.4308
7500.000000, 96.082, -109.6240
7620.000000, 97.008, -110.1959
7750.000000, 97.971, -113.2392
7880.000000, 98.627, -118.6980
8000.000000, 98.842, -125.1827
8120.000000, 98.637, -131.9203
8250.000000, 97.983, -138.1262
8380.000000, 97.029, -142.1802
8500.000000, 96.048, -143.7882
8620.000000, 95.088, -143.6968
8750.000000, 94.119, -142.2413
8850.000000, 93.430, -140.3439
9000.000000, 92.530, -136.4238
9120.000000, 91.950, -132.7426
9250.000000, 91.444, -128.6125
9380.000000, 91.028, -124.3937
9500.000000, 90.714, -120.3676
9620.000000, 90.476, -116.2000
9750.000000, 90.320, -111.6380
9880.000000, 90.267, -107.1737
10000.000000, 90.302, -103.2272
10150.000000, 90.438, -98.6765
10300.000000, 90.660, -94.5656
10440.000000, 90.941, -91.1788
10600.000000, 91.339, -88.0064
10750.000000, 91.762, -85.8538
10900.000000, 92.200, -84.5776
11060.000000, 92.638, -84.1713
11200.000000, 92.961, -84.5023
11380.000000, 93.256, -85.5353
11500.000000, 93.375, -86.3686
11720.000000, 93.476, -87.7162
11800.000000, 93.495, -88.0981
12060.000000, 93.575, -89.1168
12200.000000, 93.654, -89.7880
12410.000000, 93.814, -91.5418
12500.000000, 93.886, -92.7271
12650.000000, 93.977, -95.4459
12800.000000, 93.973, -99.1472
13150.000000, 93.202, -110.1573
13200.000000, 92.982, -111.7150
13400.000000, 91.838, -117.0432
13600.000000, 90.372, -120.1226
13800.000000, 88.751, -120.4276
14000.000000, 87.129, -117.9111
14300.000000, 84.966, -109.0242
14500.000000, 83.959, -100.1569
14750.000000, 83.453, -89.2522
15000.000000, 83.257, -82.2715
15250.000000, 82.821, -75.9133
15500.000000, 82.427, -67.1831
15750.000000, 82.488, -55.8873
16000.000000, 83.275, -43.9601
16250.000000, 84.776, -34.7181
16500.000000, 86.512, -30.4625
16750.000000, 88.167, -29.4457
17000.000000, 89.890, -30.0869
17250.000000, 91.865, -33.2749
17500.000000, 93.955, -41.1392
17750.000000, 95.660, -54.8822
18000.000000, 96.438, -72.9360
18250.000000, 96.112, -91.6683
18500.000000, 94.932, -107.9668
18750.000000, 93.261, -120.8896
19000.000000, 91.310, -130.6310
19250.000000, 89.183, -137.0610
19500.000000, 86.992, -140.2983
19750.000000, 84.930, -140.4856
20000.000000, 83.115, -138.8434
20300.000000, 81.270, -136.3227
20600.000000, 79.696, -134.3327
20900.000000, 78.059, -132.7806
21200.000000, 75.763, -132.8260
21400.000000, 73.425, -131.2921
21800.000000, 66.666, -110.0382
22000.000000, 62.560, -166.0013
22400.000000, 54.556, -99.8943
22700.000000, 49.927, -100.7921
23000.000000, 46.146, -94.7033
23300.000000, 45.524, -130.7610
23600.000000, 50.515, -113.2298
24000.000000, 55.665, -64.7632
