* Measurement data measured by REW V5.31.3
* Source: E2x2, MICROPHONE (Analogue 1), 1, volume: 1.000. Timing signal peak level -35.5 dBFS, measurement signal peak level -34.1 dBFS
* Format: 512k Log Swept Sine, 1 sweep at -38.2 dBFS using an acoustic timing reference
* Dated: May 4, 2025 11:32:57 AM
* REW Settings:
*  C-weighting compensation: Off
*  Target level: 75.0 dB
* Note: ; Fosi DS1 4.4mm + E2x2 MacBook Delay -0.0235 ms (-8.1 mm, -0.32 in) using estimated IR delay relative to Acoustic reference played from SPEAKER R with no timing offset Clock adjustment: -29.4 ppm
* Measurement: R
* Smoothing: 1/24 octave
* Frequency Step: 1/48 octave
* Start Frequency: 1.000 Hz
*
* Freq(Hz), SPL(dB), Phase(degrees)
1.000000, 57.426, 59.4875
1.015000, 57.486, 59.1791
1.030000, 57.554, 58.8205
1.044000, 57.625, 58.4391
1.060000, 57.717, 57.9471
1.075000, 57.815, 57.4316
1.090000, 57.926, 56.8690
1.106000, 58.056, 56.2492
1.120000, 58.180, 55.7440
1.138000, 58.350, 55.1802
1.150000, 58.470, 54.8575
1.172000, 58.701, 54.2746
1.180000, 58.788, 53.9982
1.206000, 59.085, 53.1956
1.220000, 59.251, 52.8106
1.241000, 59.509, 52.2813
1.250000, 59.621, 52.0687
1.265000, 59.812, 51.7292
1.280000, 60.006, 51.4037
1.315000, 60.467, 50.6741
1.320000, 60.534, 50.5712
1.340000, 60.802, 50.1572
1.360000, 61.070, 49.7390
1.380000, 61.338, 49.1780
1.400000, 61.604, 48.5484
1.430000, 61.997, 47.5597
1.450000, 62.253, 46.8691
1.475000, 62.567, 46.0012
1.500000, 62.882, 45.2108
1.525000, 63.199, 44.5298
1.550000, 63.519, 43.9469
1.575000, 63.841, 43.3739
1.600000, 64.164, 42.7370
1.625000, 64.487, 42.1513
1.650000, 64.810, 41.6022
1.675000, 65.133, 41.0776
1.700000, 65.454, 40.5661
1.725000, 65.773, 40.0580
1.750000, 66.089, 39.5455
1.775000, 66.402, 38.9679
1.800000, 66.710, 38.2691
1.825000, 67.015, 37.5568
1.850000, 67.315, 36.8522
1.875000, 67.613, 36.1898
1.900000, 67.908, 35.5786
1.925000, 68.202, 35.0150
1.950000, 68.493, 34.4942
1.975000, 68.782, 33.9588
2.000000, 69.069, 33.3537
2.030000, 69.409, 32.6619
2.060000, 69.746, 31.9923
2.090000, 70.078, 31.3352
2.120000, 70.407, 30.6819
2.140000, 70.623, 30.2445
2.180000, 71.050, 29.3060
2.200000, 71.260, 28.7841
2.240000, 71.674, 27.7651
2.270000, 71.980, 27.0397
2.300000, 72.281, 26.3489
2.330000, 72.578, 25.6900
2.360000, 72.871, 25.0580
2.400000, 73.256, 24.1322
2.430000, 73.539, 23.4421
2.470000, 73.912, 22.5410
2.500000, 74.187, 21.8734
2.540000, 74.549, 20.9869
2.580000, 74.904, 20.0636
2.620000, 75.252, 19.0778
2.650000, 75.509, 18.3604
2.690000, 75.845, 17.4331
2.720000, 76.093, 16.7591
2.760000, 76.418, 15.8906
2.800000, 76.736, 14.9602
2.850000, 77.127, 13.8143
2.900000, 77.508, 12.6934
2.950000, 77.881, 11.5892
3.000000, 78.245, 10.4342
3.040000, 78.528, 9.5044
3.070000, 78.737, 8.8212
3.110000, 79.011, 7.9303
3.150000, 79.279, 7.0624
3.200000, 79.608, 5.9514
3.250000, 79.929, 4.8446
3.300000, 80.244, 3.7634
3.350000, 80.551, 2.7022
3.400000, 80.850, 1.6010
3.450000, 81.142, 0.4991
3.500000, 81.426, -0.5741
3.550000, 81.705, -1.6146
3.600000, 81.977, -2.6690
3.650000, 82.244, -3.7130
3.700000, 82.505, -4.7344
3.750000, 82.759, -5.7407
3.820000, 83.105, -7.1814
3.870000, 83.345, -8.1968
3.950000, 83.719, -9.7649
4.000000, 83.947, -10.7422
4.060000, 84.214, -11.9011
4.120000, 84.475, -13.0365
4.180000, 84.729, -14.1603
4.250000, 85.017, -15.4874
4.310000, 85.257, -16.5886
4.370000, 85.493, -17.6608
4.440000, 85.761, -18.9189
4.500000, 85.985, -19.9761
4.550000, 86.168, -20.8408
4.620000, 86.418, -22.0614
4.680000, 86.627, -23.0882
4.750000, 86.867, -24.2510
4.820000, 87.101, -25.4155
4.870000, 87.264, -26.2389
4.940000, 87.489, -27.3693
5.000000, 87.677, -28.3361
5.080000, 87.922, -29.6088
5.150000, 88.132, -30.6921
5.220000, 88.336, -31.7787
5.300000, 88.564, -33.0052
5.380000, 88.787, -34.2071
5.450000, 88.977, -35.2582
5.520000, 89.163, -36.2850
5.600000, 89.371, -37.4501
5.700000, 89.623, -38.8985
5.800000, 89.868, -40.3161
5.900000, 90.105, -41.7159
6.000000, 90.335, -43.0937
6.080000, 90.514, -44.1910
6.150000, 90.667, -45.1298
6.220000, 90.816, -46.0662
6.300000, 90.983, -47.1203
6.400000, 91.186, -48.4213
6.500000, 91.382, -49.7089
6.600000, 91.573, -50.9677
6.700000, 91.758, -52.2123
6.800000, 91.938, -53.4360
6.900000, 92.112, -54.6444
7.000000, 92.282, -55.8263
7.100000, 92.447, -56.9948
7.200000, 92.607, -58.1423
7.300000, 92.763, -59.2742
7.400000, 92.916, -60.3838
7.500000, 93.064, -61.4819
7.620000, 93.237, -62.7747
7.750000, 93.419, -64.1454
7.880000, 93.595, -65.4980
8.000000, 93.753, -66.7197
8.120000, 93.906, -67.9223
8.250000, 94.067, -69.2047
8.380000, 94.223, -70.4625
8.500000, 94.363, -71.6062
8.620000, 94.499, -72.7319
8.750000, 94.642, -73.9311
8.850000, 94.749, -74.8406
9.000000, 94.904, -76.1799
9.120000, 95.025, -77.2332
9.250000, 95.152, -78.3543
9.380000, 95.275, -79.4538
9.500000, 95.386, -80.4537
9.620000, 95.494, -81.4340
9.750000, 95.607, -82.4775
9.880000, 95.709, -83.5030
10.000000, 95.791, -84.4284
10.150000, 95.881, -85.5875
10.300000, 95.961, -86.7150
10.440000, 96.028, -87.7404
10.600000, 96.102, -88.8825
10.750000, 96.171, -89.9263
10.900000, 96.240, -90.9460
11.060000, 96.311, -92.0259
11.200000, 96.372, -92.9763
11.380000, 96.447, -94.1726
11.500000, 96.494, -94.9551
11.720000, 96.579, -96.3582
11.800000, 96.610, -96.8581
12.060000, 96.708, -98.4578
12.200000, 96.760, -99.3162
12.410000, 96.835, -100.5686
12.500000, 96.867, -101.0914
12.650000, 96.917, -101.9444
12.800000, 96.964, -102.7741
13.150000, 97.071, -104.6474
13.200000, 97.086, -104.9105
13.400000, 97.147, -105.9415
13.600000, 97.208, -106.9422
13.800000, 97.269, -107.9173
14.000000, 97.330, -108.8736
14.300000, 97.417, -110.3092
14.500000, 97.472, -111.2468
14.750000, 97.537, -112.3928
15.000000, 97.599, -113.5070
15.250000, 97.661, -114.6080
15.500000, 97.722, -115.6682
15.750000, 97.780, -116.6866
16.000000, 97.838, -117.6685
16.250000, 97.896, -118.6431
16.500000, 97.954, -119.5990
16.750000, 98.012, -120.5440
17.000000, 98.069, -121.4845
17.250000, 98.126, -122.4348
17.500000, 98.178, -123.3770
17.750000, 98.225, -124.3022
18.000000, 98.269, -125.2049
18.250000, 98.308, -126.0910
18.500000, 98.346, -126.9460
18.750000, 98.382, -127.7695
19.000000, 98.419, -128.5654
19.250000, 98.458, -129.3530
19.500000, 98.496, -130.1245
19.750000, 98.535, -130.8837
20.000000, 98.572, -131.6328
20.299999, 98.615, -132.5316
20.600000, 98.655, -133.4124
20.900000, 98.693, -134.2713
21.200001, 98.728, -135.1141
21.400000, 98.750, -135.6652
21.799999, 98.792, -136.7375
22.000000, 98.813, -137.2612
22.400000, 98.853, -138.2991
22.700001, 98.881, -139.0609
23.000000, 98.908, -139.8093
23.299999, 98.933, -140.5501
23.600000, 98.957, -141.2763
24.000000, 98.988, -142.2208
24.299999, 99.010, -142.9188
24.700001, 99.038, -143.8281
25.000000, 99.057, -144.4939
25.400000, 99.082, -145.3687
25.799999, 99.104, -146.2182
26.200001, 99.125, -147.0479
26.500000, 99.140, -147.6598
26.900000, 99.160, -148.4608
27.200001, 99.175, -149.0562
27.600000, 99.192, -149.8413
28.000000, 99.207, -150.6105
28.500000, 99.223, -151.5490
29.000000, 99.237, -152.4527
29.500000, 99.251, -153.3353
30.000000, 99.263, -154.2012
30.400000, 99.270, -154.8882
30.700001, 99.273, -155.3952
31.100000, 99.275, -156.0570
31.500000, 99.276, -156.7028
32.000000, 99.277, -157.4842
32.500000, 99.278, -158.2510
33.000000, 99.278, -159.0048
33.500000, 99.276, -159.7482
34.000000, 99.274, -160.4725
34.500000, 99.272, -161.1790
35.000000, 99.269, -161.8685
35.500000, 99.267, -162.5475
36.000000, 99.262, -163.2133
36.500000, 99.257, -163.8665
37.000000, 99.251, -164.5036
37.500000, 99.243, -165.1281
38.200001, 99.231, -165.9794
38.700001, 99.221, -166.5745
39.500000, 99.204, -167.5083
40.000000, 99.191, -168.0782
40.599998, 99.174, -168.7455
41.200001, 99.157, -169.3893
41.799999, 99.140, -170.0173
42.500000, 99.120, -170.7397
43.099998, 99.102, -171.3463
43.700001, 99.084, -171.9360
44.400002, 99.063, -172.6016
45.000000, 99.044, -173.1586
45.500000, 99.027, -173.6147
46.200001, 99.004, -174.2376
46.799999, 98.984, -174.7613
47.500000, 98.960, -175.3663
48.200001, 98.934, -175.9582
48.700001, 98.915, -176.3668
49.400002, 98.887, -176.9208
50.000000, 98.864, -177.3859
50.799999, 98.832, -177.9983
51.500000, 98.802, -178.5205
52.200001, 98.772, -179.0253
53.000000, 98.737, -179.5835
53.799999, 98.702, 179.8737
54.500000, 98.670, 179.4095
55.200001, 98.636, 178.9565
56.000000, 98.598, 178.4544
57.000000, 98.549, 177.8481
58.000000, 98.500, 177.2630
59.000000, 98.451, 176.6971
60.000000, 98.401, 176.1472
60.799999, 98.362, 175.7215
61.500000, 98.328, 175.3587
62.200001, 98.294, 175.0045
63.000000, 98.255, 174.6116
64.000000, 98.206, 174.1364
65.000000, 98.157, 173.6796
66.000000, 98.108, 173.2326
67.000000, 98.057, 172.7946
68.000000, 98.004, 172.3843
69.000000, 97.951, 171.9966
70.000000, 97.899, 171.6195
71.000000, 97.848, 171.2556
72.000000, 97.796, 170.9003
73.000000, 97.745, 170.5548
74.000000, 97.693, 170.2224
75.000000, 97.641, 169.9062
76.199997, 97.580, 169.5468
77.500000, 97.516, 169.1685
78.800003, 97.450, 168.8029
80.000000, 97.389, 168.4849
81.199997, 97.329, 168.1807
82.500000, 97.264, 167.8690
83.800003, 97.200, 167.5770
85.000000, 97.143, 167.3153
86.199997, 97.087, 167.0638
87.500000, 97.026, 166.8070
88.500000, 96.980, 166.6209
90.000000, 96.912, 166.3587
91.199997, 96.858, 166.1562
92.500000, 96.800, 165.9437
93.800003, 96.742, 165.7452
95.000000, 96.688, 165.5784
96.199997, 96.635, 165.4226
97.500000, 96.577, 165.2638
98.800003, 96.520, 165.1135
100.000000, 96.468, 164.9796
101.500000, 96.403, 164.8251
103.000000, 96.339, 164.6855
104.400002, 96.280, 164.5658
106.000000, 96.214, 164.4400
107.500000, 96.153, 164.3309
109.000000, 96.092, 164.2301
110.599998, 96.027, 164.1316
112.000000, 95.971, 164.0555
113.800003, 95.900, 163.9661
115.000000, 95.853, 163.9141
117.199997, 95.770, 163.8362
118.000000, 95.740, 163.8120
120.599998, 95.647, 163.7440
122.000000, 95.599, 163.7165
124.099998, 95.530, 163.6829
125.000000, 95.500, 163.6717
126.500000, 95.452, 163.6599
128.000000, 95.404, 163.6568
131.500000, 95.296, 163.6701
132.000000, 95.281, 163.6736
134.000000, 95.221, 163.6911
136.000000, 95.164, 163.7134
138.000000, 95.111, 163.7439
140.000000, 95.059, 163.7928
143.000000, 94.984, 163.8817
145.000000, 94.935, 163.9468
147.500000, 94.874, 164.0324
150.000000, 94.814, 164.1291
152.500000, 94.755, 164.2359
155.000000, 94.695, 164.3566
157.500000, 94.634, 164.4904
160.000000, 94.576, 164.6414
162.500000, 94.520, 164.8129
165.000000, 94.467, 165.0064
167.500000, 94.416, 165.2230
170.000000, 94.368, 165.4565
172.500000, 94.326, 165.6924
175.000000, 94.290, 165.9134
177.500000, 94.258, 166.1068
180.000000, 94.227, 166.2723
182.500000, 94.196, 166.4147
185.000000, 94.164, 166.5416
187.500000, 94.131, 166.6605
190.000000, 94.097, 166.7755
192.500000, 94.063, 166.8972
195.000000, 94.030, 167.0263
197.500000, 93.999, 167.1586
200.000000, 93.968, 167.2900
203.000000, 93.932, 167.4496
206.000000, 93.896, 167.6090
209.000000, 93.861, 167.7620
212.000000, 93.825, 167.9144
214.000000, 93.801, 168.0182
218.000000, 93.753, 168.2427
220.000000, 93.729, 168.3612
224.000000, 93.683, 168.6065
227.000000, 93.650, 168.7956
230.000000, 93.618, 168.9896
233.000000, 93.587, 169.1859
236.000000, 93.558, 169.3842
240.000000, 93.521, 169.6568
243.000000, 93.495, 169.8607
247.000000, 93.461, 170.1233
250.000000, 93.437, 170.3193
254.000000, 93.406, 170.5876
258.000000, 93.377, 170.8577
262.000000, 93.350, 171.1229
265.000000, 93.330, 171.3177
269.000000, 93.305, 171.5728
272.000000, 93.288, 171.7646
276.000000, 93.268, 172.0259
280.000000, 93.249, 172.2881
285.000000, 93.227, 172.6078
290.000000, 93.205, 172.9190
295.000000, 93.186, 173.2334
300.000000, 93.167, 173.5486
304.000000, 93.153, 173.7968
307.000000, 93.144, 173.9814
311.000000, 93.132, 174.2249
315.000000, 93.121, 174.4670
320.000000, 93.109, 174.7673
325.000000, 93.096, 175.0644
330.000000, 93.085, 175.3593
335.000000, 93.074, 175.6512
340.000000, 93.063, 175.9408
345.000000, 93.052, 176.2271
350.000000, 93.040, 176.5082
355.000000, 93.029, 176.7905
360.000000, 93.018, 177.0718
365.000000, 93.008, 177.3493
370.000000, 92.999, 177.6191
375.000000, 92.989, 177.8884
382.000000, 92.977, 178.2698
387.000000, 92.968, 178.5407
395.000000, 92.954, 178.9560
400.000000, 92.947, 179.2109
406.000000, 92.938, 179.5190
412.000000, 92.929, 179.8313
418.000000, 92.921, -179.8612
425.000000, 92.912, -179.5139
431.000000, 92.906, -179.2218
437.000000, 92.898, -178.9254
444.000000, 92.890, -178.5747
450.000000, 92.884, -178.2789
455.000000, 92.879, -178.0406
462.000000, 92.873, -177.7117
468.000000, 92.868, -177.4240
475.000000, 92.863, -177.0833
482.000000, 92.860, -176.7485
487.000000, 92.859, -176.5136
494.000000, 92.858, -176.1880
500.000000, 92.858, -175.9096
508.000000, 92.858, -175.5337
515.000000, 92.858, -175.2023
522.000000, 92.858, -174.8757
530.000000, 92.861, -174.5108
538.000000, 92.864, -174.1447
545.000000, 92.867, -173.8160
552.000000, 92.870, -173.4841
560.000000, 92.875, -173.1096
570.000000, 92.884, -172.6505
580.000000, 92.894, -172.1975
590.000000, 92.904, -171.7406
600.000000, 92.913, -171.2755
608.000000, 92.919, -170.9023
615.000000, 92.924, -170.5815
622.000000, 92.930, -170.2649
630.000000, 92.936, -169.9037
640.000000, 92.944, -169.4435
650.000000, 92.952, -168.9812
660.000000, 92.963, -168.5217
670.000000, 92.975, -168.0690
680.000000, 92.990, -167.6173
690.000000, 93.006, -167.1603
700.000000, 93.023, -166.7015
710.000000, 93.041, -166.2488
720.000000, 93.062, -165.8054
730.000000, 93.084, -165.3656
740.000000, 93.107, -164.9235
750.000000, 93.129, -164.4753
762.000000, 93.158, -163.9461
775.000000, 93.191, -163.3964
788.000000, 93.224, -162.8481
800.000000, 93.255, -162.3374
812.000000, 93.286, -161.8303
825.000000, 93.324, -161.2915
838.000000, 93.365, -160.7675
850.000000, 93.405, -160.2881
862.000000, 93.444, -159.8083
875.000000, 93.487, -159.2951
885.000000, 93.523, -158.9145
900.000000, 93.581, -158.3711
912.000000, 93.629, -157.9505
925.000000, 93.681, -157.4993
938.000000, 93.734, -157.0661
950.000000, 93.784, -156.6896
962.000000, 93.835, -156.3329
975.000000, 93.890, -155.9672
988.000000, 93.943, -155.6176
1000.000000, 93.991, -155.3045
1015.000000, 94.050, -154.9344
1030.000000, 94.111, -154.5985
1044.000000, 94.168, -154.3081
1060.000000, 94.232, -153.9948
1075.000000, 94.289, -153.7158
1090.000000, 94.351, -153.4562
1106.000000, 94.426, -153.2028
1120.000000, 94.493, -152.9992
1138.000000, 94.578, -152.7527
1150.000000, 94.632, -152.5941
1172.000000, 94.726, -152.3148
1180.000000, 94.760, -152.2173
1206.000000, 94.870, -151.9229
1220.000000, 94.930, -151.7713
1241.000000, 95.020, -151.5461
1250.000000, 95.058, -151.4511
1265.000000, 95.120, -151.2967
1280.000000, 95.181, -151.1481
1315.000000, 95.318, -150.8081
1320.000000, 95.336, -150.7595
1340.000000, 95.402, -150.5625
1360.000000, 95.446, -150.3590
1380.000000, 95.487, -150.1494
1400.000000, 95.544, -149.9400
1430.000000, 95.636, -149.6201
1450.000000, 95.695, -149.3983
1475.000000, 95.768, -149.1148
1500.000000, 95.842, -148.8274
1525.000000, 95.915, -148.5323
1550.000000, 95.983, -148.2317
1575.000000, 96.050, -147.9342
1600.000000, 96.119, -147.6557
1625.000000, 96.188, -147.3953
1650.000000, 96.255, -147.1425
1675.000000, 96.318, -146.8901
1700.000000, 96.379, -146.6349
1725.000000, 96.440, -146.3786
1750.000000, 96.501, -146.1178
1775.000000, 96.561, -145.8492
1800.000000, 96.620, -145.5773
1825.000000, 96.680, -145.3035
1850.000000, 96.741, -145.0272
1875.000000, 96.804, -144.7533
1900.000000, 96.868, -144.4834
1925.000000, 96.933, -144.2148
1950.000000, 96.997, -143.9524
1975.000000, 97.063, -143.6978
2000.000000, 97.129, -143.4557
2030.000000, 97.211, -143.1745
2060.000000, 97.292, -142.9025
2090.000000, 97.374, -142.6389
2120.000000, 97.457, -142.3815
2140.000000, 97.513, -142.2152
2180.000000, 97.628, -141.9002
2200.000000, 97.685, -141.7530
2240.000000, 97.797, -141.4756
2270.000000, 97.882, -141.2826
2300.000000, 97.967, -141.1072
2330.000000, 98.054, -140.9459
2360.000000, 98.142, -140.8016
2400.000000, 98.258, -140.6354
2430.000000, 98.346, -140.5284
2470.000000, 98.462, -140.4094
2500.000000, 98.550, -140.3433
2540.000000, 98.667, -140.2884
2580.000000, 98.782, -140.2644
2620.000000, 98.893, -140.2642
2650.000000, 98.975, -140.2715
2690.000000, 99.081, -140.2773
2720.000000, 99.160, -140.2719
2760.000000, 99.267, -140.2412
2800.000000, 99.380, -140.1743
2850.000000, 99.544, -140.0800
2900.000000, 99.743, -140.1216
2950.000000, 99.963, -140.4612
3000.000000, 100.175, -141.1209
3040.000000, 100.327, -141.8228
3070.000000, 100.430, -142.4162
3110.000000, 100.554, -143.2679
3150.000000, 100.665, -144.1752
3200.000000, 100.790, -145.4016
3250.000000, 100.894, -146.7460
3300.000000, 100.971, -148.2062
3350.000000, 101.018, -149.7535
3400.000000, 101.034, -151.3498
3450.000000, 101.021, -152.9643
3500.000000, 100.976, -154.5590
3550.000000, 100.896, -156.0821
3600.000000, 100.784, -157.4802
3650.000000, 100.647, -158.7129
3700.000000, 100.495, -159.7675
3750.000000, 100.337, -160.6665
3820.000000, 100.113, -161.7593
3870.000000, 99.946, -162.4802
3950.000000, 99.653, -163.5501
4000.000000, 99.453, -164.1384
4060.000000, 99.193, -164.7184
4120.000000, 98.913, -165.1213
4180.000000, 98.619, -165.3036
4250.000000, 98.267, -165.1974
4310.000000, 97.967, -164.8405
4370.000000, 97.667, -164.2746
4440.000000, 97.323, -163.3753
4500.000000, 97.041, -162.4065
4550.000000, 96.817, -161.4634
4620.000000, 96.522, -159.9388
4680.000000, 96.293, -158.4509
4750.000000, 96.057, -156.5357
4820.000000, 95.858, -154.4694
4870.000000, 95.739, -152.9149
4940.000000, 95.604, -150.6344
5000.000000, 95.521, -148.5798
5080.000000, 95.467, -145.7035
5150.000000, 95.482, -143.0906
5220.000000, 95.569, -140.4559
5300.000000, 95.767, -137.5342
5380.000000, 96.085, -134.8840
5450.000000, 96.471, -132.9963
5520.000000, 96.956, -131.7760
5600.000000, 97.608, -131.6031
5700.000000, 98.451, -133.9096
5800.000000, 99.075, -139.2791
5900.000000, 99.202, -146.6007
6000.000000, 98.738, -153.6051
6080.000000, 98.044, -157.6674
6150.000000, 97.320, -159.7806
6220.000000, 96.567, -160.6766
6300.000000, 95.718, -160.5517
6400.000000, 94.673, -158.9254
6500.000000, 93.683, -155.4341
6600.000000, 92.814, -149.9863
6700.000000, 92.291, -142.1443
6800.000000, 92.294, -134.6343
6900.000000, 92.573, -128.9391
7000.000000, 92.955, -124.4331
7100.000000, 93.398, -120.6209
7200.000000, 93.905, -117.3635
7300.000000, 94.494, -114.6559
7400.000000, 95.177, -112.7461
7500.000000, 95.927, -111.9115
7620.000000, 96.905, -112.5537
7750.000000, 97.929, -115.8702
7880.000000, 98.636, -121.8555
8000.000000, 98.867, -129.0333
8120.000000, 98.627, -136.4946
8250.000000, 97.887, -143.2814
8380.000000, 96.829, -147.5781
8500.000000, 95.764, -149.1420
8620.000000, 94.754, -148.8852
8750.000000, 93.766, -147.3441
8850.000000, 93.069, -145.5239
9000.000000, 92.138, -141.8531
9120.000000, 91.515, -138.3430
9250.000000, 90.959, -134.3060
9380.000000, 90.499, -130.1576
9500.000000, 90.147, -126.2536
9620.000000, 89.863, -122.2743
9750.000000, 89.640, -117.9219
9880.000000, 89.508, -113.6058
10000.000000, 89.462, -109.7361
10150.000000, 89.491, -105.2380
10300.000000, 89.593, -101.1112
10440.000000, 89.752, -97.6236
10600.000000, 90.004, -94.2393
10750.000000, 90.281, -91.7884
10900.000000, 90.563, -90.0988
11060.000000, 90.825, -89.0934
11200.000000, 90.988, -88.7402
11380.000000, 91.075, -88.6493
11500.000000, 91.056, -88.5729
11720.000000, 90.906, -87.8876
11800.000000, 90.834, -87.3943
12060.000000, 90.629, -84.9217
12200.000000, 90.572, -83.1834
12410.000000, 90.594, -80.4107
12500.000000, 90.652, -79.2772
12650.000000, 90.820, -77.6486
12800.000000, 91.074, -76.5869
13150.000000, 91.837, -77.9541
13200.000000, 91.933, -78.7175
13400.000000, 92.164, -83.2229
13600.000000, 91.975, -89.3502
13800.000000, 91.234, -95.3430
14000.000000, 89.989, -99.0812
14300.000000, 87.690, -96.8862
14500.000000, 86.476, -89.5723
14750.000000, 86.047, -78.9975
15000.000000, 86.158, -74.2450
15250.000000, 85.794, -71.4166
15500.000000, 85.267, -65.2982
15750.000000, 85.222, -55.2694
16000.000000, 86.069, -44.2669
16250.000000, 87.745, -36.7887
16500.000000, 89.592, -35.4085
16750.000000, 91.264, -37.6658
17000.000000, 92.968, -42.0972
17250.000000, 94.766, -50.3850
17500.000000, 96.204, -64.2603
17750.000000, 96.650, -82.1568
18000.000000, 95.937, -99.5637
18250.000000, 94.478, -113.2529
18500.000000, 92.777, -123.0247
18750.000000, 91.063, -130.2019
19000.000000, 89.316, -135.7049
19250.000000, 87.470, -139.2612
19500.000000, 85.555, -140.5332
19750.000000, 83.752, -139.2146
20000.000000, 82.200, -136.3363
20300.000000, 80.714, -132.8256
20600.000000, 79.531, -130.5811
20900.000000, 78.264, -129.5997
21200.000000, 76.259, -130.9980
21400.000000, 74.063, -130.7608
21800.000000, 67.506, -112.7112
22000.000000, 63.462, -170.5830
22400.000000, 55.432, -111.2553
22700.000000, 50.625, -122.7357
23000.000000, 46.266, -133.3450
23300.000000, 42.955, -149.8109
23600.000000, 44.402, -20.8578
24000.000000, 48.499, 55.4905
