* Measurement data measured by REW V5.31.3
* Source: E2x2, MICROPHONE (Analogue 1), 1, volume: 1.000. Timing signal peak level -35.6 dBFS, measurement signal peak level -34.5 dBFS
* Format: 512k Log Swept Sine, 1 sweep at -38.2 dBFS using an acoustic timing reference
* Dated: May 4, 2025 11:37:17 AM
* REW Settings:
*  C-weighting compensation: Off
*  Target level: 75.0 dB
* Note: ; Fosi DS1 4.4mm + E2x2 MacBook Delay -0.0206 ms (-7.1 mm, -0.28 in) using estimated IR delay relative to Acoustic reference played from SPEAKER R with no timing offset Clock adjustment: -29.4 ppm
* Measurement: Velvet R
* Smoothing: 1/24 octave
* Frequency Step: 1/48 octave
* Start Frequency: 1.000 Hz
*
* Freq(Hz), SPL(dB), Phase(degrees)
1.000000, 58.053, 61.0241
1.015000, 58.096, 60.8732
1.030000, 58.146, 60.6640
1.044000, 58.201, 60.4148
1.060000, 58.274, 60.0653
1.075000, 58.353, 59.6751
1.090000, 58.444, 59.2294
1.106000, 58.554, 58.7233
1.120000, 58.659, 58.3058
1.138000, 58.805, 57.8381
1.150000, 58.909, 57.5699
1.172000, 59.112, 57.0693
1.180000, 59.189, 56.8178
1.206000, 59.453, 56.0801
1.220000, 59.603, 55.7214
1.241000, 59.835, 55.2219
1.250000, 59.937, 55.0190
1.265000, 60.111, 54.6920
1.280000, 60.287, 54.3749
1.315000, 60.711, 53.6514
1.320000, 60.772, 53.5480
1.340000, 61.020, 53.1290
1.360000, 61.269, 52.7012
1.380000, 61.518, 52.1264
1.400000, 61.766, 51.4791
1.430000, 62.133, 50.4564
1.450000, 62.374, 49.7385
1.475000, 62.670, 48.8306
1.500000, 62.969, 47.9936
1.525000, 63.272, 47.2608
1.550000, 63.579, 46.6231
1.575000, 63.889, 45.9936
1.600000, 64.202, 45.2995
1.625000, 64.517, 44.6566
1.650000, 64.833, 44.0510
1.675000, 65.148, 43.4704
1.700000, 65.463, 42.9038
1.725000, 65.777, 42.3416
1.750000, 66.088, 41.7755
1.775000, 66.395, 41.1449
1.800000, 66.699, 40.3936
1.825000, 66.999, 39.6290
1.850000, 67.294, 38.8723
1.875000, 67.588, 38.1584
1.900000, 67.881, 37.4968
1.925000, 68.172, 36.8840
1.950000, 68.462, 36.3156
1.975000, 68.749, 35.7341
2.000000, 69.035, 35.0846
2.030000, 69.375, 34.3416
2.060000, 69.711, 33.6228
2.090000, 70.044, 32.9184
2.120000, 70.373, 32.2195
2.140000, 70.589, 31.7524
2.180000, 71.016, 30.7564
2.200000, 71.226, 30.2064
2.240000, 71.641, 29.1329
2.270000, 71.947, 28.3683
2.300000, 72.249, 27.6400
2.330000, 72.548, 26.9452
2.360000, 72.842, 26.2790
2.400000, 73.228, 25.3098
2.430000, 73.514, 24.5887
2.470000, 73.889, 23.6482
2.500000, 74.165, 22.9523
2.540000, 74.529, 22.0294
2.580000, 74.886, 21.0711
2.620000, 75.237, 20.0519
2.650000, 75.495, 19.3107
2.690000, 75.834, 18.3532
2.720000, 76.084, 17.6577
2.760000, 76.411, 16.7619
2.800000, 76.733, 15.8056
2.850000, 77.126, 14.6291
2.900000, 77.511, 13.4791
2.950000, 77.888, 12.3474
3.000000, 78.254, 11.1664
3.040000, 78.541, 10.2172
3.070000, 78.751, 9.5201
3.110000, 79.028, 8.6115
3.150000, 79.299, 7.7269
3.200000, 79.631, 6.5959
3.250000, 79.955, 5.4701
3.300000, 80.273, 4.3707
3.350000, 80.584, 3.2922
3.400000, 80.886, 2.1747
3.450000, 81.181, 1.0577
3.500000, 81.469, -0.0298
3.550000, 81.750, -1.0839
3.600000, 82.025, -2.1513
3.650000, 82.295, -3.2079
3.700000, 82.559, -4.2417
3.750000, 82.816, -5.2596
3.820000, 83.166, -6.7157
3.870000, 83.409, -7.7414
3.950000, 83.788, -9.3253
4.000000, 84.019, -10.3121
4.060000, 84.290, -11.4824
4.120000, 84.553, -12.6289
4.180000, 84.810, -13.7634
4.250000, 85.102, -15.1024
4.310000, 85.345, -16.2134
4.370000, 85.584, -17.2951
4.440000, 85.855, -18.5643
4.500000, 86.082, -19.6310
4.550000, 86.266, -20.5034
4.620000, 86.519, -21.7346
4.680000, 86.731, -22.7699
4.750000, 86.972, -23.9420
4.820000, 87.209, -25.1156
4.870000, 87.374, -25.9455
4.940000, 87.600, -27.0848
5.000000, 87.789, -28.0586
5.080000, 88.036, -29.3397
5.150000, 88.247, -30.4295
5.220000, 88.453, -31.5220
5.300000, 88.682, -32.7548
5.380000, 88.906, -33.9620
5.450000, 89.096, -35.0167
5.520000, 89.283, -36.0460
5.600000, 89.491, -37.2129
5.700000, 89.744, -38.6623
5.800000, 89.989, -40.0795
5.900000, 90.227, -41.4770
6.000000, 90.457, -42.8509
6.080000, 90.636, -43.9443
6.150000, 90.789, -44.8794
6.220000, 90.939, -45.8118
6.300000, 91.106, -46.8610
6.400000, 91.309, -48.1552
6.500000, 91.506, -49.4364
6.600000, 91.697, -50.6897
6.700000, 91.883, -51.9298
6.800000, 92.064, -53.1498
6.900000, 92.239, -54.3560
7.000000, 92.409, -55.5376
7.100000, 92.574, -56.7079
7.200000, 92.735, -57.8588
7.300000, 92.891, -58.9954
7.400000, 93.044, -60.1114
7.500000, 93.191, -61.2176
7.620000, 93.364, -62.5210
7.750000, 93.544, -63.9030
7.880000, 93.717, -65.2671
8.000000, 93.872, -66.4981
8.120000, 94.022, -67.7069
8.250000, 94.180, -68.9933
8.380000, 94.332, -70.2514
8.500000, 94.468, -71.3912
8.620000, 94.601, -72.5094
8.750000, 94.741, -73.6980
8.850000, 94.847, -74.5979
9.000000, 95.001, -75.9203
9.120000, 95.121, -76.9613
9.250000, 95.249, -78.0722
9.380000, 95.374, -79.1647
9.500000, 95.487, -80.1641
9.620000, 95.599, -81.1509
9.750000, 95.715, -82.2093
9.880000, 95.822, -83.2586
10.000000, 95.907, -84.2147
10.150000, 96.000, -85.4219
10.300000, 96.081, -86.6057
10.440000, 96.149, -87.6899
10.600000, 96.220, -88.9008
10.750000, 96.285, -90.0060
10.900000, 96.348, -91.0815
11.060000, 96.411, -92.2081
11.200000, 96.463, -93.1870
11.380000, 96.527, -94.4012
11.500000, 96.568, -95.1827
11.720000, 96.642, -96.5619
11.800000, 96.670, -97.0470
12.060000, 96.762, -98.5837
12.200000, 96.814, -99.4055
12.410000, 96.893, -100.6064
12.500000, 96.927, -101.1112
12.650000, 96.982, -101.9405
12.800000, 97.036, -102.7557
13.150000, 97.155, -104.6313
13.200000, 97.172, -104.8977
13.400000, 97.238, -105.9466
13.600000, 97.302, -106.9661
13.800000, 97.365, -107.9544
14.000000, 97.426, -108.9131
14.300000, 97.514, -110.3292
14.500000, 97.571, -111.2412
14.750000, 97.641, -112.3504
15.000000, 97.711, -113.4334
15.250000, 97.783, -114.5206
15.500000, 97.854, -115.5892
15.750000, 97.921, -116.6374
16.000000, 97.983, -117.6628
16.250000, 98.042, -118.6829
16.500000, 98.096, -119.6746
16.750000, 98.148, -120.6365
17.000000, 98.199, -121.5716
17.250000, 98.249, -122.4962
17.500000, 98.297, -123.3988
17.750000, 98.344, -124.2798
18.000000, 98.388, -125.1417
18.250000, 98.430, -125.9971
18.500000, 98.471, -126.8344
18.750000, 98.511, -127.6524
19.000000, 98.550, -128.4524
19.250000, 98.589, -129.2489
19.500000, 98.628, -130.0299
19.750000, 98.666, -130.7962
20.000000, 98.702, -131.5486
20.299999, 98.743, -132.4464
20.600000, 98.783, -133.3236
20.900000, 98.820, -134.1796
21.200001, 98.857, -135.0230
21.400000, 98.880, -135.5771
21.799999, 98.923, -136.6604
22.000000, 98.944, -137.1910
22.400000, 98.984, -138.2420
22.700001, 99.012, -139.0109
23.000000, 99.038, -139.7634
23.299999, 99.063, -140.5056
23.600000, 99.087, -141.2314
24.000000, 99.117, -142.1733
24.299999, 99.139, -142.8680
24.700001, 99.167, -143.7708
25.000000, 99.187, -144.4308
25.400000, 99.212, -145.2989
25.799999, 99.236, -146.1463
26.200001, 99.258, -146.9798
26.500000, 99.273, -147.5966
26.900000, 99.291, -148.4022
27.200001, 99.304, -148.9966
27.600000, 99.321, -149.7739
28.000000, 99.336, -150.5322
28.500000, 99.353, -151.4638
29.000000, 99.369, -152.3741
29.500000, 99.383, -153.2703
30.000000, 99.394, -154.1445
30.400000, 99.399, -154.8305
30.700001, 99.403, -155.3339
31.100000, 99.406, -155.9911
31.500000, 99.408, -156.6359
32.000000, 99.411, -157.4222
32.500000, 99.412, -158.1963
33.000000, 99.413, -158.9554
33.500000, 99.411, -159.7008
34.000000, 99.408, -160.4247
34.500000, 99.406, -161.1294
35.000000, 99.404, -161.8169
35.500000, 99.402, -162.4960
36.000000, 99.398, -163.1653
36.500000, 99.393, -163.8240
37.000000, 99.386, -164.4656
37.500000, 99.378, -165.0923
38.200001, 99.366, -165.9465
38.700001, 99.356, -166.5454
39.500000, 99.337, -167.4814
40.000000, 99.324, -168.0484
40.599998, 99.309, -168.7147
41.200001, 99.292, -169.3661
41.799999, 99.275, -170.0038
42.500000, 99.254, -170.7267
43.099998, 99.236, -171.3268
43.700001, 99.220, -171.9147
44.400002, 99.199, -172.5880
45.000000, 99.180, -173.1528
45.500000, 99.163, -173.6137
46.200001, 99.139, -174.2410
46.799999, 99.119, -174.7647
47.500000, 99.094, -175.3630
48.200001, 99.069, -175.9486
48.700001, 99.050, -176.3580
49.400002, 99.023, -176.9177
50.000000, 98.999, -177.3856
50.799999, 98.967, -177.9957
51.500000, 98.938, -178.5158
52.200001, 98.908, -179.0200
53.000000, 98.874, -179.5782
53.799999, 98.840, 179.8750
54.500000, 98.808, 179.4054
55.200001, 98.774, 178.9502
56.000000, 98.736, 178.4491
57.000000, 98.689, 177.8398
58.000000, 98.640, 177.2458
59.000000, 98.590, 176.6758
60.000000, 98.541, 176.1275
60.799999, 98.502, 175.7000
61.500000, 98.468, 175.3339
62.200001, 98.433, 174.9772
63.000000, 98.394, 174.5812
64.000000, 98.344, 174.1025
65.000000, 98.294, 173.6462
66.000000, 98.244, 173.2083
67.000000, 98.194, 172.7833
68.000000, 98.144, 172.3695
69.000000, 98.092, 171.9678
70.000000, 98.040, 171.5804
71.000000, 97.988, 171.2107
72.000000, 97.936, 170.8557
73.000000, 97.885, 170.5134
74.000000, 97.833, 170.1818
75.000000, 97.782, 169.8615
76.199997, 97.721, 169.4948
77.500000, 97.656, 169.1162
78.800003, 97.591, 168.7506
80.000000, 97.530, 168.4299
81.199997, 97.471, 168.1230
82.500000, 97.407, 167.8040
83.800003, 97.343, 167.5026
85.000000, 97.286, 167.2400
86.199997, 97.229, 166.9901
87.500000, 97.169, 166.7320
88.500000, 97.123, 166.5413
90.000000, 97.055, 166.2718
91.199997, 97.001, 166.0693
92.500000, 96.943, 165.8615
93.800003, 96.886, 165.6689
95.000000, 96.833, 165.5007
96.199997, 96.780, 165.3368
97.500000, 96.723, 165.1662
98.800003, 96.665, 165.0058
100.000000, 96.613, 164.8691
101.500000, 96.549, 164.7135
103.000000, 96.486, 164.5674
104.400002, 96.428, 164.4380
106.000000, 96.361, 164.3050
107.500000, 96.299, 164.1922
109.000000, 96.237, 164.0896
110.599998, 96.173, 163.9883
112.000000, 96.118, 163.9060
113.800003, 96.048, 163.8148
115.000000, 96.002, 163.7621
117.199997, 95.919, 163.6763
118.000000, 95.889, 163.6501
120.599998, 95.796, 163.5764
122.000000, 95.749, 163.5427
124.099998, 95.680, 163.5008
125.000000, 95.651, 163.4871
126.500000, 95.603, 163.4723
128.000000, 95.556, 163.4656
131.500000, 95.449, 163.4687
132.000000, 95.435, 163.4707
134.000000, 95.377, 163.4828
136.000000, 95.323, 163.5059
138.000000, 95.271, 163.5347
140.000000, 95.220, 163.5721
143.000000, 95.146, 163.6426
145.000000, 95.098, 163.6967
147.500000, 95.040, 163.7711
150.000000, 94.982, 163.8528
152.500000, 94.924, 163.9429
155.000000, 94.867, 164.0417
157.500000, 94.811, 164.1479
160.000000, 94.757, 164.2596
162.500000, 94.706, 164.3759
165.000000, 94.654, 164.4972
167.500000, 94.603, 164.6309
170.000000, 94.554, 164.7746
172.500000, 94.503, 164.9189
175.000000, 94.453, 165.0615
177.500000, 94.403, 165.2079
180.000000, 94.354, 165.3619
182.500000, 94.307, 165.5236
185.000000, 94.263, 165.6831
187.500000, 94.220, 165.8394
190.000000, 94.178, 166.0010
192.500000, 94.137, 166.1692
195.000000, 94.099, 166.3365
197.500000, 94.062, 166.5060
200.000000, 94.026, 166.6820
203.000000, 93.983, 166.8974
206.000000, 93.940, 167.1126
209.000000, 93.897, 167.3324
212.000000, 93.857, 167.5691
214.000000, 93.831, 167.7359
218.000000, 93.778, 168.0894
220.000000, 93.753, 168.2774
224.000000, 93.707, 168.6958
227.000000, 93.680, 169.0540
230.000000, 93.664, 169.4314
233.000000, 93.662, 169.7864
236.000000, 93.669, 170.0549
240.000000, 93.680, 170.2452
243.000000, 93.680, 170.3066
247.000000, 93.665, 170.3765
250.000000, 93.646, 170.4509
254.000000, 93.616, 170.5795
258.000000, 93.585, 170.7342
262.000000, 93.555, 170.9141
265.000000, 93.533, 171.0642
269.000000, 93.505, 171.2724
272.000000, 93.486, 171.4270
276.000000, 93.461, 171.6325
280.000000, 93.438, 171.8492
285.000000, 93.412, 172.1426
290.000000, 93.387, 172.4452
295.000000, 93.363, 172.7275
300.000000, 93.342, 173.0033
304.000000, 93.327, 173.2357
307.000000, 93.316, 173.4159
311.000000, 93.303, 173.6538
315.000000, 93.290, 173.8833
320.000000, 93.275, 174.1590
325.000000, 93.262, 174.4359
330.000000, 93.249, 174.7187
335.000000, 93.237, 175.0039
340.000000, 93.224, 175.2821
345.000000, 93.211, 175.5522
350.000000, 93.198, 175.8181
355.000000, 93.185, 176.0874
360.000000, 93.173, 176.3588
365.000000, 93.162, 176.6279
370.000000, 93.152, 176.8876
375.000000, 93.142, 177.1456
382.000000, 93.128, 177.5125
387.000000, 93.117, 177.7706
395.000000, 93.102, 178.1803
400.000000, 93.093, 178.4313
406.000000, 93.083, 178.7278
412.000000, 93.074, 179.0295
418.000000, 93.065, 179.3328
425.000000, 93.056, 179.6740
431.000000, 93.049, 179.9587
437.000000, 93.042, -179.7586
444.000000, 93.035, -179.4297
450.000000, 93.028, -179.1490
455.000000, 93.023, -178.9183
462.000000, 93.016, -178.6008
468.000000, 93.011, -178.3298
475.000000, 93.005, -178.0139
482.000000, 93.000, -177.6939
487.000000, 92.998, -177.4631
494.000000, 92.997, -177.1434
500.000000, 92.996, -176.8775
508.000000, 92.995, -176.5297
515.000000, 92.994, -176.2200
522.000000, 92.994, -175.9046
530.000000, 92.994, -175.5475
538.000000, 92.996, -175.1993
545.000000, 92.999, -174.8942
552.000000, 93.002, -174.5829
560.000000, 93.006, -174.2250
570.000000, 93.011, -173.7833
580.000000, 93.018, -173.3431
590.000000, 93.027, -172.9041
600.000000, 93.035, -172.4666
608.000000, 93.039, -172.1101
615.000000, 93.043, -171.7962
622.000000, 93.046, -171.4859
630.000000, 93.051, -171.1391
640.000000, 93.059, -170.7040
650.000000, 93.066, -170.2618
660.000000, 93.075, -169.8144
670.000000, 93.085, -169.3741
680.000000, 93.097, -168.9413
690.000000, 93.111, -168.5073
700.000000, 93.126, -168.0699
710.000000, 93.141, -167.6275
720.000000, 93.158, -167.1858
730.000000, 93.177, -166.7483
740.000000, 93.198, -166.3142
750.000000, 93.219, -165.8766
762.000000, 93.245, -165.3504
775.000000, 93.276, -164.7943
788.000000, 93.309, -164.2470
800.000000, 93.341, -163.7494
812.000000, 93.374, -163.2547
825.000000, 93.411, -162.7249
838.000000, 93.452, -162.2089
850.000000, 93.493, -161.7515
862.000000, 93.534, -161.3052
875.000000, 93.578, -160.8278
885.000000, 93.613, -160.4709
900.000000, 93.668, -159.9637
912.000000, 93.714, -159.5776
925.000000, 93.763, -159.1621
938.000000, 93.812, -158.7531
950.000000, 93.858, -158.3923
962.000000, 93.906, -158.0519
975.000000, 93.957, -157.7027
988.000000, 94.007, -157.3676
1000.000000, 94.051, -157.0696
1015.000000, 94.108, -156.7143
1030.000000, 94.165, -156.3790
1044.000000, 94.219, -156.0832
1060.000000, 94.280, -155.7719
1075.000000, 94.337, -155.5041
1090.000000, 94.398, -155.2538
1106.000000, 94.470, -155.0032
1120.000000, 94.536, -154.8006
1138.000000, 94.619, -154.5626
1150.000000, 94.673, -154.4153
1172.000000, 94.769, -154.1620
1180.000000, 94.802, -154.0726
1206.000000, 94.908, -153.7977
1220.000000, 94.967, -153.6616
1241.000000, 95.057, -153.4690
1250.000000, 95.095, -153.3870
1265.000000, 95.155, -153.2460
1280.000000, 95.213, -153.1023
1315.000000, 95.348, -152.7828
1320.000000, 95.367, -152.7399
1340.000000, 95.433, -152.5681
1360.000000, 95.477, -152.3887
1380.000000, 95.518, -152.2003
1400.000000, 95.572, -152.0090
1430.000000, 95.663, -151.7198
1450.000000, 95.723, -151.5249
1475.000000, 95.796, -151.2800
1500.000000, 95.868, -151.0299
1525.000000, 95.938, -150.7786
1550.000000, 96.005, -150.5350
1575.000000, 96.068, -150.2894
1600.000000, 96.128, -150.0388
1625.000000, 96.189, -149.7886
1650.000000, 96.251, -149.5409
1675.000000, 96.313, -149.2965
1700.000000, 96.374, -149.0493
1725.000000, 96.432, -148.8001
1750.000000, 96.491, -148.5527
1775.000000, 96.550, -148.3064
1800.000000, 96.611, -148.0624
1825.000000, 96.671, -147.8189
1850.000000, 96.730, -147.5719
1875.000000, 96.789, -147.3274
1900.000000, 96.850, -147.0909
1925.000000, 96.912, -146.8575
1950.000000, 96.974, -146.6250
1975.000000, 97.035, -146.3920
2000.000000, 97.096, -146.1632
2030.000000, 97.171, -145.8941
2060.000000, 97.250, -145.6337
2090.000000, 97.329, -145.3813
2120.000000, 97.409, -145.1345
2140.000000, 97.463, -144.9738
2180.000000, 97.573, -144.6653
2200.000000, 97.629, -144.5191
2240.000000, 97.740, -144.2420
2270.000000, 97.825, -144.0470
2300.000000, 97.911, -143.8664
2330.000000, 97.998, -143.6998
2360.000000, 98.087, -143.5526
2400.000000, 98.210, -143.3914
2430.000000, 98.302, -143.2950
2470.000000, 98.426, -143.1934
2500.000000, 98.520, -143.1424
2540.000000, 98.646, -143.1094
2580.000000, 98.774, -143.1154
2620.000000, 98.903, -143.1682
2650.000000, 99.001, -143.2386
2690.000000, 99.130, -143.3713
2720.000000, 99.226, -143.5038
2760.000000, 99.353, -143.7322
2800.000000, 99.479, -144.0187
2850.000000, 99.634, -144.4601
2900.000000, 99.783, -144.9961
2950.000000, 99.927, -145.6349
3000.000000, 100.063, -146.3725
3040.000000, 100.165, -147.0350
3070.000000, 100.238, -147.5733
3110.000000, 100.326, -148.3431
3150.000000, 100.405, -149.1687
3200.000000, 100.488, -150.2816
3250.000000, 100.551, -151.4755
3300.000000, 100.592, -152.7238
3350.000000, 100.609, -153.9986
3400.000000, 100.602, -155.2704
3450.000000, 100.577, -156.5146
3500.000000, 100.538, -157.7113
3550.000000, 100.483, -158.8554
3600.000000, 100.414, -159.9478
3650.000000, 100.331, -160.9844
3700.000000, 100.235, -161.9623
3750.000000, 100.130, -162.8879
3820.000000, 99.969, -164.1323
3870.000000, 99.838, -165.0069
3950.000000, 99.589, -166.3602
4000.000000, 99.407, -167.1307
4060.000000, 99.164, -167.9139
4120.000000, 98.899, -168.4968
4180.000000, 98.622, -168.8589
4250.000000, 98.291, -168.9987
4310.000000, 98.002, -168.8876
4370.000000, 97.710, -168.5891
4440.000000, 97.367, -168.0127
4500.000000, 97.079, -167.3163
4550.000000, 96.844, -166.5886
4620.000000, 96.530, -165.3413
4680.000000, 96.279, -164.0671
4750.000000, 96.013, -162.3641
4820.000000, 95.781, -160.4530
4870.000000, 95.638, -158.9693
4940.000000, 95.472, -156.7402
5000.000000, 95.366, -154.7032
5080.000000, 95.286, -151.8383
5150.000000, 95.283, -149.2297
5220.000000, 95.352, -146.5867
5300.000000, 95.530, -143.6289
5380.000000, 95.830, -140.9012
5450.000000, 96.205, -138.9068
5520.000000, 96.686, -137.5406
5600.000000, 97.346, -137.1563
5700.000000, 98.230, -139.1752
5800.000000, 98.937, -144.3908
5900.000000, 99.166, -151.9085
6000.000000, 98.782, -159.4750
6080.000000, 98.115, -164.0855
6150.000000, 97.388, -166.6131
6220.000000, 96.620, -167.7945
6300.000000, 95.759, -167.8226
6400.000000, 94.736, -166.2885
6500.000000, 93.810, -163.1006
6600.000000, 93.025, -158.3290
6700.000000, 92.541, -151.7802
6800.000000, 92.480, -145.5176
6900.000000, 92.651, -140.6178
7000.000000, 92.924, -136.6177
7100.000000, 93.269, -133.1519
7200.000000, 93.688, -130.1228
7300.000000, 94.199, -127.5461
7400.000000, 94.821, -125.7137
7500.000000, 95.524, -124.9579
7620.000000, 96.462, -125.7109
7750.000000, 97.472, -129.2077
7880.000000, 98.188, -135.5800
8000.000000, 98.427, -143.4065
8120.000000, 98.167, -151.8033
8250.000000, 97.347, -159.7666
8380.000000, 96.140, -165.1709
8500.000000, 94.891, -167.5457
8620.000000, 93.666, -167.8158
8750.000000, 92.435, -166.4557
8850.000000, 91.566, -164.5315
9000.000000, 90.417, -160.5023
9120.000000, 89.652, -156.6881
9250.000000, 88.959, -152.4141
9380.000000, 88.360, -148.1051
9500.000000, 87.872, -144.0408
9620.000000, 87.447, -139.8277
9750.000000, 87.075, -135.1571
9880.000000, 86.794, -130.5172
10000.000000, 86.606, -126.3340
10150.000000, 86.453, -121.3520
10300.000000, 86.370, -116.6750
10440.000000, 86.349, -112.5971
10600.000000, 86.383, -108.3648
10750.000000, 86.455, -104.8933
10900.000000, 86.545, -101.9504
11060.000000, 86.632, -99.3912
11200.000000, 86.675, -97.5735
11380.000000, 86.654, -95.6144
11500.000000, 86.584, -94.3863
11720.000000, 86.348, -91.8597
11800.000000, 86.238, -90.7652
12060.000000, 85.855, -86.4146
12200.000000, 85.656, -83.5949
12410.000000, 85.387, -78.8044
12500.000000, 85.293, -76.5623
12650.000000, 85.177, -72.6196
12800.000000, 85.123, -68.4863
13150.000000, 85.283, -58.4464
13200.000000, 85.343, -57.0083
13400.000000, 85.688, -51.3793
13600.000000, 86.216, -46.1978
13800.000000, 86.940, -41.9275
14000.000000, 87.812, -39.2733
14300.000000, 89.011, -39.1839
14500.000000, 89.498, -39.9893
14750.000000, 90.215, -38.8156
15000.000000, 91.600, -40.1711
15250.000000, 92.597, -48.8958
15500.000000, 92.401, -59.2285
15750.000000, 91.426, -63.9079
16000.000000, 90.747, -62.2151
16250.000000, 90.910, -59.2416
16500.000000, 91.415, -59.7857
16750.000000, 91.677, -62.2379
17000.000000, 91.804, -63.9775
17250.000000, 92.092, -65.1100
17500.000000, 92.629, -67.1488
17750.000000, 93.257, -71.4269
18000.000000, 93.704, -78.1117
18250.000000, 93.765, -86.2161
18500.000000, 93.411, -94.0786
18750.000000, 92.791, -100.5230
19000.000000, 92.100, -105.5025
19250.000000, 91.433, -109.5640
19500.000000, 90.747, -113.6117
19750.000000, 89.971, -117.5636
20000.000000, 89.025, -121.1275
20300.000000, 87.772, -124.3383
20600.000000, 86.615, -126.5186
20900.000000, 85.420, -128.4258
21200.000000, 83.540, -132.3076
21400.000000, 81.423, -133.8712
21800.000000, 74.981, -119.8146
22000.000000, 70.937, -179.5076
22400.000000, 62.556, -121.4755
22700.000000, 57.038, -126.2424
23000.000000, 51.762, -117.1270
23300.000000, 47.408, -104.3672
23600.000000, 49.799, 63.8160
24000.000000, 54.706, 161.3968
