* Measurement data measured by REW V5.31.3
* Source: E2x2, MICROPHONE (Analogue 1), 1, volume: 1.000. Timing signal peak level -35.6 dBFS, measurement signal peak level -33.8 dBFS
* Format: 512k Log Swept Sine, 1 sweep at -38.2 dBFS using an acoustic timing reference
* Dated: May 4, 2025 11:44:50 AM
* REW Settings:
*  C-weighting compensation: Off
*  Target level: 75.0 dB
* Note: ; Fosi DS1 4.4mm + E2x2 MacBook Delay -0.0266 ms (-9.1 mm, -0.36 in) using estimated IR delay relative to Acoustic reference played from SPEAKER R with no timing offset Clock adjustment: -29.5 ppm
* Measurement: CP145 R
* Smoothing: 1/24 octave
* Frequency Step: 1/48 octave
* Start Frequency: 1.000 Hz
*
* Freq(Hz), SPL(dB), Phase(degrees)
1.000000, 56.609, 61.8876
1.015000, 56.689, 61.3613
1.030000, 56.777, 60.7967
1.044000, 56.866, 60.2333
1.060000, 56.978, 59.5445
1.075000, 57.094, 58.8553
1.090000, 57.221, 58.1289
1.106000, 57.369, 57.3467
1.120000, 57.508, 56.7117
1.138000, 57.698, 55.9988
1.150000, 57.831, 55.5872
1.172000, 58.086, 54.8611
1.180000, 58.183, 54.5384
1.206000, 58.508, 53.6037
1.220000, 58.690, 53.1580
1.241000, 58.970, 52.5493
1.250000, 59.092, 52.3065
1.265000, 59.299, 51.9212
1.280000, 59.509, 51.5550
1.315000, 60.006, 50.7477
1.320000, 60.077, 50.6354
1.340000, 60.365, 50.1878
1.360000, 60.652, 49.7416
1.380000, 60.938, 49.1577
1.400000, 61.221, 48.5101
1.430000, 61.638, 47.5024
1.450000, 61.909, 46.8046
1.475000, 62.240, 45.9338
1.500000, 62.569, 45.1487
1.525000, 62.900, 44.4797
1.550000, 63.232, 43.9139
1.575000, 63.565, 43.3613
1.600000, 63.897, 42.7470
1.625000, 64.230, 42.1849
1.650000, 64.561, 41.6602
1.675000, 64.891, 41.1599
1.700000, 65.218, 40.6727
1.725000, 65.543, 40.1887
1.750000, 65.865, 39.6997
1.775000, 66.184, 39.1454
1.800000, 66.498, 38.4696
1.825000, 66.808, 37.7803
1.850000, 67.113, 37.0992
1.875000, 67.416, 36.4616
1.900000, 67.716, 35.8762
1.925000, 68.014, 35.3385
1.950000, 68.309, 34.8434
1.975000, 68.601, 34.3332
2.000000, 68.891, 33.7525
2.030000, 69.234, 33.0888
2.060000, 69.574, 32.4456
2.090000, 69.909, 31.8133
2.120000, 70.240, 31.1831
2.140000, 70.458, 30.7603
2.180000, 70.888, 29.8491
2.200000, 71.100, 29.3403
2.240000, 71.518, 28.3476
2.270000, 71.826, 27.6424
2.300000, 72.130, 26.9719
2.330000, 72.429, 26.3328
2.360000, 72.724, 25.7199
2.400000, 73.111, 24.8179
2.430000, 73.396, 24.1441
2.470000, 73.771, 23.2628
2.500000, 74.048, 22.6083
2.540000, 74.412, 21.7370
2.580000, 74.770, 20.8273
2.620000, 75.121, 19.8549
2.650000, 75.379, 19.1478
2.690000, 75.718, 18.2339
2.720000, 75.968, 17.5697
2.760000, 76.295, 16.7132
2.800000, 76.616, 15.7932
2.850000, 77.010, 14.6578
2.900000, 77.395, 13.5442
2.950000, 77.771, 12.4447
3.000000, 78.137, 11.2936
3.040000, 78.423, 10.3669
3.070000, 78.634, 9.6857
3.110000, 78.910, 8.7970
3.150000, 79.181, 7.9306
3.200000, 79.513, 6.8198
3.250000, 79.837, 5.7109
3.300000, 80.155, 4.6254
3.350000, 80.465, 3.5585
3.400000, 80.767, 2.4508
3.450000, 81.062, 1.3420
3.500000, 81.349, 0.2612
3.550000, 81.630, -0.7879
3.600000, 81.905, -1.8520
3.650000, 82.175, -2.9070
3.700000, 82.438, -3.9410
3.750000, 82.695, -4.9607
3.820000, 83.044, -6.4215
3.870000, 83.287, -7.4517
3.950000, 83.664, -9.0442
4.000000, 83.894, -10.0372
4.060000, 84.164, -11.2159
4.120000, 84.427, -12.3722
4.180000, 84.682, -13.5178
4.250000, 84.972, -14.8705
4.310000, 85.214, -15.9932
4.370000, 85.451, -17.0864
4.440000, 85.721, -18.3688
4.500000, 85.946, -19.4473
4.550000, 86.129, -20.3299
4.620000, 86.379, -21.5752
4.680000, 86.589, -22.6220
4.750000, 86.828, -23.8066
4.820000, 87.062, -24.9916
4.870000, 87.226, -25.8294
4.940000, 87.450, -26.9794
5.000000, 87.637, -27.9620
5.080000, 87.882, -29.2537
5.150000, 88.091, -30.3516
5.220000, 88.295, -31.4512
5.300000, 88.522, -32.6912
5.380000, 88.743, -33.9049
5.450000, 88.932, -34.9647
5.520000, 89.118, -35.9985
5.600000, 89.325, -37.1698
5.700000, 89.576, -38.6238
5.800000, 89.820, -40.0453
5.900000, 90.057, -41.4472
6.000000, 90.287, -42.8251
6.080000, 90.466, -43.9216
6.150000, 90.619, -44.8595
6.220000, 90.768, -45.7950
6.300000, 90.936, -46.8481
6.400000, 91.139, -48.1473
6.500000, 91.337, -49.4334
6.600000, 91.529, -50.6918
6.700000, 91.715, -51.9370
6.800000, 91.896, -53.1620
6.900000, 92.072, -54.3727
7.000000, 92.243, -55.5581
7.100000, 92.409, -56.7314
7.200000, 92.571, -57.8845
7.300000, 92.728, -59.0223
7.400000, 92.880, -60.1384
7.500000, 93.029, -61.2436
7.620000, 93.202, -62.5446
7.750000, 93.384, -63.9230
7.880000, 93.559, -65.2822
8.000000, 93.716, -66.5084
8.120000, 93.868, -67.7129
8.250000, 94.027, -68.9948
8.380000, 94.182, -70.2491
8.500000, 94.320, -71.3869
8.620000, 94.455, -72.5041
8.750000, 94.597, -73.6922
8.850000, 94.703, -74.5920
9.000000, 94.858, -75.9150
9.120000, 94.978, -76.9553
9.250000, 95.105, -78.0635
9.380000, 95.229, -79.1510
9.500000, 95.341, -80.1424
9.620000, 95.451, -81.1171
9.750000, 95.565, -82.1579
9.880000, 95.669, -83.1846
10.000000, 95.752, -84.1148
10.150000, 95.842, -85.2841
10.300000, 95.922, -86.4253
10.440000, 95.989, -87.4661
10.600000, 96.061, -88.6262
10.750000, 96.127, -89.6849
10.900000, 96.192, -90.7166
11.060000, 96.258, -91.8027
11.200000, 96.314, -92.7522
11.380000, 96.382, -93.9378
11.500000, 96.426, -94.7066
11.720000, 96.505, -96.0737
11.800000, 96.534, -96.5577
12.060000, 96.629, -98.0990
12.200000, 96.682, -98.9262
12.410000, 96.761, -100.1366
12.500000, 96.794, -100.6451
12.650000, 96.848, -101.4801
12.800000, 96.901, -102.3004
13.150000, 97.019, -104.1871
13.200000, 97.036, -104.4557
13.400000, 97.101, -105.5157
13.600000, 97.165, -106.5523
13.800000, 97.228, -107.5650
14.000000, 97.288, -108.5552
14.300000, 97.373, -110.0283
14.500000, 97.427, -110.9804
14.750000, 97.491, -112.1361
15.000000, 97.554, -113.2564
15.250000, 97.619, -114.3681
15.500000, 97.683, -115.4490
15.750000, 97.745, -116.4995
16.000000, 97.804, -117.5219
16.250000, 97.861, -118.5380
16.500000, 97.916, -119.5281
16.750000, 97.969, -120.4926
17.000000, 98.021, -121.4344
17.250000, 98.073, -122.3686
17.500000, 98.123, -123.2824
17.750000, 98.171, -124.1745
18.000000, 98.217, -125.0470
18.250000, 98.261, -125.9114
18.500000, 98.303, -126.7561
18.750000, 98.344, -127.5797
19.000000, 98.385, -128.3831
19.250000, 98.425, -129.1806
19.500000, 98.464, -129.9604
19.750000, 98.503, -130.7239
20.000000, 98.539, -131.4724
20.299999, 98.582, -132.3653
20.600000, 98.622, -133.2378
20.900000, 98.660, -134.0891
21.200001, 98.696, -134.9268
21.400000, 98.718, -135.4761
21.799999, 98.760, -136.5466
22.000000, 98.781, -137.0696
22.400000, 98.820, -138.1052
22.700001, 98.847, -138.8644
23.000000, 98.874, -139.6101
23.299999, 98.899, -140.3488
23.600000, 98.922, -141.0733
24.000000, 98.952, -142.0158
24.299999, 98.973, -142.7116
24.700001, 99.001, -143.6169
25.000000, 99.020, -144.2795
25.400000, 99.045, -145.1521
25.799999, 99.068, -146.0039
26.200001, 99.090, -146.8402
26.500000, 99.105, -147.4575
26.900000, 99.123, -148.2616
27.200001, 99.136, -148.8537
27.600000, 99.153, -149.6272
28.000000, 99.169, -150.3816
28.500000, 99.187, -151.3088
29.000000, 99.203, -152.2157
29.500000, 99.217, -153.1072
30.000000, 99.228, -153.9725
30.400000, 99.233, -154.6485
30.700001, 99.237, -155.1444
31.100000, 99.240, -155.7946
31.500000, 99.244, -156.4381
32.000000, 99.246, -157.2289
32.500000, 99.246, -158.0058
33.000000, 99.244, -158.7582
33.500000, 99.241, -159.4892
34.000000, 99.240, -160.2012
34.500000, 99.239, -160.9042
35.000000, 99.238, -161.5975
35.500000, 99.235, -162.2801
36.000000, 99.231, -162.9440
36.500000, 99.226, -163.5913
37.000000, 99.220, -164.2232
37.500000, 99.213, -164.8459
38.200001, 99.202, -165.6989
38.700001, 99.191, -166.2937
39.500000, 99.173, -167.2194
40.000000, 99.161, -167.7825
40.599998, 99.146, -168.4472
41.200001, 99.129, -169.0966
41.799999, 99.112, -169.7310
42.500000, 99.091, -170.4522
43.099998, 99.073, -171.0543
43.700001, 99.056, -171.6451
44.400002, 99.035, -172.3182
45.000000, 99.016, -172.8798
45.500000, 99.000, -173.3380
46.200001, 98.976, -173.9635
46.799999, 98.955, -174.4850
47.500000, 98.930, -175.0771
48.200001, 98.906, -175.6554
48.700001, 98.888, -176.0615
49.400002, 98.861, -176.6190
50.000000, 98.838, -177.0854
50.799999, 98.806, -177.6931
51.500000, 98.777, -178.2110
52.200001, 98.748, -178.7146
53.000000, 98.714, -179.2741
53.799999, 98.679, -179.8188
54.500000, 98.646, 179.7165
55.200001, 98.613, 179.2648
56.000000, 98.575, 178.7665
57.000000, 98.528, 178.1626
58.000000, 98.480, 177.5766
59.000000, 98.431, 177.0121
60.000000, 98.382, 176.4631
60.799999, 98.342, 176.0397
61.500000, 98.308, 175.6795
62.200001, 98.274, 175.3257
63.000000, 98.235, 174.9314
64.000000, 98.186, 174.4553
65.000000, 98.137, 173.9943
66.000000, 98.087, 173.5462
67.000000, 98.035, 173.1238
68.000000, 97.984, 172.7251
69.000000, 97.933, 172.3372
70.000000, 97.883, 171.9580
71.000000, 97.831, 171.5903
72.000000, 97.779, 171.2396
73.000000, 97.728, 170.9018
74.000000, 97.676, 170.5713
75.000000, 97.625, 170.2551
76.199997, 97.564, 169.8904
77.500000, 97.499, 169.5127
78.800003, 97.433, 169.1569
80.000000, 97.373, 168.8428
81.199997, 97.313, 168.5436
82.500000, 97.249, 168.2337
83.800003, 97.186, 167.9372
85.000000, 97.129, 167.6792
86.199997, 97.073, 167.4373
87.500000, 97.013, 167.1875
88.500000, 96.967, 167.0062
90.000000, 96.899, 166.7507
91.199997, 96.846, 166.5562
92.500000, 96.789, 166.3527
93.800003, 96.732, 166.1602
95.000000, 96.679, 165.9942
96.199997, 96.626, 165.8392
97.500000, 96.569, 165.6821
98.800003, 96.512, 165.5360
100.000000, 96.460, 165.4060
101.500000, 96.396, 165.2521
103.000000, 96.333, 165.1090
104.400002, 96.274, 164.9882
106.000000, 96.209, 164.8665
107.500000, 96.147, 164.7633
109.000000, 96.087, 164.6744
110.599998, 96.023, 164.5877
112.000000, 95.968, 164.5098
113.800003, 95.898, 164.4218
115.000000, 95.852, 164.3734
117.199997, 95.770, 164.3016
118.000000, 95.742, 164.2817
120.599998, 95.651, 164.2166
122.000000, 95.603, 164.1843
124.099998, 95.533, 164.1526
125.000000, 95.503, 164.1450
126.500000, 95.455, 164.1384
128.000000, 95.409, 164.1384
131.500000, 95.305, 164.1555
132.000000, 95.290, 164.1602
134.000000, 95.232, 164.1798
136.000000, 95.175, 164.2087
138.000000, 95.123, 164.2460
140.000000, 95.072, 164.2905
143.000000, 94.997, 164.3712
145.000000, 94.949, 164.4306
147.500000, 94.890, 164.5106
150.000000, 94.832, 164.6111
152.500000, 94.774, 164.7191
155.000000, 94.714, 164.8314
157.500000, 94.654, 164.9615
160.000000, 94.596, 165.1142
162.500000, 94.539, 165.2852
165.000000, 94.485, 165.4908
167.500000, 94.438, 165.7349
170.000000, 94.399, 165.9985
172.500000, 94.368, 166.2239
175.000000, 94.340, 166.3698
177.500000, 94.308, 166.4611
180.000000, 94.268, 166.5460
182.500000, 94.224, 166.6488
185.000000, 94.179, 166.7731
187.500000, 94.135, 166.9172
190.000000, 94.094, 167.0822
192.500000, 94.056, 167.2629
195.000000, 94.022, 167.4485
197.500000, 93.992, 167.6320
200.000000, 93.964, 167.8062
203.000000, 93.933, 167.9906
206.000000, 93.902, 168.1546
209.000000, 93.870, 168.3117
212.000000, 93.836, 168.4662
214.000000, 93.813, 168.5714
218.000000, 93.767, 168.7983
220.000000, 93.744, 168.9177
224.000000, 93.699, 169.1702
227.000000, 93.667, 169.3686
230.000000, 93.636, 169.5630
233.000000, 93.607, 169.7589
236.000000, 93.579, 169.9640
240.000000, 93.543, 170.2397
243.000000, 93.517, 170.4399
247.000000, 93.485, 170.7070
250.000000, 93.461, 170.9091
254.000000, 93.432, 171.1785
258.000000, 93.403, 171.4478
262.000000, 93.376, 171.7142
265.000000, 93.357, 171.9123
269.000000, 93.333, 172.1735
272.000000, 93.316, 172.3685
276.000000, 93.296, 172.6310
280.000000, 93.278, 172.8955
285.000000, 93.257, 173.2239
290.000000, 93.237, 173.5449
295.000000, 93.218, 173.8588
300.000000, 93.200, 174.1706
304.000000, 93.187, 174.4163
307.000000, 93.178, 174.6011
311.000000, 93.167, 174.8463
315.000000, 93.157, 175.0880
320.000000, 93.144, 175.3870
325.000000, 93.133, 175.6860
330.000000, 93.122, 175.9844
335.000000, 93.112, 176.2783
340.000000, 93.102, 176.5674
345.000000, 93.091, 176.8542
350.000000, 93.079, 177.1377
355.000000, 93.068, 177.4210
360.000000, 93.058, 177.7020
365.000000, 93.048, 177.9820
370.000000, 93.039, 178.2563
375.000000, 93.030, 178.5285
382.000000, 93.017, 178.9132
387.000000, 93.008, 179.1871
395.000000, 92.995, 179.6137
400.000000, 92.987, 179.8757
406.000000, 92.978, -179.8153
412.000000, 92.969, -179.5062
418.000000, 92.961, -179.1933
425.000000, 92.952, -178.8340
431.000000, 92.945, -178.5287
437.000000, 92.939, -178.2281
444.000000, 92.932, -177.8778
450.000000, 92.926, -177.5788
455.000000, 92.921, -177.3304
462.000000, 92.915, -176.9866
468.000000, 92.911, -176.6960
475.000000, 92.907, -176.3573
482.000000, 92.903, -176.0134
487.000000, 92.902, -175.7691
494.000000, 92.902, -175.4300
500.000000, 92.902, -175.1440
508.000000, 92.903, -174.7689
515.000000, 92.904, -174.4364
522.000000, 92.906, -174.1012
530.000000, 92.909, -173.7217
538.000000, 92.913, -173.3466
545.000000, 92.917, -173.0201
552.000000, 92.922, -172.6910
560.000000, 92.928, -172.3123
570.000000, 92.936, -171.8434
580.000000, 92.946, -171.3844
590.000000, 92.957, -170.9203
600.000000, 92.967, -170.4539
608.000000, 92.974, -170.0832
615.000000, 92.980, -169.7605
622.000000, 92.985, -169.4388
630.000000, 92.992, -169.0771
640.000000, 93.001, -168.6307
650.000000, 93.010, -168.1825
660.000000, 93.019, -167.7312
670.000000, 93.029, -167.2839
680.000000, 93.040, -166.8312
690.000000, 93.052, -166.3703
700.000000, 93.066, -165.9049
710.000000, 93.082, -165.4322
720.000000, 93.100, -164.9586
730.000000, 93.120, -164.4874
740.000000, 93.141, -164.0211
750.000000, 93.164, -163.5558
762.000000, 93.192, -163.0016
775.000000, 93.225, -162.4111
788.000000, 93.258, -161.8250
800.000000, 93.290, -161.2916
812.000000, 93.325, -160.7678
825.000000, 93.365, -160.2119
838.000000, 93.408, -159.6608
850.000000, 93.448, -159.1585
862.000000, 93.491, -158.6720
875.000000, 93.538, -158.1613
885.000000, 93.576, -157.7782
900.000000, 93.633, -157.2190
912.000000, 93.681, -156.7885
925.000000, 93.734, -156.3408
938.000000, 93.789, -155.9109
950.000000, 93.839, -155.5275
962.000000, 93.890, -155.1590
975.000000, 93.943, -154.7794
988.000000, 93.996, -154.4184
1000.000000, 94.044, -154.1015
1015.000000, 94.105, -153.7242
1030.000000, 94.165, -153.3711
1044.000000, 94.221, -153.0652
1060.000000, 94.283, -152.7400
1075.000000, 94.341, -152.4485
1090.000000, 94.403, -152.1750
1106.000000, 94.477, -151.9031
1120.000000, 94.543, -151.6821
1138.000000, 94.626, -151.4158
1150.000000, 94.679, -151.2472
1172.000000, 94.775, -150.9543
1180.000000, 94.808, -150.8517
1206.000000, 94.916, -150.5335
1220.000000, 94.975, -150.3640
1241.000000, 95.063, -150.1149
1250.000000, 95.101, -150.0113
1265.000000, 95.163, -149.8416
1280.000000, 95.223, -149.6729
1315.000000, 95.357, -149.2801
1320.000000, 95.375, -149.2248
1340.000000, 95.439, -149.0015
1360.000000, 95.484, -148.7758
1380.000000, 95.526, -148.5497
1400.000000, 95.582, -148.3177
1430.000000, 95.672, -147.9640
1450.000000, 95.730, -147.7274
1475.000000, 95.802, -147.4252
1500.000000, 95.873, -147.1151
1525.000000, 95.941, -146.7997
1550.000000, 96.005, -146.4849
1575.000000, 96.066, -146.1714
1600.000000, 96.126, -145.8593
1625.000000, 96.185, -145.5460
1650.000000, 96.242, -145.2241
1675.000000, 96.298, -144.8953
1700.000000, 96.354, -144.5617
1725.000000, 96.409, -144.2231
1750.000000, 96.463, -143.8743
1775.000000, 96.516, -143.5128
1800.000000, 96.568, -143.1354
1825.000000, 96.622, -142.7449
1850.000000, 96.677, -142.3374
1875.000000, 96.734, -141.9095
1900.000000, 96.794, -141.4620
1925.000000, 96.857, -140.9906
1950.000000, 96.926, -140.4984
1975.000000, 97.002, -139.9953
2000.000000, 97.090, -139.5004
2030.000000, 97.209, -138.9530
2060.000000, 97.339, -138.5016
2090.000000, 97.472, -138.1727
2120.000000, 97.600, -137.9492
2140.000000, 97.682, -137.8424
2180.000000, 97.833, -137.6822
2200.000000, 97.901, -137.6101
2240.000000, 98.027, -137.4527
2270.000000, 98.117, -137.3178
2300.000000, 98.206, -137.1732
2330.000000, 98.295, -137.0190
2360.000000, 98.385, -136.8556
2400.000000, 98.507, -136.6284
2430.000000, 98.601, -136.4564
2470.000000, 98.732, -136.2276
2500.000000, 98.837, -136.0703
2540.000000, 98.983, -135.8983
2580.000000, 99.137, -135.7892
2620.000000, 99.295, -135.7704
2650.000000, 99.413, -135.8187
2690.000000, 99.569, -135.9541
2720.000000, 99.683, -136.0988
2760.000000, 99.831, -136.3445
2800.000000, 99.975, -136.6415
2850.000000, 100.150, -137.0845
2900.000000, 100.324, -137.6189
2950.000000, 100.495, -138.2668
3000.000000, 100.659, -139.0323
3040.000000, 100.783, -139.7339
3070.000000, 100.872, -140.3141
3110.000000, 100.982, -141.1591
3150.000000, 101.083, -142.0860
3200.000000, 101.192, -143.3573
3250.000000, 101.277, -144.7479
3300.000000, 101.333, -146.2455
3350.000000, 101.355, -147.8217
3400.000000, 101.336, -149.4199
3450.000000, 101.280, -150.9497
3500.000000, 101.194, -152.3152
3550.000000, 101.089, -153.4775
3600.000000, 100.980, -154.4648
3650.000000, 100.874, -155.3573
3700.000000, 100.768, -156.2302
3750.000000, 100.653, -157.1152
3820.000000, 100.466, -158.3468
3870.000000, 100.304, -159.1699
3950.000000, 100.003, -160.2770
4000.000000, 99.796, -160.8010
4060.000000, 99.537, -161.2398
4120.000000, 99.272, -161.4700
4180.000000, 99.006, -161.5070
4250.000000, 98.698, -161.3365
4310.000000, 98.436, -161.0264
4370.000000, 98.171, -160.5722
4440.000000, 97.860, -159.8518
4500.000000, 97.598, -159.0635
4550.000000, 97.386, -158.2856
4620.000000, 97.101, -157.0058
4680.000000, 96.872, -155.7291
4750.000000, 96.629, -154.0296
4820.000000, 96.417, -152.1200
4870.000000, 96.289, -150.6389
4940.000000, 96.147, -148.4297
5000.000000, 96.063, -146.4384
5080.000000, 96.015, -143.6910
5150.000000, 96.037, -141.2480
5220.000000, 96.125, -138.8243
5300.000000, 96.320, -136.1830
5380.000000, 96.629, -133.8592
5450.000000, 97.001, -132.3132
5520.000000, 97.462, -131.4993
5600.000000, 98.058, -131.8579
5700.000000, 98.775, -134.7815
5800.000000, 99.214, -140.3851
5900.000000, 99.150, -147.3160
6000.000000, 98.551, -153.4417
6080.000000, 97.805, -156.7102
6150.000000, 97.068, -158.2067
6220.000000, 96.318, -158.6161
6300.000000, 95.475, -158.0857
6400.000000, 94.423, -156.0180
6500.000000, 93.422, -151.9632
6600.000000, 92.558, -145.7660
6700.000000, 92.102, -137.0940
6800.000000, 92.214, -129.2034
6900.000000, 92.583, -123.4965
7000.000000, 93.023, -119.0979
7100.000000, 93.506, -115.4181
7200.000000, 94.042, -112.2979
7300.000000, 94.651, -109.7431
7400.000000, 95.346, -108.0281
7500.000000, 96.087, -107.4564
7620.000000, 97.006, -108.3571
7750.000000, 97.930, -111.6267
7880.000000, 98.529, -117.0862
8000.000000, 98.698, -123.3088
8120.000000, 98.476, -129.5894
8250.000000, 97.851, -135.2686
8380.000000, 96.964, -138.9573
8500.000000, 96.059, -140.4186
8620.000000, 95.176, -140.3246
8750.000000, 94.288, -139.0145
8850.000000, 93.653, -137.3300
9000.000000, 92.806, -133.8004
9120.000000, 92.253, -130.3610
9250.000000, 91.781, -126.3875
9380.000000, 91.416, -122.3180
9500.000000, 91.161, -118.5213
9620.000000, 90.984, -114.7221
9750.000000, 90.885, -110.6591
9880.000000, 90.884, -106.7263
10000.000000, 90.969, -103.3298
10150.000000, 91.161, -99.6229
10300.000000, 91.424, -96.4512
10440.000000, 91.738, -94.0443
10600.000000, 92.162, -92.2111
10750.000000, 92.580, -91.5531
10900.000000, 92.965, -91.9530
11060.000000, 93.277, -93.4041
11200.000000, 93.429, -95.2635
11380.000000, 93.437, -97.9298
11500.000000, 93.342, -99.5950
11720.000000, 93.034, -102.0238
11800.000000, 92.902, -102.7039
12060.000000, 92.467, -104.4995
12200.000000, 92.238, -105.4744
12410.000000, 91.864, -107.3675
12500.000000, 91.676, -108.3885
12650.000000, 91.300, -110.3425
12800.000000, 90.819, -112.4916
13150.000000, 89.188, -116.7942
13200.000000, 88.900, -117.1686
13400.000000, 87.638, -117.7238
13600.000000, 86.266, -116.5267
13800.000000, 84.862, -113.3893
14000.000000, 83.501, -108.1471
14300.000000, 81.765, -95.7088
14500.000000, 81.134, -84.5720
14750.000000, 81.230, -72.0686
15000.000000, 81.545, -65.2882
15250.000000, 81.463, -59.3459
15500.000000, 81.419, -50.4919
15750.000000, 81.984, -38.7835
16000.000000, 83.500, -27.2282
16250.000000, 85.837, -20.4073
16500.000000, 88.355, -20.6979
16750.000000, 90.771, -26.4519
17000.000000, 93.029, -37.6893
17250.000000, 94.616, -55.4474
17500.000000, 94.831, -77.0169
17750.000000, 93.604, -96.3426
18000.000000, 91.613, -109.7494
18250.000000, 89.559, -118.0789
18500.000000, 87.694, -123.6076
18750.000000, 85.936, -127.7661
19000.000000, 84.147, -130.7846
19250.000000, 82.281, -132.0144
19500.000000, 80.398, -131.1778
19750.000000, 78.665, -128.1724
20000.000000, 77.175, -124.0640
20300.000000, 75.711, -119.3636
20600.000000, 74.501, -115.9155
20900.000000, 73.205, -113.6307
21200.000000, 71.192, -113.7121
21400.000000, 69.003, -112.6838
21800.000000, 62.591, -93.0720
22000.000000, 58.874, -149.9167
22400.000000, 51.575, -89.0913
22700.000000, 46.846, -102.1788
23000.000000, 43.533, -120.9013
23300.000000, 43.273, -133.1281
23600.000000, 47.653, -93.3029
24000.000000, 52.586, -33.9864
