* Measurement data measured by REW V5.31.3
* Source: E2x2, MICROPHONE (Analogue 1), 1, volume: 1.000. Timing signal peak level -36.0 dBFS, measurement signal peak level -34.8 dBFS
* Format: 512k Log Swept Sine, 1 sweep at -38.2 dBFS using an acoustic timing reference
* Dated: May 4, 2025 11:40:13 AM
* REW Settings:
*  C-weighting compensation: Off
*  Target level: 75.0 dB
* Note: ; Fosi DS1 4.4mm + E2x2 MacBook Delay -0.0217 ms (-7.4 mm, -0.29 in) using estimated IR delay relative to Acoustic reference played from SPEAKER R with no timing offset Clock adjustment: -29.4 ppm
* Measurement: Spring R
* Smoothing: 1/24 octave
* Frequency Step: 1/48 octave
* Start Frequency: 1.000 Hz
*
* Freq(Hz), SPL(dB), Phase(degrees)
1.000000, 55.205, 53.4910
1.015000, 55.359, 53.0633
1.030000, 55.518, 52.5941
1.044000, 55.671, 52.1180
1.060000, 55.853, 51.5288
1.075000, 56.031, 50.9342
1.090000, 56.218, 50.3066
1.106000, 56.426, 49.6413
1.120000, 56.614, 49.1271
1.138000, 56.863, 48.5948
1.150000, 57.033, 48.3157
1.172000, 57.351, 47.8483
1.180000, 57.468, 47.6228
1.206000, 57.857, 47.0076
1.220000, 58.070, 46.7332
1.241000, 58.393, 46.3766
1.250000, 58.533, 46.2394
1.265000, 58.767, 46.0260
1.280000, 59.003, 45.8263
1.315000, 59.554, 45.3839
1.320000, 59.633, 45.3210
1.340000, 59.947, 45.0643
1.360000, 60.260, 44.7982
1.380000, 60.571, 44.3844
1.400000, 60.878, 43.8972
1.430000, 61.329, 43.1140
1.450000, 61.624, 42.5563
1.475000, 61.984, 41.8538
1.500000, 62.340, 41.2355
1.525000, 62.694, 40.7319
1.550000, 63.045, 40.3275
1.575000, 63.394, 39.9303
1.600000, 63.741, 39.4642
1.625000, 64.085, 39.0426
1.650000, 64.426, 38.6503
1.675000, 64.765, 38.2746
1.700000, 65.100, 37.9044
1.725000, 65.432, 37.5301
1.750000, 65.760, 37.1442
1.775000, 66.084, 36.6867
1.800000, 66.405, 36.1020
1.825000, 66.722, 35.4989
1.850000, 67.035, 34.9005
1.875000, 67.344, 34.3432
1.900000, 67.650, 33.8355
1.925000, 67.952, 33.3726
1.950000, 68.251, 32.9493
1.975000, 68.547, 32.5074
2.000000, 68.839, 31.9916
2.030000, 69.185, 31.4013
2.060000, 69.526, 30.8268
2.090000, 69.863, 30.2586
2.120000, 70.196, 29.6884
2.140000, 70.415, 29.3033
2.180000, 70.848, 28.4627
2.200000, 71.061, 27.9869
2.240000, 71.481, 27.0572
2.270000, 71.790, 26.3966
2.300000, 72.095, 25.7685
2.330000, 72.395, 25.1696
2.360000, 72.690, 24.5948
2.400000, 73.077, 23.7402
2.430000, 73.363, 23.0998
2.470000, 73.737, 22.2599
2.500000, 74.014, 21.6346
2.540000, 74.378, 20.7999
2.580000, 74.736, 19.9242
2.620000, 75.086, 18.9838
2.650000, 75.344, 18.2993
2.690000, 75.682, 17.4139
2.720000, 75.931, 16.7698
2.760000, 76.258, 15.9387
2.800000, 76.578, 15.0426
2.850000, 76.970, 13.9351
2.900000, 77.354, 12.8476
2.950000, 77.729, 11.7728
3.000000, 78.094, 10.6448
3.040000, 78.379, 9.7355
3.070000, 78.589, 9.0668
3.110000, 78.864, 8.1940
3.150000, 79.134, 7.3426
3.200000, 79.464, 6.2498
3.250000, 79.787, 5.1581
3.300000, 80.103, 4.0892
3.350000, 80.412, 3.0383
3.400000, 80.713, 1.9460
3.450000, 81.006, 0.8521
3.500000, 81.293, -0.2145
3.550000, 81.572, -1.2500
3.600000, 81.846, -2.3010
3.650000, 82.114, -3.3432
3.700000, 82.377, -4.3646
3.750000, 82.633, -5.3719
3.820000, 82.981, -6.8156
3.870000, 83.222, -7.8340
3.950000, 83.598, -9.4086
4.000000, 83.828, -10.3908
4.060000, 84.097, -11.5569
4.120000, 84.359, -12.7007
4.180000, 84.614, -13.8338
4.250000, 84.903, -15.1724
4.310000, 85.145, -16.2837
4.370000, 85.381, -17.3663
4.440000, 85.651, -18.6369
4.500000, 85.876, -19.7054
4.550000, 86.059, -20.5799
4.620000, 86.309, -21.8142
4.680000, 86.519, -22.8524
4.750000, 86.759, -24.0279
4.820000, 86.993, -25.2047
4.870000, 87.157, -26.0368
4.940000, 87.382, -27.1795
5.000000, 87.570, -28.1563
5.080000, 87.815, -29.4412
5.150000, 88.024, -30.5343
5.220000, 88.229, -31.6298
5.300000, 88.457, -32.8659
5.380000, 88.679, -34.0765
5.450000, 88.869, -35.1343
5.520000, 89.055, -36.1669
5.600000, 89.262, -37.3376
5.700000, 89.515, -38.7917
5.800000, 89.759, -40.2140
5.900000, 89.996, -41.6174
6.000000, 90.226, -42.9976
6.080000, 90.405, -44.0963
6.150000, 90.558, -45.0361
6.220000, 90.708, -45.9735
6.300000, 90.875, -47.0285
6.400000, 91.079, -48.3304
6.500000, 91.276, -49.6189
6.600000, 91.467, -50.8789
6.700000, 91.653, -52.1251
6.800000, 91.833, -53.3507
6.900000, 92.008, -54.5613
7.000000, 92.178, -55.7457
7.100000, 92.344, -56.9172
7.200000, 92.504, -58.0680
7.300000, 92.661, -59.2030
7.400000, 92.813, -60.3156
7.500000, 92.961, -61.4168
7.620000, 93.134, -62.7129
7.750000, 93.315, -64.0861
7.880000, 93.491, -65.4401
8.000000, 93.648, -66.6621
8.120000, 93.800, -67.8634
8.250000, 93.960, -69.1432
8.380000, 94.115, -70.3970
8.500000, 94.255, -71.5361
8.620000, 94.390, -72.6564
8.750000, 94.532, -73.8495
8.850000, 94.639, -74.7546
9.000000, 94.794, -76.0876
9.120000, 94.915, -77.1370
9.250000, 95.042, -78.2560
9.380000, 95.166, -79.3551
9.500000, 95.277, -80.3571
9.620000, 95.386, -81.3418
9.750000, 95.499, -82.3927
9.880000, 95.601, -83.4279
10.000000, 95.683, -84.3643
10.150000, 95.771, -85.5391
10.300000, 95.849, -86.6828
10.440000, 95.914, -87.7233
10.600000, 95.984, -88.8805
10.750000, 96.049, -89.9346
10.900000, 96.113, -90.9603
11.060000, 96.179, -92.0400
11.200000, 96.235, -92.9841
11.380000, 96.304, -94.1645
11.500000, 96.349, -94.9313
11.720000, 96.429, -96.2983
11.800000, 96.459, -96.7835
12.060000, 96.556, -98.3332
12.200000, 96.609, -99.1669
12.410000, 96.688, -100.3887
12.500000, 96.722, -100.9023
12.650000, 96.776, -101.7454
12.800000, 96.828, -102.5731
13.150000, 96.944, -104.4720
13.200000, 96.960, -104.7416
13.400000, 97.024, -105.8043
13.600000, 97.087, -106.8413
13.800000, 97.148, -107.8525
14.000000, 97.207, -108.8400
14.300000, 97.291, -110.3074
14.500000, 97.343, -111.2544
14.750000, 97.405, -112.4017
15.000000, 97.467, -113.5104
15.250000, 97.530, -114.6067
15.500000, 97.593, -115.6687
15.750000, 97.655, -116.6983
16.000000, 97.714, -117.6998
16.250000, 97.772, -118.6980
16.500000, 97.829, -119.6750
16.750000, 97.884, -120.6326
17.000000, 97.939, -121.5739
17.250000, 97.992, -122.5129
17.500000, 98.043, -123.4350
17.750000, 98.091, -124.3371
18.000000, 98.136, -125.2192
18.250000, 98.179, -126.0919
18.500000, 98.219, -126.9427
18.750000, 98.259, -127.7700
19.000000, 98.298, -128.5747
19.250000, 98.336, -129.3716
19.500000, 98.375, -130.1495
19.750000, 98.412, -130.9104
20.000000, 98.449, -131.6566
20.299999, 98.492, -132.5492
20.600000, 98.533, -133.4255
20.900000, 98.572, -134.2858
21.200001, 98.608, -135.1372
21.400000, 98.630, -135.6970
21.799999, 98.671, -136.7883
22.000000, 98.690, -137.3195
22.400000, 98.726, -138.3631
22.700001, 98.751, -139.1205
23.000000, 98.776, -139.8591
23.299999, 98.800, -140.5878
23.600000, 98.824, -141.3029
24.000000, 98.855, -142.2372
24.299999, 98.877, -142.9316
24.700001, 98.906, -143.8399
25.000000, 98.925, -144.5067
25.400000, 98.950, -145.3836
25.799999, 98.972, -146.2357
26.200001, 98.992, -147.0673
26.500000, 99.006, -147.6791
26.900000, 99.025, -148.4765
27.200001, 99.039, -149.0661
27.600000, 99.056, -149.8414
28.000000, 99.072, -150.6019
28.500000, 99.088, -151.5361
29.000000, 99.103, -152.4420
29.500000, 99.116, -153.3254
30.000000, 99.127, -154.1860
30.400000, 99.134, -154.8668
30.700001, 99.137, -155.3707
31.100000, 99.140, -156.0330
31.500000, 99.142, -156.6837
32.000000, 99.142, -157.4717
32.500000, 99.142, -158.2388
33.000000, 99.141, -158.9874
33.500000, 99.139, -159.7259
34.000000, 99.137, -160.4494
34.500000, 99.135, -161.1573
35.000000, 99.133, -161.8461
35.500000, 99.130, -162.5214
36.000000, 99.126, -163.1820
36.500000, 99.121, -163.8302
37.000000, 99.115, -164.4633
37.500000, 99.108, -165.0848
38.200001, 99.096, -165.9339
38.700001, 99.085, -166.5269
39.500000, 99.067, -167.4529
40.000000, 99.055, -168.0181
40.599998, 99.039, -168.6860
41.200001, 99.022, -169.3363
41.799999, 99.004, -169.9696
42.500000, 98.983, -170.6913
43.099998, 98.965, -171.2950
43.700001, 98.947, -171.8835
44.400002, 98.925, -172.5488
45.000000, 98.907, -173.1056
45.500000, 98.891, -173.5633
46.200001, 98.867, -174.1906
46.799999, 98.847, -174.7146
47.500000, 98.822, -175.3114
48.200001, 98.796, -175.8931
48.700001, 98.777, -176.2985
49.400002, 98.750, -176.8528
50.000000, 98.727, -177.3174
50.799999, 98.694, -177.9235
51.500000, 98.665, -178.4393
52.200001, 98.635, -178.9412
53.000000, 98.601, -179.5005
53.799999, 98.564, 179.9559
54.500000, 98.532, 179.4947
55.200001, 98.499, 179.0461
56.000000, 98.460, 178.5465
57.000000, 98.412, 177.9439
58.000000, 98.364, 177.3658
59.000000, 98.316, 176.8023
60.000000, 98.268, 176.2507
60.799999, 98.229, 175.8224
61.500000, 98.195, 175.4603
62.200001, 98.160, 175.1108
63.000000, 98.121, 174.7221
64.000000, 98.072, 174.2478
65.000000, 98.021, 173.8024
66.000000, 97.973, 173.3704
67.000000, 97.924, 172.9329
68.000000, 97.871, 172.5135
69.000000, 97.819, 172.1195
70.000000, 97.767, 171.7358
71.000000, 97.716, 171.3657
72.000000, 97.665, 171.0131
73.000000, 97.614, 170.6721
74.000000, 97.563, 170.3412
75.000000, 97.512, 170.0260
76.199997, 97.451, 169.6634
77.500000, 97.386, 169.2841
78.800003, 97.320, 168.9228
80.000000, 97.260, 168.6091
81.199997, 97.201, 168.3057
82.500000, 97.137, 167.9885
83.800003, 97.074, 167.6918
85.000000, 97.017, 167.4316
86.199997, 96.961, 167.1843
87.500000, 96.901, 166.9339
88.500000, 96.855, 166.7477
90.000000, 96.788, 166.4804
91.199997, 96.734, 166.2797
92.500000, 96.677, 166.0748
93.800003, 96.621, 165.8810
95.000000, 96.569, 165.7106
96.199997, 96.516, 165.5506
97.500000, 96.460, 165.3862
98.800003, 96.403, 165.2311
100.000000, 96.351, 165.0976
101.500000, 96.287, 164.9401
103.000000, 96.223, 164.7949
104.400002, 96.165, 164.6685
106.000000, 96.099, 164.5395
107.500000, 96.039, 164.4270
109.000000, 95.978, 164.3228
110.599998, 95.913, 164.2261
112.000000, 95.858, 164.1507
113.800003, 95.788, 164.0623
115.000000, 95.742, 164.0059
117.199997, 95.660, 163.9157
118.000000, 95.631, 163.8900
120.599998, 95.539, 163.8262
122.000000, 95.493, 163.7980
124.099998, 95.424, 163.7659
125.000000, 95.395, 163.7573
126.500000, 95.348, 163.7440
128.000000, 95.302, 163.7319
131.500000, 95.196, 163.7327
132.000000, 95.181, 163.7343
134.000000, 95.123, 163.7465
136.000000, 95.069, 163.7719
138.000000, 95.017, 163.8022
140.000000, 94.966, 163.8421
143.000000, 94.893, 163.9193
145.000000, 94.846, 163.9781
147.500000, 94.789, 164.0542
150.000000, 94.732, 164.1387
152.500000, 94.675, 164.2316
155.000000, 94.619, 164.3317
157.500000, 94.564, 164.4378
160.000000, 94.510, 164.5490
162.500000, 94.458, 164.6666
165.000000, 94.407, 164.7920
167.500000, 94.357, 164.9187
170.000000, 94.306, 165.0527
172.500000, 94.255, 165.1947
175.000000, 94.204, 165.3391
177.500000, 94.154, 165.4863
180.000000, 94.105, 165.6381
182.500000, 94.058, 165.7958
185.000000, 94.011, 165.9598
187.500000, 93.965, 166.1271
190.000000, 93.921, 166.3015
192.500000, 93.879, 166.4859
195.000000, 93.839, 166.6759
197.500000, 93.801, 166.8699
200.000000, 93.763, 167.0765
203.000000, 93.720, 167.3445
206.000000, 93.679, 167.6214
209.000000, 93.642, 167.9072
212.000000, 93.610, 168.2048
214.000000, 93.591, 168.4057
218.000000, 93.559, 168.7976
220.000000, 93.546, 168.9801
224.000000, 93.525, 169.3261
227.000000, 93.511, 169.5696
230.000000, 93.500, 169.7913
233.000000, 93.490, 169.9844
236.000000, 93.481, 170.1476
240.000000, 93.466, 170.3378
243.000000, 93.453, 170.4604
247.000000, 93.432, 170.6116
250.000000, 93.413, 170.7359
254.000000, 93.386, 170.9195
258.000000, 93.359, 171.1083
262.000000, 93.334, 171.3010
265.000000, 93.315, 171.4524
269.000000, 93.290, 171.6591
272.000000, 93.273, 171.8123
276.000000, 93.251, 172.0231
280.000000, 93.230, 172.2463
285.000000, 93.206, 172.5233
290.000000, 93.183, 172.8047
295.000000, 93.161, 173.0903
300.000000, 93.140, 173.3757
304.000000, 93.125, 173.6056
307.000000, 93.116, 173.7831
311.000000, 93.104, 174.0228
315.000000, 93.095, 174.2545
320.000000, 93.084, 174.5305
325.000000, 93.073, 174.7987
330.000000, 93.062, 175.0610
335.000000, 93.051, 175.3268
340.000000, 93.040, 175.5981
345.000000, 93.028, 175.8664
350.000000, 93.015, 176.1270
355.000000, 93.003, 176.3857
360.000000, 92.992, 176.6441
365.000000, 92.982, 176.9027
370.000000, 92.972, 177.1555
375.000000, 92.963, 177.4111
382.000000, 92.950, 177.7678
387.000000, 92.941, 178.0136
395.000000, 92.925, 178.4047
400.000000, 92.916, 178.6546
406.000000, 92.907, 178.9515
412.000000, 92.898, 179.2413
418.000000, 92.889, 179.5255
425.000000, 92.879, 179.8568
431.000000, 92.872, -179.8593
437.000000, 92.865, -179.5751
444.000000, 92.856, -179.2448
450.000000, 92.850, -178.9653
455.000000, 92.845, -178.7339
462.000000, 92.839, -178.4140
468.000000, 92.834, -178.1397
475.000000, 92.830, -177.8206
482.000000, 92.827, -177.5070
487.000000, 92.827, -177.2857
494.000000, 92.826, -176.9783
500.000000, 92.826, -176.7142
508.000000, 92.826, -176.3594
515.000000, 92.826, -176.0520
522.000000, 92.827, -175.7445
530.000000, 92.830, -175.3960
538.000000, 92.833, -175.0491
545.000000, 92.837, -174.7418
552.000000, 92.841, -174.4339
560.000000, 92.847, -174.0887
570.000000, 92.855, -173.6669
580.000000, 92.864, -173.2404
590.000000, 92.873, -172.8113
600.000000, 92.882, -172.3863
608.000000, 92.888, -172.0460
615.000000, 92.893, -171.7490
622.000000, 92.898, -171.4513
630.000000, 92.902, -171.1127
640.000000, 92.909, -170.6870
650.000000, 92.917, -170.2619
660.000000, 92.925, -169.8325
670.000000, 92.935, -169.4033
680.000000, 92.947, -168.9728
690.000000, 92.960, -168.5414
700.000000, 92.976, -168.1153
710.000000, 92.992, -167.6863
720.000000, 93.009, -167.2558
730.000000, 93.028, -166.8271
740.000000, 93.048, -166.4053
750.000000, 93.070, -165.9821
762.000000, 93.097, -165.4712
775.000000, 93.126, -164.9312
788.000000, 93.158, -164.3940
800.000000, 93.188, -163.8979
812.000000, 93.221, -163.4123
825.000000, 93.259, -162.9008
838.000000, 93.300, -162.3929
850.000000, 93.339, -161.9342
862.000000, 93.379, -161.4923
875.000000, 93.424, -161.0248
885.000000, 93.459, -160.6709
900.000000, 93.514, -160.1578
912.000000, 93.559, -159.7691
925.000000, 93.609, -159.3601
938.000000, 93.660, -158.9647
950.000000, 93.707, -158.6141
962.000000, 93.755, -158.2798
975.000000, 93.806, -157.9359
988.000000, 93.856, -157.6095
1000.000000, 93.902, -157.3225
1015.000000, 93.959, -156.9819
1030.000000, 94.016, -156.6655
1044.000000, 94.069, -156.3877
1060.000000, 94.130, -156.0918
1075.000000, 94.186, -155.8344
1090.000000, 94.247, -155.5962
1106.000000, 94.319, -155.3609
1120.000000, 94.383, -155.1695
1138.000000, 94.465, -154.9392
1150.000000, 94.518, -154.7960
1172.000000, 94.612, -154.5494
1180.000000, 94.645, -154.4628
1206.000000, 94.750, -154.1965
1220.000000, 94.809, -154.0588
1241.000000, 94.897, -153.8576
1250.000000, 94.935, -153.7730
1265.000000, 94.997, -153.6340
1280.000000, 95.057, -153.4993
1315.000000, 95.193, -153.1977
1320.000000, 95.212, -153.1560
1340.000000, 95.278, -152.9879
1360.000000, 95.324, -152.8191
1380.000000, 95.367, -152.6521
1400.000000, 95.424, -152.4866
1430.000000, 95.514, -152.2331
1450.000000, 95.573, -152.0646
1475.000000, 95.645, -151.8550
1500.000000, 95.715, -151.6342
1525.000000, 95.781, -151.4025
1550.000000, 95.843, -151.1687
1575.000000, 95.903, -150.9262
1600.000000, 95.962, -150.6781
1625.000000, 96.022, -150.4306
1650.000000, 96.082, -150.1742
1675.000000, 96.141, -149.9155
1700.000000, 96.202, -149.6568
1725.000000, 96.264, -149.4005
1750.000000, 96.326, -149.1492
1775.000000, 96.389, -148.9049
1800.000000, 96.452, -148.6743
1825.000000, 96.516, -148.4618
1850.000000, 96.578, -148.2560
1875.000000, 96.639, -148.0532
1900.000000, 96.699, -147.8536
1925.000000, 96.758, -147.6526
1950.000000, 96.817, -147.4484
1975.000000, 96.876, -147.2396
2000.000000, 96.936, -147.0336
2030.000000, 97.010, -146.7906
2060.000000, 97.085, -146.5506
2090.000000, 97.161, -146.3139
2120.000000, 97.239, -146.0847
2140.000000, 97.292, -145.9376
2180.000000, 97.401, -145.6577
2200.000000, 97.455, -145.5245
2240.000000, 97.562, -145.2738
2270.000000, 97.644, -145.1012
2300.000000, 97.727, -144.9429
2330.000000, 97.811, -144.7959
2360.000000, 97.897, -144.6656
2400.000000, 98.014, -144.5198
2430.000000, 98.102, -144.4294
2470.000000, 98.220, -144.3343
2500.000000, 98.310, -144.2865
2540.000000, 98.432, -144.2577
2580.000000, 98.556, -144.2670
2620.000000, 98.681, -144.3195
2650.000000, 98.774, -144.3856
2690.000000, 98.900, -144.5134
2720.000000, 98.994, -144.6423
2760.000000, 99.117, -144.8621
2800.000000, 99.239, -145.1355
2850.000000, 99.389, -145.5604
2900.000000, 99.536, -146.0761
2950.000000, 99.677, -146.6867
3000.000000, 99.812, -147.3952
3040.000000, 99.914, -148.0326
3070.000000, 99.985, -148.5504
3110.000000, 100.072, -149.2935
3150.000000, 100.151, -150.0950
3200.000000, 100.235, -151.1730
3250.000000, 100.298, -152.3145
3300.000000, 100.339, -153.4931
3350.000000, 100.360, -154.6817
3400.000000, 100.363, -155.8502
3450.000000, 100.355, -156.9871
3500.000000, 100.344, -158.0992
3550.000000, 100.325, -159.2096
3600.000000, 100.296, -160.3467
3650.000000, 100.253, -161.5282
3700.000000, 100.192, -162.7522
3750.000000, 100.108, -163.9926
3820.000000, 99.946, -165.6913
3870.000000, 99.799, -166.8330
3950.000000, 99.513, -168.4644
4000.000000, 99.310, -169.3340
4060.000000, 99.048, -170.2047
4120.000000, 98.770, -170.8722
4180.000000, 98.479, -171.3276
4250.000000, 98.130, -171.5824
4310.000000, 97.825, -171.5650
4370.000000, 97.514, -171.3425
4440.000000, 97.150, -170.8300
4500.000000, 96.844, -170.1768
4550.000000, 96.597, -169.4869
4620.000000, 96.264, -168.3015
4680.000000, 95.995, -167.0825
4750.000000, 95.704, -165.4278
4820.000000, 95.443, -163.5316
4870.000000, 95.279, -162.0344
4940.000000, 95.087, -159.7539
5000.000000, 94.962, -157.6492
5080.000000, 94.861, -154.6731
5150.000000, 94.844, -151.9616
5220.000000, 94.903, -149.2221
5300.000000, 95.073, -146.1667
5380.000000, 95.365, -143.3506
5450.000000, 95.731, -141.2752
5520.000000, 96.203, -139.8059
5600.000000, 96.856, -139.2530
5700.000000, 97.747, -140.9934
5800.000000, 98.492, -145.9573
5900.000000, 98.783, -153.4115
6000.000000, 98.456, -161.1723
6080.000000, 97.815, -166.0597
6150.000000, 97.094, -168.8418
6220.000000, 96.319, -170.2345
6300.000000, 95.443, -170.4141
6400.000000, 94.410, -168.9734
6500.000000, 93.488, -165.8990
6600.000000, 92.714, -161.3374
6700.000000, 92.226, -155.2310
6800.000000, 92.119, -149.3594
6900.000000, 92.233, -144.6238
7000.000000, 92.458, -140.6540
7100.000000, 92.764, -137.1822
7200.000000, 93.149, -134.1564
7300.000000, 93.626, -131.5758
7400.000000, 94.216, -129.6805
7500.000000, 94.897, -128.8551
7620.000000, 95.807, -129.5433
7750.000000, 96.790, -132.9208
7880.000000, 97.495, -139.1817
8000.000000, 97.730, -146.9496
8120.000000, 97.468, -155.3301
8250.000000, 96.644, -163.3287
8380.000000, 95.429, -168.8205
8500.000000, 94.164, -171.2726
8620.000000, 92.921, -171.5592
8750.000000, 91.684, -170.2027
8850.000000, 90.819, -168.3587
9000.000000, 89.665, -164.6411
9120.000000, 88.870, -161.1488
9250.000000, 88.120, -157.1067
9380.000000, 87.461, -152.8630
9500.000000, 86.922, -148.7841
9620.000000, 86.453, -144.5315
9750.000000, 86.041, -139.8233
9880.000000, 85.723, -135.1722
10000.000000, 85.498, -130.9894
10150.000000, 85.294, -125.9725
10300.000000, 85.162, -121.2285
10440.000000, 85.098, -117.0854
10600.000000, 85.083, -112.7800
10750.000000, 85.110, -109.2441
10900.000000, 85.153, -106.2316
11060.000000, 85.189, -103.5763
11200.000000, 85.188, -101.6597
11380.000000, 85.114, -99.5672
11500.000000, 85.011, -98.2555
11720.000000, 84.714, -95.6126
11800.000000, 84.580, -94.4912
12060.000000, 84.112, -90.0903
12200.000000, 83.857, -87.2579
12410.000000, 83.493, -82.4548
12500.000000, 83.353, -80.2061
12650.000000, 83.151, -76.2377
12800.000000, 82.997, -72.0470
13150.000000, 82.867, -61.6544
13200.000000, 82.878, -60.1274
13400.000000, 83.001, -53.9931
13600.000000, 83.266, -47.9352
13800.000000, 83.691, -42.1331
14000.000000, 84.280, -36.8989
14300.000000, 85.361, -30.8758
14500.000000, 86.114, -27.8136
14750.000000, 87.241, -23.7901
15000.000000, 88.951, -21.3996
15250.000000, 90.907, -25.2978
15500.000000, 92.257, -35.7314
15750.000000, 92.477, -47.6020
16000.000000, 91.994, -55.5030
16250.000000, 91.616, -59.4765
16500.000000, 91.458, -63.3533
16750.000000, 91.157, -67.3036
17000.000000, 90.783, -69.7900
17250.000000, 90.580, -71.1220
17500.000000, 90.637, -72.7050
17750.000000, 90.829, -75.7781
18000.000000, 90.936, -80.6320
18250.000000, 90.774, -86.6380
18500.000000, 90.285, -92.5071
18750.000000, 89.555, -97.1284
19000.000000, 88.741, -100.1368
19250.000000, 87.974, -101.6852
19500.000000, 87.309, -102.6553
19750.000000, 86.750, -103.5449
20000.000000, 86.183, -104.9191
20300.000000, 85.439, -107.1496
20600.000000, 84.672, -109.5853
20900.000000, 83.725, -112.0508
21200.000000, 82.005, -116.3745
21400.000000, 79.976, -118.1660
21800.000000, 73.723, -104.8859
22000.000000, 69.788, -165.3283
22400.000000, 61.645, -110.3010
22700.000000, 56.227, -118.1385
23000.000000, 50.889, -108.3535
23300.000000, 45.681, -95.4239
23600.000000, 44.685, -72.3649
24000.000000, 48.181, -19.5853
