* Measurement data measured by REW V5.31.3
* Source: E2x2, MICROPHONE (Analogue 1), 1, volume: 1.000. Timing signal peak level -36.6 dBFS, measurement signal peak level -33.6 dBFS
* Format: 512k Log Swept Sine, 1 sweep at -38.2 dBFS using an acoustic timing reference
* Dated: May 4, 2025 11:18:33 AM
* REW Settings:
*  C-weighting compensation: Off
*  Target level: 75.0 dB
* Note: ; Fosi DS1 4.4mm + E2x2 MacBook Delay -0.0275 ms (-9.4 mm, -0.37 in) using estimated IR delay relative to Acoustic reference played from SPEAKER L with no timing offset Clock adjustment: -29.2 ppm
* Measurement: CP145 L
* Smoothing: 1/24 octave
* Frequency Step: 1/48 octave
* Start Frequency: 1.000 Hz
*
* Freq(Hz), SPL(dB), Phase(degrees)
1.000000, 60.857, 56.1149
1.015000, 60.898, 55.5853
1.030000, 60.947, 55.0315
1.044000, 61.001, 54.4896
1.060000, 61.073, 53.8380
1.075000, 61.152, 53.1939
1.090000, 61.242, 52.5200
1.106000, 61.352, 51.7921
1.120000, 61.457, 51.1897
1.138000, 61.604, 50.4921
1.150000, 61.709, 50.0759
1.172000, 61.914, 49.3167
1.180000, 61.993, 48.9758
1.206000, 62.261, 47.9662
1.220000, 62.413, 47.4734
1.241000, 62.650, 46.7900
1.250000, 62.754, 46.5147
1.265000, 62.930, 46.0756
1.280000, 63.110, 45.6573
1.315000, 63.541, 44.7395
1.320000, 63.603, 44.6131
1.340000, 63.853, 44.1138
1.360000, 64.105, 43.6241
1.380000, 64.355, 43.0054
1.400000, 64.604, 42.3315
1.430000, 64.971, 41.3001
1.450000, 65.210, 40.5956
1.475000, 65.502, 39.7194
1.500000, 65.794, 38.9172
1.525000, 66.089, 38.2159
1.550000, 66.387, 37.6070
1.575000, 66.687, 37.0047
1.600000, 66.988, 36.3376
1.625000, 67.290, 35.7222
1.650000, 67.593, 35.1457
1.675000, 67.895, 34.5966
1.700000, 68.196, 34.0644
1.725000, 68.495, 33.5398
1.750000, 68.791, 33.0149
1.775000, 69.085, 32.4293
1.800000, 69.375, 31.7265
1.825000, 69.660, 31.0133
1.850000, 69.943, 30.3071
1.875000, 70.223, 29.6385
1.900000, 70.502, 29.0162
1.925000, 70.778, 28.4376
1.950000, 71.053, 27.8994
1.975000, 71.326, 27.3450
2.000000, 71.597, 26.7202
2.030000, 71.919, 26.0049
2.060000, 72.238, 25.3127
2.090000, 72.553, 24.6346
2.120000, 72.864, 23.9622
2.140000, 73.069, 23.5134
2.180000, 73.473, 22.5546
2.200000, 73.673, 22.0231
2.240000, 74.066, 20.9817
2.270000, 74.356, 20.2352
2.300000, 74.643, 19.5206
2.330000, 74.925, 18.8359
2.360000, 75.204, 18.1772
2.400000, 75.571, 17.2150
2.430000, 75.841, 16.4978
2.470000, 76.196, 15.5615
2.500000, 76.459, 14.8685
2.540000, 76.804, 13.9492
2.580000, 77.142, 12.9932
2.620000, 77.475, 11.9714
2.650000, 77.720, 11.2244
2.690000, 78.041, 10.2553
2.720000, 78.278, 9.5489
2.760000, 78.589, 8.6367
2.800000, 78.893, 7.6627
2.850000, 79.267, 6.4633
2.900000, 79.631, 5.2905
2.950000, 79.987, 4.1344
3.000000, 80.334, 2.9237
3.040000, 80.605, 1.9464
3.070000, 80.805, 1.2265
3.110000, 81.066, 0.2861
3.150000, 81.322, -0.6312
3.200000, 81.636, -1.8029
3.250000, 81.942, -2.9685
3.300000, 82.242, -4.1070
3.350000, 82.534, -5.2272
3.400000, 82.819, -6.3907
3.450000, 83.096, -7.5568
3.500000, 83.366, -8.6945
3.550000, 83.630, -9.7985
3.600000, 83.888, -10.9142
3.650000, 84.140, -12.0169
3.700000, 84.387, -13.0967
3.750000, 84.627, -14.1633
3.820000, 84.953, -15.6910
3.870000, 85.178, -16.7684
3.950000, 85.529, -18.4320
4.000000, 85.743, -19.4653
4.060000, 85.993, -20.6887
4.120000, 86.236, -21.8893
4.180000, 86.472, -23.0792
4.250000, 86.739, -24.4823
4.310000, 86.962, -25.6453
4.370000, 87.180, -26.7750
4.440000, 87.428, -28.0959
4.500000, 87.634, -29.2062
4.550000, 87.802, -30.1148
4.620000, 88.031, -31.3948
4.680000, 88.222, -32.4692
4.750000, 88.441, -33.6822
4.820000, 88.654, -34.8926
4.870000, 88.803, -35.7475
4.940000, 89.007, -36.9205
5.000000, 89.178, -37.9213
5.080000, 89.400, -39.2347
5.150000, 89.589, -40.3489
5.220000, 89.774, -41.4631
5.300000, 89.980, -42.7183
5.380000, 90.180, -43.9455
5.450000, 90.351, -45.0156
5.520000, 90.518, -46.0580
5.600000, 90.705, -47.2378
5.700000, 90.931, -48.7007
5.800000, 91.151, -50.1291
5.900000, 91.363, -51.5352
6.000000, 91.569, -52.9158
6.080000, 91.729, -54.0133
6.150000, 91.866, -54.9509
6.220000, 91.999, -55.8849
6.300000, 92.148, -56.9349
6.400000, 92.329, -58.2287
6.500000, 92.504, -59.5076
6.600000, 92.674, -60.7560
6.700000, 92.838, -61.9888
6.800000, 92.997, -63.1995
6.900000, 93.152, -64.3935
7.000000, 93.302, -65.5596
7.100000, 93.447, -66.7112
7.200000, 93.588, -67.8405
7.300000, 93.725, -68.9527
7.400000, 93.858, -70.0410
7.500000, 93.987, -71.1164
7.620000, 94.138, -72.3799
7.750000, 94.296, -73.7156
7.880000, 94.448, -75.0299
8.000000, 94.584, -76.2136
8.120000, 94.716, -77.3750
8.250000, 94.855, -78.6096
8.380000, 94.989, -79.8164
8.500000, 95.109, -80.9105
8.620000, 95.226, -81.9841
8.750000, 95.348, -83.1254
8.850000, 95.440, -83.9895
9.000000, 95.574, -85.2592
9.120000, 95.678, -86.2572
9.250000, 95.788, -87.3195
9.380000, 95.895, -88.3613
9.500000, 95.991, -89.3101
9.620000, 96.085, -90.2417
9.750000, 96.182, -91.2353
9.880000, 96.270, -92.2138
10.000000, 96.339, -93.0987
10.150000, 96.411, -94.2100
10.300000, 96.473, -95.2918
10.440000, 96.524, -96.2758
10.600000, 96.579, -97.3699
10.750000, 96.629, -98.3662
10.900000, 96.679, -99.3351
11.060000, 96.731, -100.3551
11.200000, 96.774, -101.2476
11.380000, 96.827, -102.3623
11.500000, 96.861, -103.0856
11.720000, 96.922, -104.3733
11.800000, 96.945, -104.8298
12.060000, 97.020, -106.2862
12.200000, 97.061, -107.0696
12.410000, 97.124, -108.2154
12.500000, 97.150, -108.6960
12.650000, 97.192, -109.4835
12.800000, 97.232, -110.2543
13.150000, 97.322, -112.0147
13.200000, 97.335, -112.2639
13.400000, 97.385, -113.2432
13.600000, 97.435, -114.1952
13.800000, 97.484, -115.1212
14.000000, 97.533, -116.0253
14.300000, 97.602, -117.3747
14.500000, 97.646, -118.2502
14.750000, 97.699, -119.3168
15.000000, 97.750, -120.3540
15.250000, 97.802, -121.3848
15.500000, 97.854, -122.3831
15.750000, 97.903, -123.3468
16.000000, 97.950, -124.2773
16.250000, 97.995, -125.1984
16.500000, 98.040, -126.0933
16.750000, 98.085, -126.9663
17.000000, 98.130, -127.8232
17.250000, 98.175, -128.6800
17.500000, 98.218, -129.5233
17.750000, 98.258, -130.3498
18.000000, 98.297, -131.1591
18.250000, 98.333, -131.9611
18.500000, 98.367, -132.7436
18.750000, 98.401, -133.5060
19.000000, 98.435, -134.2506
19.250000, 98.469, -134.9931
19.500000, 98.502, -135.7221
19.750000, 98.534, -136.4381
20.000000, 98.564, -137.1408
20.299999, 98.598, -137.9784
20.600000, 98.629, -138.7927
20.900000, 98.659, -139.5828
21.200001, 98.688, -140.3581
21.400000, 98.706, -140.8663
21.799999, 98.740, -141.8591
22.000000, 98.757, -142.3460
22.400000, 98.789, -143.3127
22.700001, 98.811, -144.0211
23.000000, 98.831, -144.7146
23.299999, 98.851, -145.3994
23.600000, 98.870, -146.0695
24.000000, 98.894, -146.9413
24.299999, 98.911, -147.5871
24.700001, 98.933, -148.4290
25.000000, 98.949, -149.0456
25.400000, 98.968, -149.8565
25.799999, 98.986, -150.6454
26.200001, 99.002, -151.4187
26.500000, 99.013, -151.9900
26.900000, 99.027, -152.7359
27.200001, 99.037, -153.2870
27.600000, 99.049, -154.0084
28.000000, 99.060, -154.7121
28.500000, 99.071, -155.5753
29.000000, 99.081, -156.4157
29.500000, 99.090, -157.2410
30.000000, 99.096, -158.0457
30.400000, 99.098, -158.6791
30.700001, 99.099, -159.1452
31.100000, 99.099, -159.7554
31.500000, 99.097, -160.3551
32.000000, 99.095, -161.0852
32.500000, 99.092, -161.8012
33.000000, 99.088, -162.5013
33.500000, 99.083, -163.1900
34.000000, 99.077, -163.8634
34.500000, 99.073, -164.5241
35.000000, 99.067, -165.1700
35.500000, 99.061, -165.8040
36.000000, 99.053, -166.4214
36.500000, 99.044, -167.0246
37.000000, 99.035, -167.6137
37.500000, 99.026, -168.1956
38.200001, 99.009, -168.9948
38.700001, 98.995, -169.5506
39.500000, 98.972, -170.4069
40.000000, 98.957, -170.9254
40.599998, 98.939, -171.5409
41.200001, 98.920, -172.1462
41.799999, 98.899, -172.7369
42.500000, 98.874, -173.4048
43.099998, 98.854, -173.9597
43.700001, 98.834, -174.5024
44.400002, 98.810, -175.1214
45.000000, 98.789, -175.6407
45.500000, 98.770, -176.0649
46.200001, 98.743, -176.6408
46.799999, 98.720, -177.1214
47.500000, 98.693, -177.6749
48.200001, 98.666, -178.2200
48.700001, 98.645, -178.5994
49.400002, 98.615, -179.1143
50.000000, 98.589, -179.5417
50.799999, 98.555, 179.9030
51.500000, 98.524, 179.4275
52.200001, 98.493, 178.9612
53.000000, 98.455, 178.4471
53.799999, 98.416, 177.9587
54.500000, 98.382, 177.5442
55.200001, 98.348, 177.1338
56.000000, 98.308, 176.6720
57.000000, 98.258, 176.1111
58.000000, 98.207, 175.5693
59.000000, 98.155, 175.0532
60.000000, 98.105, 174.5599
60.799999, 98.066, 174.1740
61.500000, 98.031, 173.8429
62.200001, 97.995, 173.5232
63.000000, 97.954, 173.1731
64.000000, 97.903, 172.7521
65.000000, 97.852, 172.3488
66.000000, 97.800, 171.9535
67.000000, 97.748, 171.5690
68.000000, 97.695, 171.2029
69.000000, 97.642, 170.8524
70.000000, 97.590, 170.5172
71.000000, 97.539, 170.1948
72.000000, 97.487, 169.8823
73.000000, 97.435, 169.5818
74.000000, 97.383, 169.2940
75.000000, 97.331, 169.0201
76.199997, 97.270, 168.7080
77.500000, 97.205, 168.3837
78.800003, 97.140, 168.0644
80.000000, 97.079, 167.7882
81.199997, 97.019, 167.5284
82.500000, 96.954, 167.2634
83.800003, 96.891, 167.0137
85.000000, 96.834, 166.7945
86.199997, 96.778, 166.5908
87.500000, 96.719, 166.3818
88.500000, 96.674, 166.2275
90.000000, 96.607, 166.0103
91.199997, 96.554, 165.8494
92.500000, 96.498, 165.6852
93.800003, 96.442, 165.5298
95.000000, 96.390, 165.3964
96.199997, 96.337, 165.2721
97.500000, 96.281, 165.1483
98.800003, 96.225, 165.0350
100.000000, 96.174, 164.9368
101.500000, 96.110, 164.8235
103.000000, 96.048, 164.7225
104.400002, 95.991, 164.6374
106.000000, 95.927, 164.5497
107.500000, 95.867, 164.4783
109.000000, 95.808, 164.4170
110.599998, 95.746, 164.3593
112.000000, 95.692, 164.3156
113.800003, 95.624, 164.2699
115.000000, 95.580, 164.2457
117.199997, 95.500, 164.2113
118.000000, 95.472, 164.2021
120.599998, 95.383, 164.1886
122.000000, 95.337, 164.1925
124.099998, 95.272, 164.2061
125.000000, 95.244, 164.2134
126.500000, 95.198, 164.2288
128.000000, 95.153, 164.2510
131.500000, 95.052, 164.3286
132.000000, 95.038, 164.3400
134.000000, 94.982, 164.3873
136.000000, 94.930, 164.4452
138.000000, 94.882, 164.5083
140.000000, 94.835, 164.5836
143.000000, 94.766, 164.7086
145.000000, 94.721, 164.7917
147.500000, 94.667, 164.9019
150.000000, 94.614, 165.0284
152.500000, 94.560, 165.1631
155.000000, 94.506, 165.2996
157.500000, 94.454, 165.4383
160.000000, 94.404, 165.5895
162.500000, 94.355, 165.7515
165.000000, 94.307, 165.9170
167.500000, 94.260, 166.0811
170.000000, 94.212, 166.2567
172.500000, 94.163, 166.4438
175.000000, 94.114, 166.6428
177.500000, 94.065, 166.8618
180.000000, 94.019, 167.1083
182.500000, 93.979, 167.3951
185.000000, 93.947, 167.7150
187.500000, 93.928, 168.0241
190.000000, 93.920, 168.2532
192.500000, 93.915, 168.3740
195.000000, 93.903, 168.4215
197.500000, 93.880, 168.4547
200.000000, 93.850, 168.5125
203.000000, 93.811, 168.6235
206.000000, 93.771, 168.7692
209.000000, 93.732, 168.9420
212.000000, 93.695, 169.1276
214.000000, 93.672, 169.2533
218.000000, 93.627, 169.5164
220.000000, 93.605, 169.6516
224.000000, 93.564, 169.9306
227.000000, 93.535, 170.1427
230.000000, 93.507, 170.3528
233.000000, 93.480, 170.5605
236.000000, 93.455, 170.7666
240.000000, 93.422, 171.0442
243.000000, 93.400, 171.2510
247.000000, 93.370, 171.5261
250.000000, 93.349, 171.7322
254.000000, 93.322, 172.0084
258.000000, 93.297, 172.2828
262.000000, 93.272, 172.5547
265.000000, 93.254, 172.7584
269.000000, 93.233, 173.0278
272.000000, 93.218, 173.2293
276.000000, 93.201, 173.5004
280.000000, 93.186, 173.7729
285.000000, 93.169, 174.1033
290.000000, 93.153, 174.4187
295.000000, 93.136, 174.7221
300.000000, 93.120, 175.0326
304.000000, 93.109, 175.2804
307.000000, 93.102, 175.4673
311.000000, 93.092, 175.7159
315.000000, 93.083, 175.9617
320.000000, 93.073, 176.2648
325.000000, 93.064, 176.5662
330.000000, 93.055, 176.8625
335.000000, 93.046, 177.1552
340.000000, 93.038, 177.4465
345.000000, 93.028, 177.7351
350.000000, 93.018, 178.0196
355.000000, 93.010, 178.3054
360.000000, 93.001, 178.5886
365.000000, 92.993, 178.8679
370.000000, 92.985, 179.1406
375.000000, 92.977, 179.4143
382.000000, 92.967, 179.7967
387.000000, 92.959, -179.9346
395.000000, 92.947, -179.5094
400.000000, 92.939, -179.2446
406.000000, 92.931, -178.9293
412.000000, 92.925, -178.6149
418.000000, 92.918, -178.3019
425.000000, 92.910, -177.9418
431.000000, 92.904, -177.6342
437.000000, 92.899, -177.3288
444.000000, 92.892, -176.9740
450.000000, 92.887, -176.6706
455.000000, 92.884, -176.4190
462.000000, 92.878, -176.0729
468.000000, 92.874, -175.7765
475.000000, 92.871, -175.4317
482.000000, 92.869, -175.0894
487.000000, 92.869, -174.8433
494.000000, 92.869, -174.4989
500.000000, 92.870, -174.2064
508.000000, 92.871, -173.8220
515.000000, 92.873, -173.4859
522.000000, 92.876, -173.1484
530.000000, 92.879, -172.7649
538.000000, 92.883, -172.3817
545.000000, 92.888, -172.0473
552.000000, 92.894, -171.7098
560.000000, 92.900, -171.3239
570.000000, 92.909, -170.8459
580.000000, 92.919, -170.3720
590.000000, 92.930, -169.8969
600.000000, 92.942, -169.4181
608.000000, 92.950, -169.0331
615.000000, 92.956, -168.6982
622.000000, 92.962, -168.3627
630.000000, 92.969, -167.9831
640.000000, 92.979, -167.5108
650.000000, 92.990, -167.0344
660.000000, 93.002, -166.5497
670.000000, 93.015, -166.0735
680.000000, 93.031, -165.6018
690.000000, 93.048, -165.1249
700.000000, 93.068, -164.6485
710.000000, 93.088, -164.1779
720.000000, 93.109, -163.7074
730.000000, 93.132, -163.2360
740.000000, 93.156, -162.7724
750.000000, 93.182, -162.3139
762.000000, 93.213, -161.7595
775.000000, 93.247, -161.1639
788.000000, 93.282, -160.5763
800.000000, 93.317, -160.0398
812.000000, 93.353, -159.5112
825.000000, 93.395, -158.9474
838.000000, 93.440, -158.3928
850.000000, 93.482, -157.8933
862.000000, 93.525, -157.4042
875.000000, 93.573, -156.8827
885.000000, 93.611, -156.4911
900.000000, 93.671, -155.9228
912.000000, 93.720, -155.4811
925.000000, 93.774, -155.0159
938.000000, 93.830, -154.5708
950.000000, 93.882, -154.1780
962.000000, 93.935, -153.8003
975.000000, 93.990, -153.4107
988.000000, 94.045, -153.0419
1000.000000, 94.096, -152.7173
1015.000000, 94.159, -152.3302
1030.000000, 94.221, -151.9678
1044.000000, 94.280, -151.6505
1060.000000, 94.346, -151.3089
1075.000000, 94.406, -151.0085
1090.000000, 94.471, -150.7283
1106.000000, 94.547, -150.4483
1120.000000, 94.616, -150.2177
1138.000000, 94.702, -149.9377
1150.000000, 94.758, -149.7606
1172.000000, 94.858, -149.4539
1180.000000, 94.893, -149.3469
1206.000000, 95.005, -149.0152
1220.000000, 95.066, -148.8438
1241.000000, 95.159, -148.5941
1250.000000, 95.198, -148.4882
1265.000000, 95.262, -148.3113
1280.000000, 95.323, -148.1352
1315.000000, 95.462, -147.7254
1320.000000, 95.480, -147.6664
1340.000000, 95.548, -147.4275
1360.000000, 95.596, -147.1852
1380.000000, 95.641, -146.9387
1400.000000, 95.700, -146.6884
1430.000000, 95.795, -146.3078
1450.000000, 95.858, -146.0515
1475.000000, 95.935, -145.7242
1500.000000, 96.012, -145.3904
1525.000000, 96.087, -145.0519
1550.000000, 96.159, -144.7148
1575.000000, 96.228, -144.3840
1600.000000, 96.296, -144.0609
1625.000000, 96.363, -143.7411
1650.000000, 96.429, -143.4192
1675.000000, 96.493, -143.0943
1700.000000, 96.555, -142.7620
1725.000000, 96.617, -142.4214
1750.000000, 96.677, -142.0715
1775.000000, 96.737, -141.7048
1800.000000, 96.798, -141.3227
1825.000000, 96.859, -140.9256
1850.000000, 96.924, -140.5062
1875.000000, 96.991, -140.0679
1900.000000, 97.064, -139.6193
1925.000000, 97.143, -139.1632
1950.000000, 97.228, -138.7108
1975.000000, 97.321, -138.2741
2000.000000, 97.420, -137.8721
2030.000000, 97.549, -137.4538
2060.000000, 97.681, -137.1265
2090.000000, 97.813, -136.8956
2120.000000, 97.940, -136.7413
2140.000000, 98.021, -136.6663
2180.000000, 98.171, -136.5519
2200.000000, 98.241, -136.5020
2240.000000, 98.372, -136.3984
2270.000000, 98.467, -136.3135
2300.000000, 98.561, -136.2267
2330.000000, 98.655, -136.1381
2360.000000, 98.748, -136.0508
2400.000000, 98.874, -135.9434
2430.000000, 98.969, -135.8710
2470.000000, 99.098, -135.7824
2500.000000, 99.195, -135.7276
2540.000000, 99.329, -135.6765
2580.000000, 99.467, -135.6559
2620.000000, 99.609, -135.6850
2650.000000, 99.718, -135.7484
2690.000000, 99.864, -135.8936
2720.000000, 99.973, -136.0512
2760.000000, 100.113, -136.3281
2800.000000, 100.248, -136.6692
2850.000000, 100.410, -137.1706
2900.000000, 100.567, -137.7481
2950.000000, 100.717, -138.4054
3000.000000, 100.860, -139.1432
3040.000000, 100.970, -139.7988
3070.000000, 101.050, -140.3323
3110.000000, 101.152, -141.1025
3150.000000, 101.247, -141.9428
3200.000000, 101.354, -143.1056
3250.000000, 101.443, -144.4030
3300.000000, 101.509, -145.8348
3350.000000, 101.543, -147.3834
3400.000000, 101.537, -148.9916
3450.000000, 101.491, -150.5703
3500.000000, 101.410, -152.0222
3550.000000, 101.303, -153.2804
3600.000000, 101.183, -154.3385
3650.000000, 101.064, -155.2473
3700.000000, 100.947, -156.0844
3750.000000, 100.829, -156.9093
3820.000000, 100.648, -158.0798
3870.000000, 100.498, -158.9049
3950.000000, 100.213, -160.1024
4000.000000, 100.011, -160.7173
4060.000000, 99.753, -161.2749
4120.000000, 99.486, -161.6277
4180.000000, 99.215, -161.7927
4250.000000, 98.897, -161.7701
4310.000000, 98.622, -161.5710
4370.000000, 98.341, -161.2115
4440.000000, 98.012, -160.5836
4500.000000, 97.737, -159.8596
4550.000000, 97.514, -159.1296
4620.000000, 97.217, -157.9218
4680.000000, 96.979, -156.7203
4750.000000, 96.726, -155.1411
4820.000000, 96.502, -153.3970
4870.000000, 96.363, -152.0614
4940.000000, 96.198, -150.0869
5000.000000, 96.088, -148.3164
5080.000000, 95.990, -145.8768
5150.000000, 95.954, -143.6987
5220.000000, 95.971, -141.5260
5300.000000, 96.062, -139.1290
5380.000000, 96.241, -136.9438
5450.000000, 96.473, -135.3593
5520.000000, 96.775, -134.2774
5600.000000, 97.181, -133.9406
5700.000000, 97.693, -135.2980
5800.000000, 98.037, -138.7014
5900.000000, 98.038, -143.3410
6000.000000, 97.639, -147.7116
6080.000000, 97.099, -150.1302
6150.000000, 96.548, -151.2224
6220.000000, 95.982, -151.4352
6300.000000, 95.360, -150.8750
6400.000000, 94.626, -149.4596
6500.000000, 93.888, -147.4832
6600.000000, 93.043, -144.4246
6700.000000, 92.205, -137.8947
6800.000000, 91.942, -128.6220
6900.000000, 92.283, -121.0774
7000.000000, 92.819, -115.9388
7100.000000, 93.390, -112.0942
7200.000000, 93.996, -109.0297
7300.000000, 94.654, -106.7071
7400.000000, 95.364, -105.2589
7500.000000, 96.116, -104.8145
7620.000000, 97.053, -105.8984
7750.000000, 97.994, -109.3786
7880.000000, 98.606, -115.1103
8000.000000, 98.772, -121.5823
8120.000000, 98.547, -128.0705
8250.000000, 97.919, -133.9845
8380.000000, 97.034, -137.8877
8500.000000, 96.144, -139.6416
8620.000000, 95.266, -140.0610
8750.000000, 94.341, -139.2999
8850.000000, 93.668, -137.9159
9000.000000, 92.776, -134.8495
9120.000000, 92.175, -131.8684
9250.000000, 91.631, -128.3548
9380.000000, 91.183, -124.7399
9500.000000, 90.835, -121.3505
9620.000000, 90.550, -117.8910
9750.000000, 90.322, -114.1071
9880.000000, 90.181, -110.4101
10000.000000, 90.114, -107.1848
10150.000000, 90.096, -103.4140
10300.000000, 90.149, -99.9724
10440.000000, 90.258, -97.1859
10600.000000, 90.431, -94.6602
10750.000000, 90.604, -93.0233
10900.000000, 90.746, -92.0773
11060.000000, 90.816, -91.6300
11200.000000, 90.781, -91.3518
11380.000000, 90.642, -90.4322
11500.000000, 90.571, -89.2980
11720.000000, 90.618, -87.4600
11800.000000, 90.649, -87.2240
12060.000000, 90.583, -87.0243
12200.000000, 90.486, -86.6155
12410.000000, 90.380, -85.6754
12500.000000, 90.365, -85.3258
12650.000000, 90.382, -85.0459
12800.000000, 90.431, -85.3607
13150.000000, 90.432, -89.2706
13200.000000, 90.385, -90.1816
13400.000000, 90.002, -94.3166
13600.000000, 89.247, -98.3211
13800.000000, 88.150, -100.8846
14000.000000, 86.834, -101.0021
14300.000000, 84.814, -95.3855
14500.000000, 83.770, -87.5668
14750.000000, 83.323, -75.3969
15000.000000, 83.785, -66.7737
15250.000000, 84.223, -63.4745
15500.000000, 84.296, -59.9602
15750.000000, 84.745, -52.6131
16000.000000, 86.111, -46.1217
16250.000000, 88.052, -43.9904
16500.000000, 90.434, -47.3888
16750.000000, 92.712, -58.7926
17000.000000, 94.256, -77.4921
17250.000000, 94.506, -100.8635
17500.000000, 93.179, -123.7608
17750.000000, 90.576, -140.9522
18000.000000, 87.384, -149.9842
18250.000000, 84.341, -151.5733
18500.000000, 81.977, -148.6500
18750.000000, 80.389, -144.9357
19000.000000, 79.275, -142.7108
19250.000000, 78.290, -142.0716
19500.000000, 77.214, -142.5865
19750.000000, 76.009, -143.1347
20000.000000, 74.698, -143.3932
20300.000000, 73.047, -143.6683
20600.000000, 71.329, -144.0324
20900.000000, 69.317, -143.8955
21200.000000, 66.604, -143.7669
21400.000000, 64.073, -141.2112
21800.000000, 57.223, -118.0292
22000.000000, 53.266, -174.2270
22400.000000, 46.264, -109.3347
22700.000000, 43.302, -106.2123
23000.000000, 41.667, 153.1972
23300.000000, 41.486, 141.3825
23600.000000, 44.521, 174.5340
24000.000000, 48.836, -50.9106
