* Measurement data measured by REW V5.31.3
* Source: E2x2, MICROPHONE (Analogue 1), 1, volume: 1.000. Timing signal peak level -36.0 dBFS, measurement signal peak level -33.9 dBFS
* Format: 512k Log Swept Sine, 1 sweep at -38.2 dBFS using an acoustic timing reference
* Dated: May 4, 2025 11:05:16 AM
* REW Settings:
*  C-weighting compensation: Off
*  Target level: 75.0 dB
* Note: ; Fosi DS1 4.4mm + E2x2 MacBook Delay -0.0233 ms (-8.0 mm, -0.31 in) using estimated IR delay relative to Acoustic reference played from SPEAKER L with no timing offset Clock adjustment: -28.9 ppm
* Measurement: L
* Smoothing: 1/24 octave
* Frequency Step: 1/48 octave
* Start Frequency: 1.000 Hz
*
* Freq(Hz), SPL(dB), Phase(degrees)
1.000000, 60.355, 50.4789
1.015000, 60.430, 49.9360
1.030000, 60.512, 49.3746
1.044000, 60.594, 48.8310
1.060000, 60.697, 48.1839
1.075000, 60.802, 47.5505
1.090000, 60.916, 46.8941
1.106000, 61.048, 46.1938
1.120000, 61.172, 45.6253
1.138000, 61.343, 44.9838
1.150000, 61.462, 44.6113
1.172000, 61.694, 43.9423
1.180000, 61.781, 43.6366
1.206000, 62.078, 42.7471
1.220000, 62.244, 42.3215
1.241000, 62.500, 41.7402
1.250000, 62.613, 41.5089
1.265000, 62.802, 41.1430
1.280000, 62.995, 40.7976
1.315000, 63.453, 40.0475
1.320000, 63.519, 39.9447
1.340000, 63.784, 39.5391
1.360000, 64.049, 39.1416
1.380000, 64.312, 38.6139
1.400000, 64.574, 38.0300
1.430000, 64.958, 37.1322
1.450000, 65.207, 36.5162
1.475000, 65.512, 35.7510
1.500000, 65.815, 35.0603
1.525000, 66.119, 34.4699
1.550000, 66.424, 33.9695
1.575000, 66.730, 33.4722
1.600000, 67.037, 32.9062
1.625000, 67.343, 32.3877
1.650000, 67.648, 31.9039
1.675000, 67.952, 31.4436
1.700000, 68.255, 30.9964
1.725000, 68.555, 30.5535
1.750000, 68.852, 30.1074
1.775000, 69.147, 29.5982
1.800000, 69.438, 28.9697
1.825000, 69.725, 28.3291
1.850000, 70.009, 27.6941
1.875000, 70.290, 27.0955
1.900000, 70.569, 26.5413
1.925000, 70.846, 26.0286
1.950000, 71.121, 25.5537
1.975000, 71.394, 25.0601
2.000000, 71.664, 24.4936
2.030000, 71.985, 23.8450
2.060000, 72.302, 23.2161
2.090000, 72.615, 22.5984
2.120000, 72.925, 21.9837
2.140000, 73.129, 21.5720
2.180000, 73.532, 20.6849
2.200000, 73.731, 20.1882
2.240000, 74.122, 19.2146
2.270000, 74.411, 18.5174
2.300000, 74.696, 17.8503
2.330000, 74.978, 17.2114
2.360000, 75.255, 16.5964
2.400000, 75.619, 15.6896
2.430000, 75.888, 15.0118
2.470000, 76.241, 14.1254
2.500000, 76.502, 13.4679
2.540000, 76.845, 12.5941
2.580000, 77.182, 11.6817
2.620000, 77.513, 10.7023
2.650000, 77.756, 9.9863
2.690000, 78.076, 9.0570
2.720000, 78.311, 8.3794
2.760000, 78.620, 7.5038
2.800000, 78.923, 6.5645
2.850000, 79.294, 5.4059
2.900000, 79.657, 4.2712
2.950000, 80.012, 3.1513
3.000000, 80.357, 1.9755
3.040000, 80.627, 1.0254
3.070000, 80.825, 0.3253
3.110000, 81.085, -0.5897
3.150000, 81.340, -1.4828
3.200000, 81.652, -2.6259
3.250000, 81.957, -3.7647
3.300000, 82.256, -4.8781
3.350000, 82.547, -5.9741
3.400000, 82.831, -7.1141
3.450000, 83.107, -8.2575
3.500000, 83.376, -9.3736
3.550000, 83.639, -10.4572
3.600000, 83.896, -11.5538
3.650000, 84.148, -12.6387
3.700000, 84.394, -13.7017
3.750000, 84.633, -14.7519
3.820000, 84.958, -16.2577
3.870000, 85.183, -17.3203
3.950000, 85.533, -18.9620
4.000000, 85.746, -19.9827
4.060000, 85.996, -21.1923
4.120000, 86.239, -22.3796
4.180000, 86.475, -23.5569
4.250000, 86.742, -24.9462
4.310000, 86.965, -26.0984
4.370000, 87.182, -27.2182
4.440000, 87.430, -28.5286
4.500000, 87.636, -29.6305
4.550000, 87.803, -30.5325
4.620000, 88.032, -31.8040
4.680000, 88.224, -32.8718
4.750000, 88.443, -34.0780
4.820000, 88.656, -35.2823
4.870000, 88.805, -36.1332
4.940000, 89.009, -37.3011
5.000000, 89.179, -38.2981
5.080000, 89.401, -39.6071
5.150000, 89.591, -40.7180
5.220000, 89.776, -41.8296
5.300000, 89.981, -43.0824
5.380000, 90.182, -44.3078
5.450000, 90.353, -45.3767
5.520000, 90.520, -46.4184
5.600000, 90.707, -47.5978
5.700000, 90.933, -49.0611
5.800000, 91.152, -50.4902
5.900000, 91.365, -51.8976
6.000000, 91.570, -53.2800
6.080000, 91.730, -54.3792
6.150000, 91.866, -55.3183
6.220000, 92.000, -56.2538
6.300000, 92.148, -57.3054
6.400000, 92.328, -58.6015
6.500000, 92.503, -59.8824
6.600000, 92.672, -61.1322
6.700000, 92.835, -62.3658
6.800000, 92.994, -63.5769
6.900000, 93.147, -64.7705
7.000000, 93.296, -65.9353
7.100000, 93.440, -67.0845
7.200000, 93.580, -68.2108
7.300000, 93.717, -69.3191
7.400000, 93.849, -70.4025
7.500000, 93.978, -71.4721
7.620000, 94.128, -72.7279
7.750000, 94.286, -74.0550
7.880000, 94.438, -75.3601
8.000000, 94.574, -76.5355
8.120000, 94.707, -77.6897
8.250000, 94.846, -78.9172
8.380000, 94.982, -80.1187
8.500000, 95.103, -81.2100
8.620000, 95.221, -82.2826
8.750000, 95.345, -83.4246
8.850000, 95.437, -84.2909
9.000000, 95.572, -85.5661
9.120000, 95.677, -86.5693
9.250000, 95.786, -87.6380
9.380000, 95.893, -88.6863
9.500000, 95.988, -89.6402
9.620000, 96.081, -90.5752
9.750000, 96.177, -91.5706
9.880000, 96.263, -92.5481
10.000000, 96.330, -93.4287
10.150000, 96.400, -94.5310
10.300000, 96.461, -95.5996
10.440000, 96.511, -96.5677
10.600000, 96.564, -97.6413
10.750000, 96.615, -98.6173
10.900000, 96.666, -99.5661
11.060000, 96.719, -100.5678
11.200000, 96.764, -101.4476
11.380000, 96.821, -102.5524
11.500000, 96.857, -103.2740
11.720000, 96.923, -104.5677
11.800000, 96.947, -105.0293
12.060000, 97.025, -106.5108
12.200000, 97.067, -107.3109
12.410000, 97.128, -108.4828
12.500000, 97.154, -108.9737
12.650000, 97.194, -109.7766
12.800000, 97.231, -110.5593
13.150000, 97.314, -112.3302
13.200000, 97.325, -112.5789
13.400000, 97.372, -113.5517
13.600000, 97.418, -114.4918
13.800000, 97.465, -115.4025
14.000000, 97.512, -116.2902
14.300000, 97.581, -117.6165
14.500000, 97.624, -118.4790
14.750000, 97.677, -119.5322
15.000000, 97.729, -120.5587
15.250000, 97.783, -121.5810
15.500000, 97.836, -122.5735
15.750000, 97.887, -123.5356
16.000000, 97.936, -124.4705
16.250000, 97.985, -125.4037
16.500000, 98.032, -126.3185
16.750000, 98.077, -127.2175
17.000000, 98.122, -128.1029
17.250000, 98.165, -128.9864
17.500000, 98.205, -129.8504
17.750000, 98.242, -130.6889
18.000000, 98.276, -131.5008
18.250000, 98.309, -132.2971
18.500000, 98.341, -133.0684
18.750000, 98.374, -133.8170
19.000000, 98.407, -134.5479
19.250000, 98.441, -135.2782
19.500000, 98.475, -135.9969
19.750000, 98.507, -136.7042
20.000000, 98.538, -137.3991
20.299999, 98.573, -138.2277
20.600000, 98.605, -139.0336
20.900000, 98.636, -139.8165
21.200001, 98.666, -140.5865
21.400000, 98.685, -141.0924
21.799999, 98.721, -142.0828
22.000000, 98.738, -142.5690
22.400000, 98.769, -143.5344
22.700001, 98.791, -144.2413
23.000000, 98.812, -144.9331
23.299999, 98.831, -145.6156
23.600000, 98.849, -146.2831
24.000000, 98.873, -147.1499
24.299999, 98.890, -147.7908
24.700001, 98.911, -148.6255
25.000000, 98.926, -149.2372
25.400000, 98.945, -150.0436
25.799999, 98.963, -150.8307
26.200001, 98.979, -151.6033
26.500000, 98.990, -152.1739
26.900000, 99.003, -152.9183
27.200001, 99.013, -153.4684
27.600000, 99.025, -154.1905
28.000000, 99.036, -154.8978
28.500000, 99.048, -155.7673
29.000000, 99.057, -156.6122
29.500000, 99.064, -157.4378
30.000000, 99.070, -158.2400
30.400000, 99.072, -158.8710
30.700001, 99.073, -159.3352
31.100000, 99.072, -159.9427
31.500000, 99.071, -160.5393
32.000000, 99.069, -161.2657
32.500000, 99.067, -161.9805
33.000000, 99.063, -162.6829
33.500000, 99.058, -163.3751
34.000000, 99.051, -164.0482
34.500000, 99.045, -164.7026
35.000000, 99.040, -165.3386
35.500000, 99.033, -165.9641
36.000000, 99.026, -166.5780
36.500000, 99.018, -167.1816
37.000000, 99.009, -167.7712
37.500000, 98.998, -168.3501
38.200001, 98.982, -169.1416
38.700001, 98.968, -169.6959
39.500000, 98.944, -170.5622
40.000000, 98.928, -171.0874
40.599998, 98.908, -171.7031
41.200001, 98.888, -172.3034
41.799999, 98.868, -172.8932
42.500000, 98.842, -173.5644
43.099998, 98.821, -174.1181
43.700001, 98.802, -174.6572
44.400002, 98.779, -175.2774
45.000000, 98.758, -175.8008
45.500000, 98.739, -176.2272
46.200001, 98.713, -176.8063
46.799999, 98.690, -177.2905
47.500000, 98.662, -177.8416
48.200001, 98.633, -178.3750
48.700001, 98.613, -178.7471
49.400002, 98.583, -179.2585
50.000000, 98.556, -179.6859
50.799999, 98.520, 179.7612
51.500000, 98.489, 179.2905
52.200001, 98.457, 178.8305
53.000000, 98.419, 178.3192
53.799999, 98.381, 177.8231
54.500000, 98.347, 177.4017
55.200001, 98.313, 176.9919
56.000000, 98.274, 176.5352
57.000000, 98.223, 175.9805
58.000000, 98.172, 175.4511
59.000000, 98.120, 174.9456
60.000000, 98.069, 174.4553
60.799999, 98.029, 174.0739
61.500000, 97.993, 173.7462
62.200001, 97.957, 173.4261
63.000000, 97.915, 173.0734
64.000000, 97.864, 172.6487
65.000000, 97.812, 172.2400
66.000000, 97.761, 171.8474
67.000000, 97.709, 171.4686
68.000000, 97.657, 171.1044
69.000000, 97.604, 170.7559
70.000000, 97.552, 170.4188
71.000000, 97.499, 170.0925
72.000000, 97.447, 169.7793
73.000000, 97.395, 169.4780
74.000000, 97.343, 169.1862
75.000000, 97.291, 168.9093
76.199997, 97.230, 168.5917
77.500000, 97.164, 168.2642
78.800003, 97.098, 167.9539
80.000000, 97.037, 167.6823
81.199997, 96.976, 167.4240
82.500000, 96.911, 167.1571
83.800003, 96.847, 166.9092
85.000000, 96.790, 166.6953
86.199997, 96.735, 166.4882
87.500000, 96.675, 166.2789
88.500000, 96.629, 166.1284
90.000000, 96.562, 165.9182
91.199997, 96.509, 165.7608
92.500000, 96.452, 165.5967
93.800003, 96.396, 165.4397
95.000000, 96.344, 165.3077
96.199997, 96.292, 165.1850
97.500000, 96.235, 165.0610
98.800003, 96.179, 164.9448
100.000000, 96.128, 164.8421
101.500000, 96.064, 164.7275
103.000000, 96.002, 164.6241
104.400002, 95.944, 164.5311
106.000000, 95.879, 164.4414
107.500000, 95.819, 164.3694
109.000000, 95.760, 164.3051
110.599998, 95.696, 164.2462
112.000000, 95.642, 164.2033
113.800003, 95.574, 164.1529
115.000000, 95.529, 164.1247
117.199997, 95.448, 164.0898
118.000000, 95.419, 164.0829
120.599998, 95.329, 164.0729
122.000000, 95.282, 164.0773
124.099998, 95.215, 164.0941
125.000000, 95.187, 164.1039
126.500000, 95.141, 164.1233
128.000000, 95.096, 164.1420
131.500000, 94.994, 164.2062
132.000000, 94.980, 164.2195
134.000000, 94.924, 164.2764
136.000000, 94.871, 164.3405
138.000000, 94.821, 164.4123
140.000000, 94.771, 164.4868
143.000000, 94.699, 164.6074
145.000000, 94.652, 164.6920
147.500000, 94.595, 164.8027
150.000000, 94.538, 164.9303
152.500000, 94.480, 165.0684
155.000000, 94.422, 165.2135
157.500000, 94.364, 165.3682
160.000000, 94.306, 165.5473
162.500000, 94.248, 165.7486
165.000000, 94.188, 165.9771
167.500000, 94.128, 166.2537
170.000000, 94.072, 166.6024
172.500000, 94.023, 167.0491
175.000000, 93.999, 167.5614
177.500000, 94.006, 168.0003
180.000000, 94.029, 168.2258
182.500000, 94.042, 168.2367
185.000000, 94.031, 168.1581
187.500000, 94.003, 168.0984
190.000000, 93.969, 168.0999
192.500000, 93.933, 168.1548
195.000000, 93.897, 168.2409
197.500000, 93.861, 168.3463
200.000000, 93.828, 168.4654
203.000000, 93.789, 168.6165
206.000000, 93.752, 168.7743
209.000000, 93.715, 168.9412
212.000000, 93.678, 169.1173
214.000000, 93.655, 169.2388
218.000000, 93.611, 169.4844
220.000000, 93.589, 169.6081
224.000000, 93.545, 169.8702
227.000000, 93.514, 170.0764
230.000000, 93.485, 170.2865
233.000000, 93.457, 170.4924
236.000000, 93.430, 170.6889
240.000000, 93.396, 170.9458
243.000000, 93.373, 171.1448
247.000000, 93.343, 171.4214
250.000000, 93.322, 171.6290
254.000000, 93.295, 171.9037
258.000000, 93.269, 172.1795
262.000000, 93.244, 172.4482
265.000000, 93.227, 172.6490
269.000000, 93.206, 172.9162
272.000000, 93.192, 173.1149
276.000000, 93.174, 173.3767
280.000000, 93.158, 173.6332
285.000000, 93.139, 173.9475
290.000000, 93.120, 174.2636
295.000000, 93.103, 174.5752
300.000000, 93.087, 174.8865
304.000000, 93.076, 175.1343
307.000000, 93.068, 175.3183
311.000000, 93.059, 175.5591
315.000000, 93.050, 175.8001
320.000000, 93.040, 176.1012
325.000000, 93.030, 176.4006
330.000000, 93.021, 176.6964
335.000000, 93.012, 176.9858
340.000000, 93.004, 177.2754
345.000000, 92.994, 177.5643
350.000000, 92.983, 177.8486
355.000000, 92.974, 178.1297
360.000000, 92.965, 178.4068
365.000000, 92.957, 178.6840
370.000000, 92.949, 178.9576
375.000000, 92.942, 179.2305
382.000000, 92.932, 179.6042
387.000000, 92.924, 179.8670
395.000000, 92.912, -179.7177
400.000000, 92.905, -179.4555
406.000000, 92.897, -179.1407
412.000000, 92.889, -178.8333
418.000000, 92.882, -178.5276
425.000000, 92.874, -178.1726
431.000000, 92.867, -177.8672
437.000000, 92.861, -177.5642
444.000000, 92.855, -177.2153
450.000000, 92.850, -176.9194
455.000000, 92.846, -176.6731
462.000000, 92.840, -176.3280
468.000000, 92.836, -176.0316
475.000000, 92.832, -175.6917
482.000000, 92.829, -175.3537
487.000000, 92.829, -175.1114
494.000000, 92.829, -174.7732
500.000000, 92.830, -174.4834
508.000000, 92.831, -174.1006
515.000000, 92.833, -173.7691
522.000000, 92.835, -173.4350
530.000000, 92.838, -173.0495
538.000000, 92.841, -172.6667
545.000000, 92.846, -172.3355
552.000000, 92.851, -172.0081
560.000000, 92.858, -171.6312
570.000000, 92.867, -171.1529
580.000000, 92.877, -170.6782
590.000000, 92.888, -170.2077
600.000000, 92.899, -169.7375
608.000000, 92.906, -169.3598
615.000000, 92.912, -169.0295
622.000000, 92.918, -168.7005
630.000000, 92.925, -168.3268
640.000000, 92.935, -167.8564
650.000000, 92.945, -167.3862
660.000000, 92.958, -166.9189
670.000000, 92.971, -166.4523
680.000000, 92.986, -165.9848
690.000000, 93.002, -165.5202
700.000000, 93.020, -165.0601
710.000000, 93.039, -164.6006
720.000000, 93.059, -164.1397
730.000000, 93.080, -163.6779
740.000000, 93.102, -163.2175
750.000000, 93.125, -162.7545
762.000000, 93.154, -162.2011
775.000000, 93.186, -161.6070
788.000000, 93.220, -161.0126
800.000000, 93.254, -160.4687
812.000000, 93.290, -159.9311
825.000000, 93.332, -159.3594
838.000000, 93.377, -158.7993
850.000000, 93.420, -158.2932
862.000000, 93.465, -157.8009
875.000000, 93.514, -157.2832
885.000000, 93.552, -156.8968
900.000000, 93.612, -156.3387
912.000000, 93.662, -155.9088
925.000000, 93.717, -155.4546
938.000000, 93.772, -155.0175
950.000000, 93.824, -154.6309
962.000000, 93.876, -154.2600
975.000000, 93.930, -153.8780
988.000000, 93.984, -153.5098
1000.000000, 94.035, -153.1829
1015.000000, 94.098, -152.7996
1030.000000, 94.161, -152.4467
1044.000000, 94.219, -152.1360
1060.000000, 94.285, -151.8030
1075.000000, 94.345, -151.5105
1090.000000, 94.409, -151.2385
1106.000000, 94.485, -150.9635
1120.000000, 94.554, -150.7387
1138.000000, 94.640, -150.4687
1150.000000, 94.695, -150.2982
1172.000000, 94.793, -150.0005
1180.000000, 94.828, -149.8949
1206.000000, 94.939, -149.5669
1220.000000, 95.000, -149.3957
1241.000000, 95.092, -149.1409
1250.000000, 95.130, -149.0323
1265.000000, 95.194, -148.8519
1280.000000, 95.256, -148.6727
1315.000000, 95.398, -148.2569
1320.000000, 95.417, -148.1984
1340.000000, 95.486, -147.9609
1360.000000, 95.535, -147.7165
1380.000000, 95.582, -147.4728
1400.000000, 95.643, -147.2314
1430.000000, 95.741, -146.8576
1450.000000, 95.807, -146.6063
1475.000000, 95.888, -146.2895
1500.000000, 95.969, -145.9718
1525.000000, 96.049, -145.6530
1550.000000, 96.125, -145.3463
1575.000000, 96.197, -145.0465
1600.000000, 96.269, -144.7538
1625.000000, 96.340, -144.4658
1650.000000, 96.410, -144.1752
1675.000000, 96.480, -143.8867
1700.000000, 96.549, -143.5973
1725.000000, 96.617, -143.3055
1750.000000, 96.685, -143.0143
1775.000000, 96.753, -142.7272
1800.000000, 96.821, -142.4447
1825.000000, 96.890, -142.1649
1850.000000, 96.958, -141.8870
1875.000000, 97.028, -141.6146
1900.000000, 97.098, -141.3464
1925.000000, 97.168, -141.0805
1950.000000, 97.238, -140.8225
1975.000000, 97.309, -140.5703
2000.000000, 97.380, -140.3239
2030.000000, 97.466, -140.0353
2060.000000, 97.553, -139.7610
2090.000000, 97.642, -139.4984
2120.000000, 97.732, -139.2461
2140.000000, 97.792, -139.0838
2180.000000, 97.914, -138.7736
2200.000000, 97.974, -138.6296
2240.000000, 98.095, -138.3615
2270.000000, 98.185, -138.1764
2300.000000, 98.276, -138.0091
2330.000000, 98.368, -137.8606
2360.000000, 98.461, -137.7317
2400.000000, 98.584, -137.5849
2430.000000, 98.676, -137.4984
2470.000000, 98.798, -137.4089
2500.000000, 98.888, -137.3637
2540.000000, 99.007, -137.3276
2580.000000, 99.124, -137.3075
2620.000000, 99.238, -137.2912
2650.000000, 99.324, -137.2699
2690.000000, 99.441, -137.2284
2720.000000, 99.535, -137.1925
2760.000000, 99.670, -137.1666
2800.000000, 99.818, -137.2122
2850.000000, 100.015, -137.4538
2900.000000, 100.212, -137.9387
2950.000000, 100.394, -138.6235
3000.000000, 100.557, -139.4482
3040.000000, 100.674, -140.1829
3070.000000, 100.755, -140.7695
3110.000000, 100.854, -141.5968
3150.000000, 100.942, -142.4762
3200.000000, 101.037, -143.6457
3250.000000, 101.112, -144.8896
3300.000000, 101.168, -146.1999
3350.000000, 101.202, -147.5751
3400.000000, 101.213, -149.0131
3450.000000, 101.197, -150.4897
3500.000000, 101.152, -151.9517
3550.000000, 101.078, -153.3393
3600.000000, 100.979, -154.6211
3650.000000, 100.864, -155.8049
3700.000000, 100.732, -156.9139
3750.000000, 100.582, -157.9552
3820.000000, 100.334, -159.2408
3870.000000, 100.134, -159.9655
3950.000000, 99.798, -160.7373
4000.000000, 99.593, -161.0436
4060.000000, 99.354, -161.3208
4120.000000, 99.115, -161.5280
4180.000000, 98.870, -161.6508
4250.000000, 98.572, -161.6441
4310.000000, 98.307, -161.4779
4370.000000, 98.031, -161.1453
4440.000000, 97.705, -160.5303
4500.000000, 97.430, -159.8120
4550.000000, 97.208, -159.0887
4620.000000, 96.912, -157.8943
4680.000000, 96.672, -156.7087
4750.000000, 96.412, -155.1404
4820.000000, 96.178, -153.3806
4870.000000, 96.031, -152.0125
4940.000000, 95.858, -149.9679
5000.000000, 95.742, -148.1244
5080.000000, 95.640, -145.5803
5150.000000, 95.603, -143.3089
5220.000000, 95.618, -141.0394
5300.000000, 95.709, -138.5235
5380.000000, 95.886, -136.2081
5450.000000, 96.118, -134.4910
5520.000000, 96.420, -133.2363
5600.000000, 96.834, -132.6367
5700.000000, 97.379, -133.6053
5800.000000, 97.792, -136.7035
5900.000000, 97.880, -141.2889
6000.000000, 97.556, -145.8758
6080.000000, 97.052, -148.5699
6150.000000, 96.512, -149.8851
6220.000000, 95.944, -150.2451
6300.000000, 95.317, -149.7275
6400.000000, 94.591, -148.2104
6500.000000, 93.893, -146.0981
6600.000000, 93.124, -143.0943
6700.000000, 92.354, -137.1284
6800.000000, 92.084, -128.4961
6900.000000, 92.388, -121.1978
7000.000000, 92.904, -116.1055
7100.000000, 93.469, -112.2739
7200.000000, 94.077, -109.2150
7300.000000, 94.746, -106.8758
7400.000000, 95.479, -105.3939
7500.000000, 96.270, -104.9311
7620.000000, 97.283, -106.0562
7750.000000, 98.343, -109.8627
7880.000000, 99.078, -116.4377
8000.000000, 99.321, -124.2044
8120.000000, 99.083, -132.3504
8250.000000, 98.303, -139.9664
8380.000000, 97.155, -144.8950
8500.000000, 96.001, -146.7738
8620.000000, 94.913, -146.7082
8750.000000, 93.850, -145.2553
8850.000000, 93.113, -143.4417
9000.000000, 92.147, -139.9226
9120.000000, 91.493, -136.6739
9250.000000, 90.889, -132.9490
9380.000000, 90.370, -129.1423
9500.000000, 89.950, -125.5205
9620.000000, 89.591, -121.7747
9750.000000, 89.281, -117.6324
9880.000000, 89.058, -113.4933
10000.000000, 88.920, -109.7876
10150.000000, 88.820, -105.3627
10300.000000, 88.796, -101.2027
10440.000000, 88.836, -97.6582
10600.000000, 88.937, -94.1312
10750.000000, 89.059, -91.4212
10900.000000, 89.175, -89.3001
11060.000000, 89.253, -87.5718
11200.000000, 89.252, -86.2570
11380.000000, 89.162, -84.2016
11500.000000, 89.108, -82.3166
11720.000000, 89.198, -78.6782
11800.000000, 89.268, -77.7519
12060.000000, 89.356, -75.7499
12200.000000, 89.314, -74.4198
12410.000000, 89.267, -71.6738
12500.000000, 89.282, -70.3188
12650.000000, 89.375, -67.9990
12800.000000, 89.567, -65.8007
13150.000000, 90.427, -62.6820
13200.000000, 90.590, -62.6564
13400.000000, 91.276, -64.1430
13600.000000, 91.838, -68.5814
13800.000000, 91.985, -75.4837
14000.000000, 91.498, -82.8529
14300.000000, 89.699, -88.7697
14500.000000, 88.319, -86.6016
14750.000000, 87.335, -78.3415
15000.000000, 87.489, -71.7345
15250.000000, 87.745, -70.9010
15500.000000, 87.485, -70.2773
15750.000000, 87.383, -65.0737
16000.000000, 88.122, -59.2938
16250.000000, 89.370, -56.6986
16500.000000, 90.991, -57.6607
16750.000000, 92.658, -63.9595
17000.000000, 94.010, -75.1446
17250.000000, 94.757, -90.3545
17500.000000, 94.600, -107.5621
17750.000000, 93.474, -123.5352
18000.000000, 91.630, -135.4717
18250.000000, 89.506, -142.1924
18500.000000, 87.569, -144.2740
18750.000000, 86.125, -143.9242
19000.000000, 85.146, -143.6751
19250.000000, 84.381, -144.6263
19500.000000, 83.567, -146.9935
19750.000000, 82.580, -149.7162
20000.000000, 81.408, -152.0130
20300.000000, 79.885, -154.1109
20600.000000, 78.319, -155.7356
20900.000000, 76.499, -156.5011
21200.000000, 73.972, -157.0629
21400.000000, 71.538, -154.9726
21800.000000, 64.887, -133.0254
22000.000000, 61.170, 168.5075
22400.000000, 54.235, -130.3294
22700.000000, 49.814, -130.5814
23000.000000, 46.167, -110.1759
23300.000000, 46.750, 19.9431
23600.000000, 52.537, 33.6648
24000.000000, 57.811, 68.0315
