* Measurement data measured by REW V5.31.3
* Source: E2x2, MICROPHONE (Analogue 1), 1, volume: 1.000. Timing signal peak level -37.0 dBFS, measurement signal peak level -34.2 dBFS
* Format: 512k Log Swept Sine, 1 sweep at -38.2 dBFS using an acoustic timing reference
* Dated: May 4, 2025 11:11:04 AM
* REW Settings:
*  C-weighting compensation: Off
*  Target level: 75.0 dB
* Note: ; Fosi DS1 4.4mm + E2x2 MacBook Delay -0.0228 ms (-7.8 mm, -0.31 in) using estimated IR delay relative to Acoustic reference played from SPEAKER L with no timing offset Clock adjustment: -29.0 ppm
* Measurement: Velvet L
* Smoothing: 1/24 octave
* Frequency Step: 1/48 octave
* Start Frequency: 1.000 Hz
*
* Freq(Hz), SPL(dB), Phase(degrees)
1.000000, 61.221, 54.6138
1.015000, 61.267, 54.0526
1.030000, 61.321, 53.4729
1.044000, 61.378, 52.9120
1.060000, 61.453, 52.2443
1.075000, 61.534, 51.5903
1.090000, 61.625, 50.9111
1.106000, 61.735, 50.1811
1.120000, 61.840, 49.5780
1.138000, 61.987, 48.8796
1.150000, 62.092, 48.4627
1.172000, 62.297, 47.7025
1.180000, 62.376, 47.3613
1.206000, 62.644, 46.3511
1.220000, 62.795, 45.8586
1.241000, 63.031, 45.1765
1.250000, 63.135, 44.9022
1.265000, 63.311, 44.4655
1.280000, 63.490, 44.0504
1.315000, 63.919, 43.1443
1.320000, 63.981, 43.0200
1.340000, 64.230, 42.5308
1.360000, 64.480, 42.0535
1.380000, 64.729, 41.4494
1.400000, 64.976, 40.7925
1.430000, 65.341, 39.7914
1.450000, 65.577, 39.1098
1.475000, 65.866, 38.2642
1.500000, 66.155, 37.4914
1.525000, 66.447, 36.8171
1.550000, 66.741, 36.2326
1.575000, 67.037, 35.6527
1.600000, 67.334, 35.0065
1.625000, 67.632, 34.4109
1.650000, 67.930, 33.8534
1.675000, 68.228, 33.3230
1.700000, 68.524, 32.8094
1.725000, 68.818, 32.3036
1.750000, 69.110, 31.7980
1.775000, 69.399, 31.2324
1.800000, 69.685, 30.5503
1.825000, 69.966, 29.8584
1.850000, 70.245, 29.1733
1.875000, 70.521, 28.5246
1.900000, 70.795, 27.9205
1.925000, 71.068, 27.3588
1.950000, 71.339, 26.8361
1.975000, 71.608, 26.2961
2.000000, 71.875, 25.6851
2.030000, 72.192, 24.9855
2.060000, 72.507, 24.3085
2.090000, 72.817, 23.6454
2.120000, 73.124, 22.9881
2.140000, 73.326, 22.5495
2.180000, 73.725, 21.6118
2.200000, 73.922, 21.0910
2.240000, 74.310, 20.0705
2.270000, 74.596, 19.3385
2.300000, 74.879, 18.6375
2.330000, 75.158, 17.9656
2.360000, 75.433, 17.3189
2.400000, 75.795, 16.3719
2.430000, 76.062, 15.6657
2.470000, 76.413, 14.7438
2.500000, 76.673, 14.0616
2.540000, 77.014, 13.1569
2.580000, 77.348, 12.2156
2.620000, 77.677, 11.2083
2.650000, 77.919, 10.4718
2.690000, 78.237, 9.5159
2.720000, 78.472, 8.8190
2.760000, 78.779, 7.9190
2.800000, 79.081, 6.9567
2.850000, 79.450, 5.7714
2.900000, 79.811, 4.6126
2.950000, 80.164, 3.4707
3.000000, 80.508, 2.2740
3.040000, 80.777, 1.3077
3.070000, 80.975, 0.5958
3.110000, 81.234, -0.3342
3.150000, 81.488, -1.2414
3.200000, 81.799, -2.4010
3.250000, 82.103, -3.5547
3.300000, 82.400, -4.6816
3.350000, 82.690, -5.7899
3.400000, 82.973, -6.9416
3.450000, 83.248, -8.0960
3.500000, 83.517, -9.2224
3.550000, 83.779, -10.3154
3.600000, 84.036, -11.4205
3.650000, 84.287, -12.5131
3.700000, 84.532, -13.5828
3.750000, 84.771, -14.6391
3.820000, 85.095, -16.1525
3.870000, 85.320, -17.2199
3.950000, 85.670, -18.8684
4.000000, 85.883, -19.8927
4.060000, 86.132, -21.1059
4.120000, 86.375, -22.2962
4.180000, 86.611, -23.4759
4.250000, 86.878, -24.8673
4.310000, 87.101, -26.0210
4.370000, 87.319, -27.1421
4.440000, 87.566, -28.4537
4.500000, 87.773, -29.5562
4.550000, 87.941, -30.4584
4.620000, 88.170, -31.7299
4.680000, 88.362, -32.7976
4.750000, 88.581, -34.0038
4.820000, 88.795, -35.2081
4.870000, 88.945, -36.0590
4.940000, 89.149, -37.2266
5.000000, 89.320, -38.2233
5.080000, 89.543, -39.5322
5.150000, 89.734, -40.6432
5.220000, 89.920, -41.7549
5.300000, 90.126, -43.0080
5.380000, 90.327, -44.2337
5.450000, 90.499, -45.3029
5.520000, 90.667, -46.3450
5.600000, 90.855, -47.5252
5.700000, 91.082, -48.9893
5.800000, 91.303, -50.4191
5.900000, 91.516, -51.8271
6.000000, 91.722, -53.2099
6.080000, 91.882, -54.3092
6.150000, 92.019, -55.2483
6.220000, 92.153, -56.1834
6.300000, 92.302, -57.2343
6.400000, 92.483, -58.5291
6.500000, 92.657, -59.8082
6.600000, 92.827, -61.0558
6.700000, 92.991, -62.2866
6.800000, 93.150, -63.4943
6.900000, 93.304, -64.6844
7.000000, 93.453, -65.8455
7.100000, 93.598, -66.9910
7.200000, 93.739, -68.1133
7.300000, 93.876, -69.2181
7.400000, 94.009, -70.2985
7.500000, 94.139, -71.3655
7.620000, 94.290, -72.6190
7.750000, 94.449, -73.9450
7.880000, 94.603, -75.2504
8.000000, 94.740, -76.4273
8.120000, 94.873, -77.5841
8.250000, 95.014, -78.8158
8.380000, 95.149, -80.0220
8.500000, 95.271, -81.1179
8.620000, 95.388, -82.1953
8.750000, 95.512, -83.3421
8.850000, 95.604, -84.2112
9.000000, 95.738, -85.4895
9.120000, 95.842, -86.4939
9.250000, 95.950, -87.5620
9.380000, 96.056, -88.6081
9.500000, 96.150, -89.5588
9.620000, 96.243, -90.4898
9.750000, 96.339, -91.4799
9.880000, 96.424, -92.4521
10.000000, 96.492, -93.3286
10.150000, 96.563, -94.4267
10.300000, 96.624, -95.4939
10.440000, 96.675, -96.4635
10.600000, 96.730, -97.5424
10.750000, 96.782, -98.5272
10.900000, 96.834, -99.4879
11.060000, 96.888, -100.5045
11.200000, 96.933, -101.3988
11.380000, 96.988, -102.5219
11.500000, 97.024, -103.2546
11.720000, 97.086, -104.5645
11.800000, 97.109, -105.0302
12.060000, 97.184, -106.5175
12.200000, 97.224, -107.3163
12.410000, 97.284, -108.4817
12.500000, 97.308, -108.9690
12.650000, 97.348, -109.7653
12.800000, 97.386, -110.5423
13.150000, 97.471, -112.3085
13.200000, 97.483, -112.5579
13.400000, 97.531, -113.5372
13.600000, 97.579, -114.4882
13.800000, 97.626, -115.4126
14.000000, 97.673, -116.3134
14.300000, 97.739, -117.6524
14.500000, 97.781, -118.5157
14.750000, 97.832, -119.5609
15.000000, 97.883, -120.5719
15.250000, 97.937, -121.5770
15.500000, 97.993, -122.5565
15.750000, 98.047, -123.5138
16.000000, 98.099, -124.4537
16.250000, 98.149, -125.3982
16.500000, 98.196, -126.3254
16.750000, 98.240, -127.2311
17.000000, 98.282, -128.1122
17.250000, 98.323, -128.9793
17.500000, 98.362, -129.8167
17.750000, 98.399, -130.6240
18.000000, 98.437, -131.4074
18.250000, 98.475, -132.1848
18.500000, 98.512, -132.9509
18.750000, 98.550, -133.7084
19.000000, 98.587, -134.4597
19.250000, 98.623, -135.2165
19.500000, 98.656, -135.9620
19.750000, 98.687, -136.6917
20.000000, 98.716, -137.4019
20.299999, 98.747, -138.2396
20.600000, 98.778, -139.0477
20.900000, 98.807, -139.8308
21.200001, 98.836, -140.6029
21.400000, 98.855, -141.1120
21.799999, 98.889, -142.1114
22.000000, 98.905, -142.6016
22.400000, 98.935, -143.5702
22.700001, 98.955, -144.2740
23.000000, 98.975, -144.9596
23.299999, 98.995, -145.6362
23.600000, 99.014, -146.3012
24.000000, 99.039, -147.1733
24.299999, 99.057, -147.8233
24.700001, 99.079, -148.6717
25.000000, 99.093, -149.2901
25.400000, 99.111, -150.0975
25.799999, 99.129, -150.8793
26.200001, 99.146, -151.6482
26.500000, 99.158, -152.2209
26.900000, 99.173, -152.9750
27.200001, 99.183, -153.5345
27.600000, 99.194, -154.2645
28.000000, 99.203, -154.9698
28.500000, 99.213, -155.8261
29.000000, 99.223, -156.6596
29.500000, 99.233, -157.4860
30.000000, 99.239, -158.2968
30.400000, 99.240, -158.9331
30.700001, 99.240, -159.3987
31.100000, 99.239, -160.0061
31.500000, 99.238, -160.6047
32.000000, 99.236, -161.3396
32.500000, 99.232, -162.0652
33.000000, 99.227, -162.7715
33.500000, 99.220, -163.4587
34.000000, 99.213, -164.1251
34.500000, 99.209, -164.7792
35.000000, 99.204, -165.4219
35.500000, 99.197, -166.0564
36.000000, 99.190, -166.6772
36.500000, 99.181, -167.2847
37.000000, 99.171, -167.8761
37.500000, 99.160, -168.4554
38.200001, 99.144, -169.2459
38.700001, 99.131, -169.7990
39.500000, 99.108, -170.6638
40.000000, 99.093, -171.1902
40.599998, 99.074, -171.8109
41.200001, 99.054, -172.4161
41.799999, 99.032, -173.0049
42.500000, 99.008, -173.6722
43.099998, 98.988, -174.2306
43.700001, 98.968, -174.7799
44.400002, 98.943, -175.4038
45.000000, 98.920, -175.9224
45.500000, 98.901, -176.3459
46.200001, 98.874, -176.9243
46.799999, 98.850, -177.4059
47.500000, 98.823, -177.9546
48.200001, 98.795, -178.4944
48.700001, 98.775, -178.8725
49.400002, 98.745, -179.3859
50.000000, 98.719, -179.8132
50.799999, 98.685, 179.6255
51.500000, 98.653, 179.1470
52.200001, 98.621, 178.6883
53.000000, 98.584, 178.1807
53.799999, 98.547, 177.6823
54.500000, 98.512, 177.2597
55.200001, 98.477, 176.8514
56.000000, 98.437, 176.3945
57.000000, 98.385, 175.8389
58.000000, 98.333, 175.3114
59.000000, 98.282, 174.8010
60.000000, 98.231, 174.3057
60.799999, 98.190, 173.9237
61.500000, 98.155, 173.5957
62.200001, 98.120, 173.2754
63.000000, 98.079, 172.9243
64.000000, 98.029, 172.4991
65.000000, 97.978, 172.0783
66.000000, 97.926, 171.6723
67.000000, 97.874, 171.2885
68.000000, 97.822, 170.9195
69.000000, 97.769, 170.5694
70.000000, 97.717, 170.2336
71.000000, 97.664, 169.9098
72.000000, 97.612, 169.6006
73.000000, 97.560, 169.3041
74.000000, 97.508, 169.0188
75.000000, 97.456, 168.7436
76.199997, 97.395, 168.4243
77.500000, 97.329, 168.0926
78.800003, 97.263, 167.7762
80.000000, 97.202, 167.4988
81.199997, 97.142, 167.2337
82.500000, 97.077, 166.9640
83.800003, 97.013, 166.7133
85.000000, 96.956, 166.4931
86.199997, 96.899, 166.2803
87.500000, 96.839, 166.0646
88.500000, 96.794, 165.9072
90.000000, 96.727, 165.6854
91.199997, 96.674, 165.5214
92.500000, 96.617, 165.3547
93.800003, 96.561, 165.1973
95.000000, 96.508, 165.0622
96.199997, 96.456, 164.9364
97.500000, 96.399, 164.8071
98.800003, 96.342, 164.6880
100.000000, 96.291, 164.5860
101.500000, 96.228, 164.4723
103.000000, 96.166, 164.3691
104.400002, 96.109, 164.2804
106.000000, 96.044, 164.1925
107.500000, 95.984, 164.1211
109.000000, 95.925, 164.0554
110.599998, 95.862, 163.9913
112.000000, 95.808, 163.9443
113.800003, 95.740, 163.8947
115.000000, 95.695, 163.8661
117.199997, 95.614, 163.8282
118.000000, 95.585, 163.8192
120.599998, 95.496, 163.7936
122.000000, 95.450, 163.7861
124.099998, 95.384, 163.7951
125.000000, 95.356, 163.8006
126.500000, 95.309, 163.8131
128.000000, 95.264, 163.8329
131.500000, 95.162, 163.8940
132.000000, 95.148, 163.9043
134.000000, 95.093, 163.9518
136.000000, 95.041, 164.0076
138.000000, 94.991, 164.0685
140.000000, 94.942, 164.1386
143.000000, 94.872, 164.2526
145.000000, 94.827, 164.3328
147.500000, 94.772, 164.4372
150.000000, 94.717, 164.5511
152.500000, 94.663, 164.6727
155.000000, 94.608, 164.8012
157.500000, 94.555, 164.9380
160.000000, 94.502, 165.0850
162.500000, 94.451, 165.2355
165.000000, 94.402, 165.3889
167.500000, 94.353, 165.5491
170.000000, 94.304, 165.7229
172.500000, 94.255, 165.9052
175.000000, 94.206, 166.0960
177.500000, 94.158, 166.2924
180.000000, 94.112, 166.4988
182.500000, 94.068, 166.7145
185.000000, 94.027, 166.9368
187.500000, 93.989, 167.1591
190.000000, 93.953, 167.3731
192.500000, 93.919, 167.5851
195.000000, 93.886, 167.7974
197.500000, 93.855, 168.0103
200.000000, 93.825, 168.2275
203.000000, 93.788, 168.5072
206.000000, 93.753, 168.8216
209.000000, 93.723, 169.1693
212.000000, 93.704, 169.5386
214.000000, 93.699, 169.7852
218.000000, 93.705, 170.2147
220.000000, 93.714, 170.3571
224.000000, 93.728, 170.4799
227.000000, 93.726, 170.4895
230.000000, 93.710, 170.4914
233.000000, 93.685, 170.5196
236.000000, 93.656, 170.5826
240.000000, 93.616, 170.7208
243.000000, 93.586, 170.8532
247.000000, 93.548, 171.0529
250.000000, 93.522, 171.2188
254.000000, 93.489, 171.4541
258.000000, 93.457, 171.6920
262.000000, 93.428, 171.9322
265.000000, 93.408, 172.1169
269.000000, 93.383, 172.3646
272.000000, 93.366, 172.5493
276.000000, 93.345, 172.7960
280.000000, 93.325, 173.0418
285.000000, 93.303, 173.3517
290.000000, 93.282, 173.6646
295.000000, 93.262, 173.9658
300.000000, 93.244, 174.2696
304.000000, 93.231, 174.5202
307.000000, 93.222, 174.7084
311.000000, 93.212, 174.9566
315.000000, 93.203, 175.2042
320.000000, 93.193, 175.5097
325.000000, 93.185, 175.8118
330.000000, 93.178, 176.1013
335.000000, 93.172, 176.3753
340.000000, 93.165, 176.6391
345.000000, 93.156, 176.9026
350.000000, 93.146, 177.1658
355.000000, 93.136, 177.4255
360.000000, 93.126, 177.6822
365.000000, 93.117, 177.9406
370.000000, 93.107, 178.1979
375.000000, 93.098, 178.4588
382.000000, 93.085, 178.8230
387.000000, 93.076, 179.0781
395.000000, 93.061, 179.4805
400.000000, 93.053, 179.7317
406.000000, 93.044, -179.9657
412.000000, 93.036, -179.6624
418.000000, 93.028, -179.3625
425.000000, 93.020, -179.0216
431.000000, 93.013, -178.7312
437.000000, 93.007, -178.4416
444.000000, 92.999, -178.1058
450.000000, 92.993, -177.8209
455.000000, 92.989, -177.5849
462.000000, 92.982, -177.2587
468.000000, 92.977, -176.9790
475.000000, 92.972, -176.6512
482.000000, 92.969, -176.3201
487.000000, 92.967, -176.0854
494.000000, 92.966, -175.7613
500.000000, 92.966, -175.4843
508.000000, 92.966, -175.1141
515.000000, 92.966, -174.7911
522.000000, 92.967, -174.4687
530.000000, 92.969, -174.1045
538.000000, 92.972, -173.7422
545.000000, 92.975, -173.4194
552.000000, 92.979, -173.0929
560.000000, 92.984, -172.7268
570.000000, 92.991, -172.2758
580.000000, 92.999, -171.8179
590.000000, 93.008, -171.3573
600.000000, 93.018, -170.9010
608.000000, 93.025, -170.5345
615.000000, 93.030, -170.2138
622.000000, 93.034, -169.8944
630.000000, 93.040, -169.5298
640.000000, 93.048, -169.0716
650.000000, 93.057, -168.6189
660.000000, 93.067, -168.1626
670.000000, 93.079, -167.7065
680.000000, 93.092, -167.2539
690.000000, 93.107, -166.8009
700.000000, 93.124, -166.3475
710.000000, 93.141, -165.8953
720.000000, 93.160, -165.4432
730.000000, 93.180, -164.9890
740.000000, 93.201, -164.5381
750.000000, 93.224, -164.0899
762.000000, 93.252, -163.5516
775.000000, 93.283, -162.9710
788.000000, 93.316, -162.3937
800.000000, 93.348, -161.8649
812.000000, 93.383, -161.3464
825.000000, 93.424, -160.7970
838.000000, 93.466, -160.2531
850.000000, 93.507, -159.7610
862.000000, 93.549, -159.2839
875.000000, 93.596, -158.7821
885.000000, 93.634, -158.4046
900.000000, 93.692, -157.8526
912.000000, 93.739, -157.4296
925.000000, 93.792, -156.9871
938.000000, 93.846, -156.5627
950.000000, 93.897, -156.1870
962.000000, 93.947, -155.8252
975.000000, 94.001, -155.4508
988.000000, 94.054, -155.0976
1000.000000, 94.103, -154.7875
1015.000000, 94.164, -154.4169
1030.000000, 94.224, -154.0715
1044.000000, 94.280, -153.7699
1060.000000, 94.344, -153.4473
1075.000000, 94.402, -153.1628
1090.000000, 94.465, -152.8966
1106.000000, 94.540, -152.6310
1120.000000, 94.607, -152.4108
1138.000000, 94.692, -152.1437
1150.000000, 94.747, -151.9769
1172.000000, 94.845, -151.6880
1180.000000, 94.880, -151.5871
1206.000000, 94.991, -151.2795
1220.000000, 95.052, -151.1218
1241.000000, 95.143, -150.8888
1250.000000, 95.181, -150.7900
1265.000000, 95.244, -150.6260
1280.000000, 95.306, -150.4606
1315.000000, 95.444, -150.0680
1320.000000, 95.463, -150.0125
1340.000000, 95.533, -149.7908
1360.000000, 95.583, -149.5705
1380.000000, 95.630, -149.3484
1400.000000, 95.690, -149.1246
1430.000000, 95.788, -148.7914
1450.000000, 95.854, -148.5718
1475.000000, 95.934, -148.2951
1500.000000, 96.013, -148.0137
1525.000000, 96.090, -147.7354
1550.000000, 96.163, -147.4594
1575.000000, 96.232, -147.1824
1600.000000, 96.302, -146.9111
1625.000000, 96.371, -146.6414
1650.000000, 96.440, -146.3685
1675.000000, 96.509, -146.1022
1700.000000, 96.577, -145.8404
1725.000000, 96.644, -145.5784
1750.000000, 96.711, -145.3193
1775.000000, 96.777, -145.0628
1800.000000, 96.844, -144.8104
1825.000000, 96.910, -144.5615
1850.000000, 96.977, -144.3137
1875.000000, 97.045, -144.0696
1900.000000, 97.112, -143.8299
1925.000000, 97.180, -143.5935
1950.000000, 97.248, -143.3628
1975.000000, 97.316, -143.1371
2000.000000, 97.385, -142.9186
2030.000000, 97.468, -142.6624
2060.000000, 97.552, -142.4125
2090.000000, 97.637, -142.1736
2120.000000, 97.724, -141.9444
2140.000000, 97.782, -141.7965
2180.000000, 97.901, -141.5168
2200.000000, 97.959, -141.3855
2240.000000, 98.075, -141.1402
2270.000000, 98.163, -140.9727
2300.000000, 98.253, -140.8219
2330.000000, 98.344, -140.6852
2360.000000, 98.435, -140.5639
2400.000000, 98.557, -140.4302
2430.000000, 98.651, -140.3536
2470.000000, 98.776, -140.2770
2500.000000, 98.870, -140.2420
2540.000000, 98.996, -140.2292
2580.000000, 99.124, -140.2561
2620.000000, 99.252, -140.3274
2650.000000, 99.349, -140.4092
2690.000000, 99.478, -140.5599
2720.000000, 99.573, -140.7050
2760.000000, 99.697, -140.9464
2800.000000, 99.819, -141.2415
2850.000000, 99.969, -141.6851
2900.000000, 100.115, -142.2125
2950.000000, 100.254, -142.8320
3000.000000, 100.388, -143.5435
3040.000000, 100.489, -144.1810
3070.000000, 100.560, -144.7007
3110.000000, 100.649, -145.4490
3150.000000, 100.728, -146.2552
3200.000000, 100.811, -147.3412
3250.000000, 100.875, -148.5025
3300.000000, 100.918, -149.7176
3350.000000, 100.936, -150.9625
3400.000000, 100.932, -152.2031
3450.000000, 100.910, -153.4056
3500.000000, 100.877, -154.5463
3550.000000, 100.834, -155.6281
3600.000000, 100.782, -156.6740
3650.000000, 100.722, -157.7115
3700.000000, 100.650, -158.7647
3750.000000, 100.565, -159.8366
3820.000000, 100.414, -161.3340
3870.000000, 100.279, -162.3651
3950.000000, 100.015, -163.8801
4000.000000, 99.828, -164.7147
4060.000000, 99.584, -165.5761
4120.000000, 99.321, -166.2707
4180.000000, 99.044, -166.7896
4250.000000, 98.703, -167.1493
4310.000000, 98.399, -167.2254
4370.000000, 98.083, -167.0801
4440.000000, 97.712, -166.6188
4500.000000, 97.402, -165.9806
4550.000000, 97.154, -165.2983
4620.000000, 96.827, -164.1520
4680.000000, 96.563, -163.0089
4750.000000, 96.277, -161.4816
4820.000000, 96.019, -159.7474
4870.000000, 95.855, -158.3943
4940.000000, 95.658, -156.3657
5000.000000, 95.522, -154.5190
5080.000000, 95.392, -151.9315
5150.000000, 95.335, -149.5860
5220.000000, 95.337, -147.2174
5300.000000, 95.417, -144.5648
5380.000000, 95.595, -142.0974
5450.000000, 95.836, -140.2438
5520.000000, 96.156, -138.8650
5600.000000, 96.601, -138.1586
5700.000000, 97.202, -139.0901
5800.000000, 97.686, -142.3274
5900.000000, 97.842, -147.2889
6000.000000, 97.560, -152.4569
6080.000000, 97.061, -155.6553
6150.000000, 96.507, -157.3612
6220.000000, 95.913, -158.0199
6300.000000, 95.251, -157.6981
6400.000000, 94.495, -156.1938
6500.000000, 93.811, -153.9247
6600.000000, 93.131, -150.8596
6700.000000, 92.504, -145.6677
6800.000000, 92.277, -138.6944
6900.000000, 92.492, -132.7411
7000.000000, 92.890, -128.4070
7100.000000, 93.354, -125.0576
7200.000000, 93.877, -122.4024
7300.000000, 94.470, -120.4745
7400.000000, 95.125, -119.4358
7500.000000, 95.829, -119.4281
7620.000000, 96.718, -121.0844
7750.000000, 97.613, -125.3290
7880.000000, 98.173, -131.9478
8000.000000, 98.294, -139.4079
8120.000000, 97.999, -147.2274
8250.000000, 97.204, -154.8145
8380.000000, 96.040, -160.1433
8500.000000, 94.830, -162.6435
8620.000000, 93.636, -163.2218
8750.000000, 92.414, -162.2919
8850.000000, 91.538, -160.7033
9000.000000, 90.362, -157.2560
9120.000000, 89.549, -153.9156
9250.000000, 88.783, -150.0122
9380.000000, 88.110, -145.9384
9500.000000, 87.559, -142.0177
9620.000000, 87.077, -137.9781
9750.000000, 86.636, -133.5216
9880.000000, 86.282, -129.0408
10000.000000, 86.026, -124.9945
10150.000000, 85.780, -120.1421
10300.000000, 85.604, -115.5492
10440.000000, 85.495, -111.5484
10600.000000, 85.421, -107.3937
10750.000000, 85.379, -103.9661
10900.000000, 85.339, -101.0015
11060.000000, 85.267, -98.2619
11200.000000, 85.152, -96.0047
11380.000000, 84.946, -92.7528
11500.000000, 84.829, -90.1801
11720.000000, 84.782, -85.6813
11800.000000, 84.783, -84.4864
12060.000000, 84.596, -81.4260
12200.000000, 84.379, -79.4499
12410.000000, 84.004, -75.5980
12500.000000, 83.850, -73.6601
12650.000000, 83.620, -70.1241
12800.000000, 83.433, -66.2727
13150.000000, 83.221, -56.3010
13200.000000, 83.222, -54.7933
13400.000000, 83.319, -48.6404
13600.000000, 83.587, -42.4484
13800.000000, 84.052, -36.4755
14000.000000, 84.722, -31.1064
14300.000000, 86.026, -25.1409
14500.000000, 86.980, -22.8051
14750.000000, 88.237, -20.7617
15000.000000, 89.960, -19.4405
15250.000000, 92.216, -23.6627
15500.000000, 93.906, -36.5069
15750.000000, 94.179, -51.5321
16000.000000, 93.765, -62.2824
16250.000000, 93.333, -69.8994
16500.000000, 93.133, -75.8490
16750.000000, 93.132, -83.0647
17000.000000, 92.984, -92.0761
17250.000000, 92.506, -102.2555
17500.000000, 91.548, -112.4698
17750.000000, 90.086, -120.7428
18000.000000, 88.328, -125.4552
18250.000000, 86.594, -126.4076
18500.000000, 85.142, -124.4522
18750.000000, 84.093, -121.0158
19000.000000, 83.425, -117.4100
19250.000000, 83.051, -114.3191
19500.000000, 82.851, -112.6927
19750.000000, 82.660, -112.7282
20000.000000, 82.265, -113.9909
20300.000000, 81.553, -115.7176
20600.000000, 80.754, -116.9957
20900.000000, 79.725, -117.6323
21200.000000, 77.956, -119.0252
21400.000000, 75.962, -118.3894
21800.000000, 69.969, -100.4731
22000.000000, 66.261, -159.2751
22400.000000, 58.852, -102.8461
22700.000000, 53.958, -109.8089
23000.000000, 48.943, -89.9058
23300.000000, 44.174, -24.4113
23600.000000, 42.716, 32.5321
24000.000000, 45.328, 75.5387
