* Measurement data measured by REW V5.31.3
* Source: E2x2, MICROPHONE (Analogue 1), 1, volume: 1.000. Timing signal peak level -27.6 dBFS, measurement signal peak level -26.6 dBFS
* Format: 512k Log Swept Sine, 1 sweep at -32.3 dBFS using an acoustic timing reference
* Dated: Apr 19, 2025 4:54:58 PM
* REW Settings:
*  C-weighting compensation: Off
*  Target level: 75.0 dB
* Note: ; Fosi DS1 + E2x2 MacBook Delay -0.0289 ms (-9.9 mm, -0.39 in) using estimated IR delay relative to Acoustic reference played from SPEAKER R with no timing offset Clock adjustment: -29.0 ppm
* Measurement: R
* Smoothing: 1/24 octave
* Frequency Step: 1/48 octave
* Start Frequency: 1.000 Hz
*
* Freq(Hz), SPL(dB), Phase(degrees)
1.000000, 68.895, -109.3048
1.015000, 68.682, -110.4610
1.030000, 68.482, -111.6022
1.044000, 68.309, -112.6571
1.060000, 68.128, -113.8555
1.075000, 67.978, -114.9781
1.090000, 67.847, -116.1087
1.106000, 67.729, -117.3456
1.120000, 67.640, -118.4822
1.138000, 67.542, -120.0301
1.150000, 67.487, -121.1119
1.172000, 67.405, -123.2722
1.180000, 67.381, -124.1737
1.206000, 67.324, -127.1563
1.220000, 67.306, -128.7867
1.241000, 67.293, -131.2408
1.250000, 67.293, -132.2900
1.265000, 67.299, -134.0276
1.280000, 67.312, -135.7438
1.315000, 67.370, -139.6222
1.320000, 67.381, -140.1584
1.340000, 67.430, -142.2509
1.360000, 67.488, -144.2493
1.380000, 67.553, -146.2802
1.400000, 67.623, -148.2614
1.430000, 67.736, -151.0488
1.450000, 67.816, -152.7906
1.475000, 67.922, -154.8637
1.500000, 68.045, -156.8689
1.525000, 68.190, -158.8143
1.550000, 68.354, -160.6848
1.575000, 68.535, -162.5387
1.600000, 68.730, -164.4237
1.625000, 68.936, -166.2034
1.650000, 69.151, -167.8752
1.675000, 69.372, -169.4388
1.700000, 69.596, -170.8963
1.725000, 69.821, -172.2513
1.750000, 70.044, -173.5084
1.775000, 70.262, -174.7267
1.800000, 70.473, -175.9641
1.825000, 70.675, -177.1245
1.850000, 70.871, -178.2316
1.875000, 71.067, -179.3041
1.900000, 71.263, 179.6575
1.925000, 71.460, 178.6589
1.950000, 71.658, 177.7073
1.975000, 71.855, 176.7560
2.000000, 72.052, 175.7598
2.030000, 72.287, 174.6434
2.060000, 72.519, 173.6097
2.090000, 72.747, 172.6595
2.120000, 72.972, 171.7925
2.140000, 73.119, 171.2600
2.180000, 73.405, 170.2469
2.200000, 73.544, 169.7367
2.240000, 73.815, 168.7716
2.270000, 74.013, 168.0820
2.300000, 74.207, 167.4236
2.330000, 74.397, 166.8006
2.360000, 74.583, 166.2160
2.400000, 74.826, 165.3848
2.430000, 75.005, 164.7992
2.470000, 75.239, 164.0962
2.500000, 75.412, 163.6300
2.540000, 75.640, 163.0920
2.580000, 75.864, 162.6008
2.620000, 76.082, 162.0882
2.650000, 76.242, 161.7365
2.690000, 76.450, 161.3078
2.720000, 76.603, 161.0170
2.760000, 76.805, 160.6754
2.800000, 77.004, 160.2955
2.850000, 77.250, 159.8819
2.900000, 77.497, 159.5567
2.950000, 77.742, 159.3226
3.000000, 77.986, 159.1009
3.040000, 78.178, 158.9473
3.070000, 78.321, 158.8564
3.110000, 78.510, 158.7628
3.150000, 78.700, 158.6959
3.200000, 78.938, 158.5854
3.250000, 79.178, 158.4762
3.300000, 79.421, 158.3964
3.350000, 79.667, 158.3643
3.400000, 79.915, 158.3235
3.450000, 80.165, 158.2916
3.500000, 80.416, 158.2747
3.550000, 80.668, 158.2579
3.600000, 80.921, 158.1804
3.650000, 81.175, 158.0620
3.700000, 81.430, 157.9351
3.750000, 81.687, 157.8187
3.820000, 82.050, 157.6042
3.870000, 82.309, 157.4282
3.950000, 82.721, 157.0984
4.000000, 82.974, 156.8143
4.060000, 83.274, 156.4110
4.120000, 83.571, 155.9808
4.180000, 83.866, 155.5221
4.250000, 84.204, 154.9120
4.310000, 84.487, 154.3654
4.370000, 84.761, 153.7844
4.440000, 85.070, 153.0187
4.500000, 85.327, 152.3271
4.550000, 85.535, 151.7367
4.620000, 85.817, 150.8648
4.680000, 86.049, 150.1111
4.750000, 86.308, 149.2397
4.820000, 86.553, 148.3269
4.870000, 86.721, 147.6558
4.940000, 86.944, 146.7144
5.000000, 87.127, 145.9042
5.080000, 87.357, 144.8562
5.150000, 87.546, 143.9902
5.220000, 87.723, 143.1221
5.300000, 87.911, 142.1450
5.380000, 88.087, 141.2184
5.450000, 88.234, 140.4525
5.520000, 88.375, 139.7621
5.600000, 88.526, 139.0306
5.700000, 88.704, 138.1848
5.800000, 88.879, 137.4468
5.900000, 89.056, 136.8258
6.000000, 89.232, 136.3314
6.080000, 89.376, 135.9912
6.150000, 89.506, 135.7319
6.220000, 89.643, 135.4844
6.300000, 89.809, 135.2418
6.400000, 90.028, 134.9919
6.500000, 90.258, 134.7336
6.600000, 90.502, 134.4249
6.700000, 90.760, 134.0668
6.800000, 91.031, 133.6701
6.900000, 91.307, 133.1776
7.000000, 91.586, 132.5703
7.100000, 91.869, 131.8593
7.200000, 92.152, 131.0623
7.300000, 92.428, 130.1609
7.400000, 92.695, 129.1559
7.500000, 92.955, 128.0549
7.620000, 93.251, 126.6513
7.750000, 93.549, 125.0445
7.880000, 93.823, 123.3389
8.000000, 94.055, 121.7375
8.120000, 94.265, 120.1347
8.250000, 94.470, 118.3872
8.380000, 94.653, 116.6735
8.500000, 94.805, 115.1459
8.620000, 94.942, 113.6634
8.750000, 95.076, 112.1251
8.850000, 95.172, 111.0012
9.000000, 95.305, 109.4072
9.120000, 95.405, 108.2038
9.250000, 95.511, 106.9764
9.380000, 95.614, 105.8229
9.500000, 95.708, 104.8073
9.620000, 95.803, 103.8399
9.750000, 95.905, 102.8390
9.880000, 95.999, 101.8759
10.000000, 96.077, 101.0210
10.150000, 96.164, 99.9673
10.300000, 96.244, 98.9606
10.440000, 96.315, 98.0612
10.600000, 96.396, 97.0791
10.750000, 96.476, 96.2015
10.900000, 96.560, 95.3598
11.060000, 96.653, 94.4756
11.200000, 96.739, 93.6979
11.380000, 96.854, 92.7046
11.500000, 96.933, 92.0395
11.720000, 97.082, 90.7949
11.800000, 97.137, 90.3282
12.060000, 97.318, 88.7469
12.200000, 97.411, 87.8389
12.410000, 97.540, 86.4492
12.500000, 97.590, 85.8515
12.650000, 97.666, 84.8579
12.800000, 97.731, 83.8843
13.150000, 97.852, 81.7307
13.200000, 97.866, 81.4395
13.400000, 97.922, 80.3333
13.600000, 97.977, 79.3131
13.800000, 98.035, 78.3658
14.000000, 98.097, 77.4576
14.300000, 98.196, 76.0813
14.500000, 98.261, 75.1412
14.750000, 98.336, 73.9314
15.000000, 98.398, 72.6957
15.250000, 98.444, 71.4518
15.500000, 98.473, 70.2761
15.750000, 98.488, 69.2104
16.000000, 98.497, 68.2769
16.250000, 98.510, 67.4430
16.500000, 98.533, 66.6951
16.750000, 98.569, 65.9837
17.000000, 98.619, 65.2585
17.250000, 98.676, 64.4756
17.500000, 98.734, 63.6385
17.750000, 98.787, 62.7631
18.000000, 98.833, 61.8745
18.250000, 98.872, 60.9927
18.500000, 98.908, 60.1563
18.750000, 98.946, 59.3782
19.000000, 98.991, 58.6518
19.250000, 99.050, 57.9351
19.500000, 99.123, 57.1968
19.750000, 99.207, 56.3896
20.000000, 99.294, 55.4737
20.299999, 99.388, 54.2054
20.600000, 99.450, 52.8243
20.900000, 99.465, 51.4714
21.200001, 99.430, 50.3419
21.400000, 99.389, 49.8189
21.799999, 99.318, 49.4819
22.000000, 99.319, 49.6356
22.400000, 99.454, 50.1740
22.700001, 99.673, 50.2991
23.000000, 99.946, 49.8114
23.299999, 100.206, 48.6116
23.600000, 100.392, 46.8562
24.000000, 100.468, 44.2104
24.299999, 100.398, 42.4618
24.700001, 100.201, 40.9993
25.000000, 100.048, 40.6683
25.400000, 99.933, 40.9315
25.799999, 99.945, 41.3303
26.200001, 100.023, 41.3179
26.500000, 100.076, 41.0132
26.900000, 100.108, 40.4537
27.200001, 100.115, 40.0716
27.600000, 100.131, 39.6560
28.000000, 100.176, 39.1826
28.500000, 100.245, 38.2199
29.000000, 100.261, 36.9293
29.500000, 100.210, 35.7545
30.000000, 100.150, 35.0013
30.400000, 100.139, 34.6049
30.700001, 100.159, 34.3025
31.100000, 100.206, 33.7799
31.500000, 100.255, 33.1105
32.000000, 100.297, 32.2245
32.500000, 100.324, 31.4697
33.000000, 100.364, 30.8855
33.500000, 100.427, 30.3166
34.000000, 100.495, 29.6102
34.500000, 100.532, 28.7818
35.000000, 100.522, 28.0216
35.500000, 100.483, 27.4974
36.000000, 100.445, 27.2167
36.500000, 100.427, 27.0444
37.000000, 100.434, 26.8320
37.500000, 100.461, 26.4286
38.200001, 100.498, 25.3234
38.700001, 100.475, 24.2848
39.500000, 100.387, 23.0669
40.000000, 100.418, 22.4934
40.599998, 100.552, 20.9474
41.200001, 100.561, 18.2298
41.799999, 100.274, 15.9324
42.500000, 99.838, 16.3038
43.099998, 99.828, 18.3860
43.700001, 100.124, 19.3369
44.400002, 100.394, 18.5297
45.000000, 100.459, 17.8062
45.500000, 100.495, 17.6313
46.200001, 100.581, 17.4668
46.799999, 100.626, 17.1537
47.500000, 100.639, 16.9210
48.200001, 100.673, 16.6922
48.700001, 100.693, 16.2996
49.400002, 100.666, 15.5985
50.000000, 100.612, 15.1755
50.799999, 100.581, 14.7954
51.500000, 100.587, 14.2814
52.200001, 100.580, 13.6338
53.000000, 100.566, 13.0161
53.799999, 100.571, 12.5181
54.500000, 100.587, 12.0570
55.200001, 100.595, 11.5726
56.000000, 100.587, 11.0723
57.000000, 100.565, 10.6296
58.000000, 100.559, 10.3199
59.000000, 100.576, 9.7997
60.000000, 100.558, 9.0546
60.799999, 100.525, 8.6099
61.500000, 100.520, 8.2574
62.200001, 100.518, 7.7274
63.000000, 100.469, 7.1090
64.000000, 100.402, 6.9151
65.000000, 100.424, 6.8357
66.000000, 100.461, 6.3286
67.000000, 100.456, 5.6328
68.000000, 100.400, 5.2007
69.000000, 100.400, 5.1890
70.000000, 100.469, 4.6250
71.000000, 100.456, 3.6566
72.000000, 100.410, 3.1229
73.000000, 100.398, 2.6784
74.000000, 100.370, 2.2962
75.000000, 100.352, 2.2261
76.199997, 100.378, 2.2468
77.500000, 100.419, 1.8245
78.800003, 100.376, 1.1377
80.000000, 100.318, 0.6146
81.199997, 100.271, 0.0212
82.500000, 100.265, -0.4291
83.800003, 100.319, -1.1022
85.000000, 100.290, -1.6543
86.199997, 100.225, -1.3793
87.500000, 100.206, -0.8651
88.500000, 100.186, -0.9420
90.000000, 100.087, -1.5333
91.199997, 100.030, -2.0337
92.500000, 100.074, -2.6217
93.800003, 100.179, -3.4388
95.000000, 100.243, -4.0805
96.199997, 100.214, -4.2956
97.500000, 100.165, -3.8075
98.800003, 100.131, -4.2179
100.000000, 99.956, -5.1215
101.500000, 99.792, -5.4985
103.000000, 99.793, -5.9224
104.400002, 99.952, -6.2198
106.000000, 100.090, -8.4982
107.500000, 99.784, -11.2373
109.000000, 99.320, -12.2869
110.599998, 99.009, -12.9225
112.000000, 98.904, -12.4156
113.800003, 99.213, -10.5969
115.000000, 99.458, -10.5307
117.199997, 99.414, -10.2935
118.000000, 99.347, -9.7738
120.599998, 99.291, -8.9700
122.000000, 99.371, -9.2191
124.099998, 99.539, -10.3351
125.000000, 99.532, -10.8151
126.500000, 99.444, -11.1238
128.000000, 99.303, -11.1304
131.500000, 99.096, -10.8564
132.000000, 99.093, -10.8434
134.000000, 99.130, -10.9690
136.000000, 99.127, -11.3986
138.000000, 99.054, -11.5883
140.000000, 98.976, -11.8014
143.000000, 98.815, -13.2040
145.000000, 98.720, -13.7008
147.500000, 98.806, -13.8384
150.000000, 98.830, -13.9156
152.500000, 98.710, -13.3278
155.000000, 98.650, -13.3928
157.500000, 98.636, -14.2263
160.000000, 98.634, -13.1936
162.500000, 98.749, -11.2603
165.000000, 98.813, -11.1660
167.500000, 98.717, -12.9759
170.000000, 98.559, -14.4438
172.500000, 98.493, -14.7620
175.000000, 98.488, -14.5980
177.500000, 98.447, -15.2552
180.000000, 98.319, -16.2407
182.500000, 98.256, -16.6476
185.000000, 98.252, -16.6024
187.500000, 98.211, -15.7177
190.000000, 98.182, -14.8973
192.500000, 98.147, -14.8064
195.000000, 98.117, -14.7777
197.500000, 98.102, -14.8179
200.000000, 98.017, -15.2924
203.000000, 97.895, -15.5000
206.000000, 97.845, -15.9451
209.000000, 97.820, -16.7699
212.000000, 97.765, -17.2756
214.000000, 97.733, -17.1113
218.000000, 97.687, -17.2686
220.000000, 97.648, -17.4556
224.000000, 97.488, -16.3004
227.000000, 97.278, -15.6141
230.000000, 97.160, -16.7777
233.000000, 97.215, -17.7820
236.000000, 97.249, -17.3389
240.000000, 97.103, -16.5023
243.000000, 97.011, -16.6397
247.000000, 96.990, -16.8565
250.000000, 96.984, -16.7679
254.000000, 96.919, -16.6278
258.000000, 96.853, -16.3692
262.000000, 96.774, -15.8057
265.000000, 96.714, -15.9245
269.000000, 96.691, -17.0302
272.000000, 96.655, -17.2551
276.000000, 96.601, -16.7729
280.000000, 96.600, -15.9588
285.000000, 96.351, -14.9084
290.000000, 96.236, -15.8710
295.000000, 96.328, -16.2798
300.000000, 96.223, -16.1558
304.000000, 96.149, -15.9686
307.000000, 96.091, -15.8490
311.000000, 96.026, -15.7775
315.000000, 95.977, -15.7052
320.000000, 95.909, -15.4869
325.000000, 95.859, -15.0981
330.000000, 95.820, -14.8967
335.000000, 95.716, -14.8946
340.000000, 95.564, -14.4229
345.000000, 95.490, -14.1037
350.000000, 95.485, -14.0463
355.000000, 95.446, -14.0085
360.000000, 95.402, -13.9176
365.000000, 95.367, -13.6403
370.000000, 95.323, -13.3414
375.000000, 95.274, -13.0140
382.000000, 95.170, -12.4459
387.000000, 95.100, -12.1387
395.000000, 95.014, -11.9575
400.000000, 94.934, -11.8235
406.000000, 94.853, -11.4916
412.000000, 94.762, -10.9040
418.000000, 94.721, -10.4734
425.000000, 94.610, -10.0858
431.000000, 94.535, -9.6740
437.000000, 94.481, -9.2739
444.000000, 94.403, -9.3820
450.000000, 94.253, -9.7069
455.000000, 94.241, -9.3105
462.000000, 94.397, -7.8301
468.000000, 94.352, -7.4066
475.000000, 94.244, -6.9554
482.000000, 94.159, -6.4155
487.000000, 94.122, -6.1769
494.000000, 94.074, -5.7144
500.000000, 94.060, -5.1411
508.000000, 94.032, -4.7323
515.000000, 93.960, -4.1053
522.000000, 93.912, -3.4948
530.000000, 93.871, -2.8258
538.000000, 93.824, -2.2957
545.000000, 93.744, -2.0375
552.000000, 93.664, -1.7302
560.000000, 93.620, -0.9808
570.000000, 93.623, 0.1678
580.000000, 93.596, 0.7599
590.000000, 93.560, 1.5547
600.000000, 93.500, 2.3444
608.000000, 93.469, 2.9325
615.000000, 93.431, 3.5355
622.000000, 93.389, 4.0120
630.000000, 93.358, 4.5013
640.000000, 93.315, 5.2900
650.000000, 93.293, 7.1514
660.000000, 93.509, 8.9633
670.000000, 93.538, 9.1982
680.000000, 93.198, 9.6713
690.000000, 93.012, 10.0834
700.000000, 93.033, 10.7955
710.000000, 93.024, 11.3116
720.000000, 93.030, 12.1105
730.000000, 93.057, 12.9305
740.000000, 93.045, 14.0012
750.000000, 93.012, 15.2311
762.000000, 93.016, 16.5033
775.000000, 93.037, 17.6740
788.000000, 93.095, 19.0359
800.000000, 93.155, 20.4291
812.000000, 93.252, 21.6168
825.000000, 93.381, 22.4224
838.000000, 93.430, 23.4697
850.000000, 93.474, 24.1400
862.000000, 93.509, 25.0132
875.000000, 93.542, 26.0354
885.000000, 93.577, 26.7017
900.000000, 93.632, 27.3546
912.000000, 93.677, 27.9720
925.000000, 93.723, 28.8586
938.000000, 93.779, 29.8022
950.000000, 93.832, 30.5630
962.000000, 93.877, 31.3114
975.000000, 93.939, 32.0077
988.000000, 94.007, 32.7245
1000.000000, 94.077, 33.3943
1015.000000, 94.148, 34.2720
1030.000000, 94.205, 35.1583
1044.000000, 94.278, 35.8165
1060.000000, 94.380, 36.4969
1075.000000, 94.473, 37.2567
1090.000000, 94.570, 37.8731
1106.000000, 94.671, 38.5357
1120.000000, 94.757, 39.2039
1138.000000, 94.878, 39.9048
1150.000000, 94.976, 40.3418
1172.000000, 95.164, 41.0670
1180.000000, 95.223, 41.2933
1206.000000, 95.365, 42.2276
1220.000000, 95.433, 42.7234
1241.000000, 95.569, 43.3133
1250.000000, 95.635, 43.5584
1265.000000, 95.746, 43.9464
1280.000000, 95.854, 44.3691
1315.000000, 96.083, 45.3033
1320.000000, 96.113, 45.4279
1340.000000, 96.219, 45.9379
1360.000000, 96.299, 46.3324
1380.000000, 96.375, 46.7869
1400.000000, 96.468, 47.3451
1430.000000, 96.638, 48.0086
1450.000000, 96.761, 48.4780
1475.000000, 96.914, 48.9922
1500.000000, 97.037, 49.5704
1525.000000, 97.130, 50.2213
1550.000000, 97.217, 50.8076
1575.000000, 97.305, 51.4456
1600.000000, 97.425, 51.9808
1625.000000, 97.563, 52.5500
1650.000000, 97.701, 53.1370
1675.000000, 97.837, 53.6857
1700.000000, 97.960, 54.2742
1725.000000, 98.072, 54.8480
1750.000000, 98.177, 55.4561
1775.000000, 98.286, 56.0362
1800.000000, 98.406, 56.5549
1825.000000, 98.535, 57.1086
1850.000000, 98.673, 57.6038
1875.000000, 98.808, 58.0943
1900.000000, 98.938, 58.6411
1925.000000, 99.078, 59.0972
1950.000000, 99.217, 59.5308
1975.000000, 99.341, 60.0279
2000.000000, 99.465, 60.4431
2030.000000, 99.611, 60.9251
2060.000000, 99.756, 61.4331
2090.000000, 99.925, 61.7961
2120.000000, 100.099, 62.1608
2140.000000, 100.218, 62.3991
2180.000000, 100.471, 62.7271
2200.000000, 100.594, 62.8972
2240.000000, 100.835, 63.1798
2270.000000, 101.022, 63.3097
2300.000000, 101.205, 63.4227
2330.000000, 101.385, 63.4849
2360.000000, 101.561, 63.5062
2400.000000, 101.785, 63.4741
2430.000000, 101.950, 63.3970
2470.000000, 102.171, 63.2241
2500.000000, 102.332, 63.0271
2540.000000, 102.518, 62.7220
2580.000000, 102.678, 62.3998
2620.000000, 102.839, 61.9494
2650.000000, 102.960, 61.5972
2690.000000, 103.131, 61.0576
2720.000000, 103.256, 60.5960
2760.000000, 103.400, 60.0284
2800.000000, 103.541, 59.3914
2850.000000, 103.708, 58.5480
2900.000000, 103.838, 57.7258
2950.000000, 103.930, 56.8926
3000.000000, 103.988, 56.1439
3040.000000, 104.042, 55.4893
3070.000000, 104.076, 55.0415
3110.000000, 104.100, 54.5286
3150.000000, 104.122, 54.0219
3200.000000, 104.141, 53.4722
3250.000000, 104.145, 53.0732
3300.000000, 104.155, 52.7767
3350.000000, 104.169, 52.6365
3400.000000, 104.194, 52.5566
3450.000000, 104.227, 52.5134
3500.000000, 104.263, 52.4799
3550.000000, 104.301, 52.4153
3600.000000, 104.327, 52.3631
3650.000000, 104.351, 52.3263
3700.000000, 104.381, 52.2875
3750.000000, 104.408, 52.3368
3820.000000, 104.470, 52.4921
3870.000000, 104.515, 52.7078
3950.000000, 104.569, 53.2843
4000.000000, 104.617, 53.7108
4060.000000, 104.689, 54.2704
4120.000000, 104.791, 54.7402
4180.000000, 104.917, 55.0748
4250.000000, 105.064, 55.4113
4310.000000, 105.208, 55.6052
4370.000000, 105.360, 55.7452
4440.000000, 105.556, 55.8040
4500.000000, 105.748, 55.6894
4550.000000, 105.917, 55.4712
4620.000000, 106.154, 54.9605
4680.000000, 106.348, 54.3526
4750.000000, 106.568, 53.4257
4820.000000, 106.780, 52.2876
4870.000000, 106.922, 51.3592
4940.000000, 107.114, 49.8297
5000.000000, 107.252, 48.2581
5080.000000, 107.362, 45.8025
5150.000000, 107.415, 43.3448
5220.000000, 107.424, 40.7495
5300.000000, 107.364, 37.7777
5380.000000, 107.236, 34.8881
5450.000000, 107.037, 32.6018
5520.000000, 106.774, 30.5689
5600.000000, 106.445, 28.5663
5700.000000, 105.976, 26.7025
5800.000000, 105.470, 25.5082
5900.000000, 104.951, 24.9607
6000.000000, 104.433, 25.0106
6080.000000, 104.060, 25.3823
6150.000000, 103.763, 25.9319
6220.000000, 103.494, 26.6591
6300.000000, 103.218, 27.6495
6400.000000, 102.894, 29.1423
6500.000000, 102.611, 30.8298
6600.000000, 102.371, 32.7227
6700.000000, 102.202, 34.7935
6800.000000, 102.116, 37.0141
6900.000000, 102.117, 39.3364
7000.000000, 102.228, 41.6129
7100.000000, 102.427, 43.7374
7200.000000, 102.706, 45.5910
7300.000000, 103.092, 46.9882
7400.000000, 103.574, 47.7864
7500.000000, 104.139, 47.7856
7620.000000, 104.932, 46.3095
7750.000000, 105.813, 42.3959
7880.000000, 106.485, 35.6198
8000.000000, 106.725, 27.1611
8120.000000, 106.471, 17.6968
8250.000000, 105.628, 8.1207
8380.000000, 104.328, 0.8173
8500.000000, 102.917, -3.4010
8620.000000, 101.464, -5.3554
8750.000000, 99.932, -5.4094
8850.000000, 98.822, -4.3750
9000.000000, 97.288, -1.5325
9120.000000, 96.185, 1.5368
9250.000000, 95.103, 5.4360
9380.000000, 94.117, 9.8121
9500.000000, 93.295, 14.1499
9620.000000, 92.535, 18.7502
9750.000000, 91.787, 23.9920
9880.000000, 91.144, 29.4246
10000.000000, 90.633, 34.5429
10150.000000, 90.085, 40.9029
10300.000000, 89.614, 47.1691
10440.000000, 89.225, 53.0790
10600.000000, 88.874, 59.9536
10750.000000, 88.624, 66.4359
10900.000000, 88.407, 72.9552
11060.000000, 88.241, 79.8786
11200.000000, 88.160, 85.8881
11380.000000, 88.147, 93.5546
11500.000000, 88.209, 98.5856
11720.000000, 88.446, 107.6441
11800.000000, 88.570, 110.8741
12060.000000, 89.121, 121.0549
12200.000000, 89.505, 126.2971
12410.000000, 90.215, 133.7233
12500.000000, 90.576, 136.6882
12650.000000, 91.252, 141.2715
12800.000000, 92.031, 145.2601
13150.000000, 94.232, 151.0732
13200.000000, 94.589, 151.3366
13400.000000, 96.074, 150.4626
13600.000000, 97.470, 146.0712
13800.000000, 98.510, 138.3109
14000.000000, 98.943, 128.6177
14300.000000, 98.384, 115.1905
14500.000000, 97.518, 109.1070
14750.000000, 96.275, 105.0319
15000.000000, 95.109, 103.8581
15250.000000, 94.113, 104.5657
15500.000000, 93.336, 106.4487
15750.000000, 92.819, 108.8915
16000.000000, 92.503, 111.2116
16250.000000, 92.363, 112.4865
16500.000000, 92.254, 111.9842
16750.000000, 91.953, 109.9076
17000.000000, 91.327, 107.6122
17250.000000, 90.429, 106.5334
17500.000000, 89.453, 106.9885
17750.000000, 88.503, 108.4991
18000.000000, 87.563, 111.2562
18250.000000, 86.749, 115.6382
18500.000000, 86.209, 120.4845
18750.000000, 85.884, 124.2667
19000.000000, 85.608, 126.4531
19250.000000, 85.240, 127.1996
19500.000000, 84.650, 126.6811
19750.000000, 83.752, 125.8671
20000.000000, 82.482, 125.5937
20300.000000, 80.614, 127.2974
20600.000000, 78.738, 131.9285
20900.000000, 76.973, 138.8292
21200.000000, 74.863, 144.6660
21400.000000, 72.754, 149.2733
21800.000000, 66.581, 171.8876
22000.000000, 62.901, 112.7793
22400.000000, 55.389, 175.0844
22700.000000, 50.395, 175.6700
23000.000000, 48.432, 175.7812
23300.000000, 54.133, 165.8790
23600.000000, 61.305, -136.7889
24000.000000, 66.736, -41.1888
