* Measurement data measured by REW V5.31.3
* Source: Analog 1/2 (2- E2x2), LINE_IN (Master Volume), L, volume: 1.000. Timing signal peak level -30.6 dBFS, measurement signal peak level -30.7 dBFS
* Format: 2M Log Swept Sine, 1 sweep at -19.2 dBFS using an acoustic timing reference
* Dated: Apr 9, 2025 12:41:17 PM
* REW Settings:
*  C-weighting compensation: Off
*  Target level: 85.0 dB
* Note: ; E2x2 Delay 0.1833 ms (63 mm, 2.48 in) using estimated IR delay relative to Acoustic reference played from SPEAKER R with no timing offset Clock adjustment: -16.2 ppm
* Measurement: No EQ R
* Smoothing: 1/24 octave
* Frequency Step: 1/48 octave
* Start Frequency: 1.000 Hz
*
* Freq(Hz), SPL(dB), Phase(degrees)
1.000000, 59.441, 18.5492
1.015000, 59.535, 17.8061
1.030000, 59.630, 17.0236
1.044000, 59.718, 16.2556
1.060000, 59.820, 15.3307
1.075000, 59.917, 14.4155
1.090000, 60.015, 13.4520
1.106000, 60.120, 12.3751
1.120000, 60.211, 11.4019
1.138000, 60.325, 10.1183
1.150000, 60.401, 9.2442
1.172000, 60.538, 7.6064
1.180000, 60.587, 6.9999
1.206000, 60.746, 4.9911
1.220000, 60.831, 3.8863
1.241000, 60.960, 2.1997
1.250000, 61.015, 1.4662
1.265000, 61.108, 0.2296
1.280000, 61.201, -1.0246
1.315000, 61.425, -4.0211
1.320000, 61.457, -4.4573
1.340000, 61.590, -6.2234
1.360000, 61.727, -8.0244
1.380000, 61.869, -9.8620
1.400000, 62.016, -11.7378
1.430000, 62.247, -14.6276
1.450000, 62.410, -16.6068
1.475000, 62.623, -19.1324
1.500000, 62.846, -21.6842
1.525000, 63.077, -24.2372
1.550000, 63.316, -26.7795
1.575000, 63.562, -29.3038
1.600000, 63.815, -31.8054
1.625000, 64.074, -34.2823
1.650000, 64.338, -36.7343
1.675000, 64.608, -39.1628
1.700000, 64.881, -41.5708
1.725000, 65.159, -43.9618
1.750000, 65.439, -46.3401
1.775000, 65.723, -48.7103
1.800000, 66.008, -51.0768
1.825000, 66.295, -53.4406
1.850000, 66.587, -55.7887
1.875000, 66.885, -58.0975
1.900000, 67.190, -60.3539
1.925000, 67.501, -62.5538
1.950000, 67.817, -64.6959
1.975000, 68.136, -66.7811
2.000000, 68.457, -68.8120
2.030000, 68.845, -71.1822
2.060000, 69.233, -73.4867
2.090000, 69.620, -75.7338
2.120000, 70.002, -77.9328
2.140000, 70.254, -79.3764
2.180000, 70.749, -82.2204
2.200000, 70.992, -83.6223
2.240000, 71.473, -86.3696
2.270000, 71.832, -88.3680
2.300000, 72.188, -90.3099
2.330000, 72.543, -92.1962
2.360000, 72.894, -94.0293
2.400000, 73.358, -96.3971
2.430000, 73.701, -98.1214
2.470000, 74.151, -100.3612
2.500000, 74.482, -102.0034
2.540000, 74.915, -104.1525
2.580000, 75.337, -106.2628
2.620000, 75.749, -108.3308
2.650000, 76.053, -109.8496
2.690000, 76.450, -111.8284
2.720000, 76.742, -113.2774
2.760000, 77.124, -115.1631
2.800000, 77.498, -116.9985
2.850000, 77.955, -119.2279
2.900000, 78.400, -121.3944
2.950000, 78.833, -123.5110
3.000000, 79.253, -125.5873
3.040000, 79.579, -127.2171
3.070000, 79.819, -128.4190
3.110000, 80.132, -129.9921
3.150000, 80.438, -131.5306
3.200000, 80.811, -133.4046
3.250000, 81.175, -135.2253
3.300000, 81.531, -136.9980
3.350000, 81.877, -138.7347
3.400000, 82.212, -140.4410
3.450000, 82.538, -142.1138
3.500000, 82.854, -143.7496
3.550000, 83.163, -145.3457
3.600000, 83.466, -146.9008
3.650000, 83.762, -148.4154
3.700000, 84.052, -149.8948
3.750000, 84.335, -151.3456
3.820000, 84.719, -153.3318
3.870000, 84.985, -154.7183
3.950000, 85.401, -156.8807
4.000000, 85.655, -158.1977
4.060000, 85.956, -159.7444
4.120000, 86.249, -161.2570
4.180000, 86.535, -162.7398
4.250000, 86.862, -164.4378
4.310000, 87.136, -165.8706
4.370000, 87.405, -167.2862
4.440000, 87.714, -168.9167
4.500000, 87.974, -170.2940
4.550000, 88.187, -171.4289
4.620000, 88.479, -173.0032
4.680000, 88.724, -174.3443
4.750000, 89.004, -175.9056
4.820000, 89.278, -177.4657
4.870000, 89.469, -178.5777
4.940000, 89.732, 179.8711
5.000000, 89.952, 178.5469
5.080000, 90.235, 176.7869
5.150000, 90.475, 175.2454
5.220000, 90.706, 173.6952
5.300000, 90.962, 171.9194
5.380000, 91.206, 170.1544
5.450000, 91.410, 168.6271
5.520000, 91.604, 167.1111
5.600000, 91.814, 165.3748
5.700000, 92.060, 163.2126
5.800000, 92.287, 161.1036
5.900000, 92.496, 159.0659
6.000000, 92.684, 157.0644
6.080000, 92.822, 155.4991
6.150000, 92.935, 154.1775
6.220000, 93.042, 152.9132
6.300000, 93.154, 151.5307
6.400000, 93.282, 149.8757
6.500000, 93.400, 148.3168
6.600000, 93.515, 146.8812
6.700000, 93.625, 145.5730
6.800000, 93.731, 144.3708
6.900000, 93.842, 143.2580
7.000000, 93.961, 142.2351
7.100000, 94.089, 141.3082
7.200000, 94.225, 140.4418
7.300000, 94.373, 139.5885
7.400000, 94.535, 138.7400
7.500000, 94.710, 137.9017
7.620000, 94.933, 136.8510
7.750000, 95.187, 135.5895
7.880000, 95.453, 134.2144
8.000000, 95.699, 132.8315
8.120000, 95.939, 131.3097
8.250000, 96.191, 129.5191
8.380000, 96.426, 127.6248
8.500000, 96.623, 125.7911
8.620000, 96.800, 123.8808
8.750000, 96.967, 121.7923
8.850000, 97.077, 120.1967
9.000000, 97.212, 117.8133
9.120000, 97.297, 115.9738
9.250000, 97.368, 114.0923
9.380000, 97.420, 112.3184
9.500000, 97.459, 110.8043
9.620000, 97.494, 109.4325
9.750000, 97.526, 108.0912
9.880000, 97.557, 106.8832
10.000000, 97.585, 105.8860
10.150000, 97.623, 104.7646
10.300000, 97.677, 103.7059
10.440000, 97.745, 102.7506
10.600000, 97.840, 101.6334
10.750000, 97.947, 100.5060
10.900000, 98.063, 99.2985
11.060000, 98.185, 97.9024
11.200000, 98.285, 96.5945
11.380000, 98.397, 94.8484
11.500000, 98.456, 93.6579
11.720000, 98.538, 91.4997
11.800000, 98.559, 90.7451
12.060000, 98.604, 88.4512
12.200000, 98.619, 87.3589
12.410000, 98.638, 85.9117
12.500000, 98.649, 85.3596
12.650000, 98.673, 84.5222
12.800000, 98.707, 83.7541
13.150000, 98.831, 82.0712
13.200000, 98.854, 81.8253
13.400000, 98.952, 80.7993
13.600000, 99.053, 79.6877
13.800000, 99.147, 78.4866
14.000000, 99.225, 77.2345
14.300000, 99.303, 75.3549
14.500000, 99.328, 74.1806
14.750000, 99.342, 72.8697
15.000000, 99.350, 71.7613
15.250000, 99.370, 70.8343
15.500000, 99.410, 70.0169
15.750000, 99.469, 69.2263
16.000000, 99.543, 68.3847
16.250000, 99.622, 67.4534
16.500000, 99.696, 66.4319
16.750000, 99.759, 65.3494
17.000000, 99.810, 64.2504
17.250000, 99.850, 63.1718
17.500000, 99.884, 62.1371
17.750000, 99.916, 61.1474
18.000000, 99.949, 60.1882
18.250000, 99.986, 59.2379
18.500000, 100.025, 58.2766
18.750000, 100.062, 57.2963
19.000000, 100.097, 56.3009
19.250000, 100.125, 55.3077
19.500000, 100.147, 54.3399
19.750000, 100.162, 53.4207
20.000000, 100.174, 52.5682
20.299999, 100.190, 51.6415
20.600000, 100.213, 50.8056
20.900000, 100.249, 50.0223
21.200001, 100.296, 49.2409
21.400000, 100.332, 48.6983
21.799999, 100.402, 47.5338
22.000000, 100.432, 46.9174
22.400000, 100.470, 45.6732
22.700001, 100.481, 44.7933
23.000000, 100.480, 44.0087
23.299999, 100.476, 43.3348
23.600000, 100.476, 42.7551
24.000000, 100.490, 42.0608
24.299999, 100.511, 41.5497
24.700001, 100.543, 40.8463
25.000000, 100.569, 40.3020
25.400000, 100.607, 39.5507
25.799999, 100.651, 38.7282
26.200001, 100.695, 37.7695
26.500000, 100.717, 36.9543
26.900000, 100.715, 35.8195
27.200001, 100.688, 35.0344
27.600000, 100.634, 34.2215
28.000000, 100.592, 33.7185
28.500000, 100.606, 33.2971
29.000000, 100.684, 32.6739
29.500000, 100.763, 31.6770
30.000000, 100.792, 30.5680
30.400000, 100.789, 29.8269
30.700001, 100.789, 29.3894
31.100000, 100.806, 28.8866
31.500000, 100.840, 28.3520
32.000000, 100.880, 27.5474
32.500000, 100.891, 26.6864
33.000000, 100.876, 25.9268
33.500000, 100.855, 25.3125
34.000000, 100.837, 24.8010
34.500000, 100.824, 24.3707
35.000000, 100.823, 24.0070
35.500000, 100.843, 23.6194
36.000000, 100.876, 23.0872
36.500000, 100.896, 22.4039
37.000000, 100.892, 21.7065
37.500000, 100.875, 21.1350
38.200001, 100.873, 20.5174
38.700001, 100.894, 20.0458
39.500000, 100.924, 19.1169
40.000000, 100.928, 18.5099
40.599998, 100.919, 17.8568
41.200001, 100.905, 17.3389
41.799999, 100.901, 16.9382
42.500000, 100.920, 16.4460
43.099998, 100.936, 15.8834
43.700001, 100.928, 15.2827
44.400002, 100.902, 14.7388
45.000000, 100.894, 14.3689
45.500000, 100.898, 14.0171
46.200001, 100.896, 13.4431
46.799999, 100.885, 12.9941
47.500000, 100.884, 12.5449
48.200001, 100.897, 12.0457
48.700001, 100.903, 11.6472
49.400002, 100.904, 11.0992
50.000000, 100.900, 10.6571
50.799999, 100.885, 10.1177
51.500000, 100.870, 9.7515
52.200001, 100.868, 9.4061
53.000000, 100.863, 8.8657
53.799999, 100.824, 8.4218
54.500000, 100.816, 8.2700
55.200001, 100.863, 7.8821
56.000000, 100.877, 6.8914
57.000000, 100.772, 6.1419
58.000000, 100.774, 6.1248
59.000000, 100.811, 5.5436
60.000000, 100.789, 5.2329
60.799999, 100.803, 5.2281
61.500000, 100.840, 5.2626
62.200001, 100.926, 5.0868
63.000000, 101.015, 4.0377
64.000000, 100.886, 2.5201
65.000000, 100.746, 2.6196
66.000000, 100.810, 2.3940
67.000000, 100.807, 1.4922
68.000000, 100.762, 1.1414
69.000000, 100.774, 1.4732
70.000000, 100.926, 1.5845
71.000000, 101.002, 0.4937
72.000000, 100.871, -0.2806
73.000000, 100.728, -0.2973
74.000000, 100.609, -0.1751
75.000000, 100.568, 0.0010
76.199997, 100.616, -0.8371
77.500000, 100.552, -2.5536
78.800003, 100.424, -3.0646
80.000000, 100.441, -2.9713
81.199997, 100.443, -3.0792
82.500000, 100.431, -2.7498
83.800003, 100.418, -2.7559
85.000000, 100.372, -2.8555
86.199997, 100.338, -3.2172
87.500000, 100.276, -3.6608
88.500000, 100.261, -3.8737
90.000000, 100.241, -4.3874
91.199997, 100.208, -4.5646
92.500000, 100.181, -4.7371
93.800003, 100.137, -4.9206
95.000000, 100.101, -5.0482
96.199997, 100.073, -5.2136
97.500000, 100.054, -5.3233
98.800003, 100.059, -5.4664
100.000000, 100.053, -5.7846
101.500000, 99.994, -6.1526
103.000000, 99.926, -6.2592
104.400002, 99.893, -6.3831
106.000000, 99.860, -6.6716
107.500000, 99.823, -6.8079
109.000000, 99.796, -6.7783
110.599998, 99.777, -6.8251
112.000000, 99.746, -6.9523
113.800003, 99.709, -7.1732
115.000000, 99.694, -7.3862
117.199997, 99.664, -7.9385
118.000000, 99.640, -8.1110
120.599998, 99.524, -8.3143
122.000000, 99.460, -8.2203
124.099998, 99.387, -8.0146
125.000000, 99.373, -7.9214
126.500000, 99.367, -7.8834
128.000000, 99.356, -7.9075
131.500000, 99.266, -7.9154
132.000000, 99.245, -7.9271
134.000000, 99.159, -7.9792
136.000000, 99.105, -8.1143
138.000000, 99.075, -8.2751
140.000000, 99.053, -8.2574
143.000000, 99.005, -8.0498
145.000000, 98.960, -7.9633
147.500000, 98.908, -7.9517
150.000000, 98.863, -7.9342
152.500000, 98.816, -7.8715
155.000000, 98.767, -7.8101
157.500000, 98.711, -7.7581
160.000000, 98.655, -7.6731
162.500000, 98.607, -7.5712
165.000000, 98.561, -7.4281
167.500000, 98.499, -7.2119
170.000000, 98.420, -7.0402
172.500000, 98.339, -6.9285
175.000000, 98.284, -6.8362
177.500000, 98.234, -6.7826
180.000000, 98.168, -6.6412
182.500000, 98.099, -6.4088
185.000000, 98.037, -6.0842
187.500000, 97.995, -5.7512
190.000000, 97.957, -5.5346
192.500000, 97.925, -5.3840
195.000000, 97.889, -5.3263
197.500000, 97.845, -5.2205
200.000000, 97.805, -5.0912
203.000000, 97.754, -4.9492
206.000000, 97.703, -4.6735
209.000000, 97.663, -4.4096
212.000000, 97.617, -4.2363
214.000000, 97.587, -4.1034
218.000000, 97.536, -3.9539
220.000000, 97.510, -3.9341
224.000000, 97.454, -3.8699
227.000000, 97.403, -3.7484
230.000000, 97.351, -3.5756
233.000000, 97.305, -3.4059
236.000000, 97.263, -3.3000
240.000000, 97.193, -3.2328
243.000000, 97.142, -3.1714
247.000000, 97.079, -3.0250
250.000000, 97.032, -2.8738
254.000000, 96.971, -2.7111
258.000000, 96.909, -2.5919
262.000000, 96.848, -2.4675
265.000000, 96.807, -2.3381
269.000000, 96.758, -2.1989
272.000000, 96.723, -2.1050
276.000000, 96.682, -2.0121
280.000000, 96.639, -1.9930
285.000000, 96.568, -1.9321
290.000000, 96.499, -1.7180
295.000000, 96.448, -1.5594
300.000000, 96.392, -1.5801
304.000000, 96.347, -1.6348
307.000000, 96.311, -1.6287
311.000000, 96.261, -1.5669
315.000000, 96.226, -1.4633
320.000000, 96.188, -1.3488
325.000000, 96.129, -1.4454
330.000000, 96.073, -1.5831
335.000000, 96.036, -1.5623
340.000000, 96.001, -1.5007
345.000000, 95.950, -1.5117
350.000000, 95.894, -1.6292
355.000000, 95.853, -1.7869
360.000000, 95.817, -1.8662
365.000000, 95.770, -1.8452
370.000000, 95.714, -1.7951
375.000000, 95.664, -1.7707
382.000000, 95.610, -1.8746
387.000000, 95.579, -1.9636
395.000000, 95.536, -2.1310
400.000000, 95.504, -2.1864
406.000000, 95.453, -2.2291
412.000000, 95.404, -2.2834
418.000000, 95.357, -2.3669
425.000000, 95.308, -2.4847
431.000000, 95.267, -2.6049
437.000000, 95.229, -2.7338
444.000000, 95.190, -2.8411
450.000000, 95.155, -2.9365
455.000000, 95.125, -3.0380
462.000000, 95.083, -3.1925
468.000000, 95.054, -3.3400
475.000000, 95.019, -3.5035
482.000000, 94.984, -3.6531
487.000000, 94.963, -3.7656
494.000000, 94.939, -3.9517
500.000000, 94.921, -4.1290
508.000000, 94.900, -4.3746
515.000000, 94.882, -4.5818
522.000000, 94.857, -4.7840
530.000000, 94.819, -5.0041
538.000000, 94.784, -5.2118
545.000000, 94.755, -5.4103
552.000000, 94.732, -5.6332
560.000000, 94.721, -5.9263
570.000000, 94.717, -6.3457
580.000000, 94.708, -6.7386
590.000000, 94.693, -7.0673
600.000000, 94.668, -7.3929
608.000000, 94.653, -7.6940
615.000000, 94.645, -7.9830
622.000000, 94.642, -8.3058
630.000000, 94.638, -8.6826
640.000000, 94.631, -9.1199
650.000000, 94.617, -9.5316
660.000000, 94.609, -9.9485
670.000000, 94.615, -10.4440
680.000000, 94.626, -10.9986
690.000000, 94.635, -11.5161
700.000000, 94.639, -11.9685
710.000000, 94.639, -12.4489
720.000000, 94.646, -12.9614
730.000000, 94.661, -13.4601
740.000000, 94.678, -13.9709
750.000000, 94.697, -14.5002
762.000000, 94.719, -15.1611
775.000000, 94.747, -15.8998
788.000000, 94.785, -16.6393
800.000000, 94.825, -17.3685
812.000000, 94.866, -18.1184
825.000000, 94.907, -18.9308
838.000000, 94.949, -19.7702
850.000000, 94.993, -20.5969
862.000000, 95.041, -21.4660
875.000000, 95.100, -22.4163
885.000000, 95.149, -23.1820
900.000000, 95.225, -24.4213
912.000000, 95.287, -25.3938
925.000000, 95.353, -26.4663
938.000000, 95.418, -27.6360
950.000000, 95.483, -28.7370
962.000000, 95.551, -29.8480
975.000000, 95.626, -31.1157
988.000000, 95.706, -32.4171
1000.000000, 95.785, -33.6611
1015.000000, 95.881, -35.2942
1030.000000, 95.972, -36.9508
1044.000000, 96.046, -38.5154
1060.000000, 96.128, -40.3471
1075.000000, 96.213, -42.1213
1090.000000, 96.314, -43.9926
1106.000000, 96.434, -46.0212
1120.000000, 96.537, -47.8113
1138.000000, 96.658, -50.1727
1150.000000, 96.733, -51.7668
1172.000000, 96.860, -54.7179
1180.000000, 96.906, -55.8132
1206.000000, 97.063, -59.4462
1220.000000, 97.154, -61.4209
1241.000000, 97.290, -64.4167
1250.000000, 97.346, -65.6872
1265.000000, 97.437, -67.7896
1280.000000, 97.525, -69.9035
1315.000000, 97.755, -74.7236
1320.000000, 97.792, -75.4238
1340.000000, 97.945, -78.3666
1360.000000, 98.086, -81.5383
1380.000000, 98.215, -84.8638
1400.000000, 98.346, -88.2126
1430.000000, 98.538, -93.2479
1450.000000, 98.659, -96.6333
1475.000000, 98.788, -100.8254
1500.000000, 98.905, -105.0239
1525.000000, 99.032, -109.3185
1550.000000, 99.162, -113.6568
1575.000000, 99.295, -117.9406
1600.000000, 99.445, -122.2394
1625.000000, 99.593, -126.5219
1650.000000, 99.714, -130.7430
1675.000000, 99.826, -135.0087
1700.000000, 99.953, -139.3941
1725.000000, 100.094, -143.9023
1750.000000, 100.236, -148.5113
1775.000000, 100.371, -153.1249
1800.000000, 100.497, -157.7751
1825.000000, 100.617, -162.4711
1850.000000, 100.726, -167.1923
1875.000000, 100.825, -171.9445
1900.000000, 100.916, -176.7435
1925.000000, 100.998, 178.4326
1950.000000, 101.082, 173.5862
1975.000000, 101.179, 168.6598
2000.000000, 101.286, 163.6770
2030.000000, 101.406, 157.6773
2060.000000, 101.508, 151.6403
2090.000000, 101.582, 145.5652
2120.000000, 101.631, 139.5401
2140.000000, 101.659, 135.5131
2180.000000, 101.725, 127.4916
2200.000000, 101.763, 123.5176
2240.000000, 101.843, 115.7321
2270.000000, 101.922, 110.1246
2300.000000, 102.050, 104.5193
2330.000000, 102.231, 98.6012
2360.000000, 102.423, 92.2189
2400.000000, 102.634, 83.2975
2430.000000, 102.753, 76.5047
2470.000000, 102.883, 67.2913
2500.000000, 102.965, 60.2329
2540.000000, 103.053, 50.6658
2580.000000, 103.106, 41.0984
2620.000000, 103.117, 31.5976
2650.000000, 103.096, 24.5311
2690.000000, 103.035, 15.2029
2720.000000, 102.976, 8.2716
2760.000000, 102.893, -0.8868
2800.000000, 102.815, -9.9636
2850.000000, 102.719, -21.1794
2900.000000, 102.619, -32.2097
2950.000000, 102.539, -43.0411
3000.000000, 102.499, -53.8777
3040.000000, 102.477, -62.7133
3070.000000, 102.449, -69.4312
3110.000000, 102.390, -78.4401
3150.000000, 102.316, -87.4080
3200.000000, 102.236, -98.4337
3250.000000, 102.203, -109.2470
3300.000000, 102.223, -120.0999
3350.000000, 102.256, -131.2628
3400.000000, 102.265, -142.7701
3450.000000, 102.251, -154.4528
3500.000000, 102.225, -166.1580
3550.000000, 102.191, -177.8191
3600.000000, 102.150, 170.5764
3650.000000, 102.105, 159.0115
3700.000000, 102.061, 147.4817
3750.000000, 102.025, 135.9612
3820.000000, 101.981, 119.8109
3870.000000, 101.940, 108.3209
3950.000000, 101.880, 90.1539
4000.000000, 101.854, 78.9243
4060.000000, 101.829, 65.5894
4120.000000, 101.809, 52.4238
4180.000000, 101.796, 39.4182
4250.000000, 101.782, 24.4553
4310.000000, 101.756, 11.7773
4370.000000, 101.721, -0.8054
4440.000000, 101.684, -15.3577
4500.000000, 101.668, -27.7202
4550.000000, 101.668, -37.9475
4620.000000, 101.685, -52.1622
4680.000000, 101.702, -64.2646
4750.000000, 101.695, -78.2474
4820.000000, 101.658, -92.0856
4870.000000, 101.628, -101.8907
4940.000000, 101.594, -115.4993
5000.000000, 101.565, -127.0322
5080.000000, 101.509, -142.1656
5150.000000, 101.449, -155.1648
5220.000000, 101.386, -167.9448
5300.000000, 101.307, 177.7223
5380.000000, 101.237, 163.6202
5450.000000, 101.177, 151.4758
5520.000000, 101.102, 139.5529
5600.000000, 100.992, 126.2203
5700.000000, 100.847, 110.0079
5800.000000, 100.709, 94.3395
5900.000000, 100.597, 79.1982
6000.000000, 100.482, 64.5999
6080.000000, 100.378, 53.3175
6150.000000, 100.291, 43.7065
6220.000000, 100.217, 34.3303
6300.000000, 100.149, 23.9106
6400.000000, 100.101, 11.2985
6500.000000, 100.085, -0.8665
6600.000000, 100.082, -12.5811
6700.000000, 100.112, -23.8932
6800.000000, 100.206, -34.8535
6900.000000, 100.371, -45.4971
7000.000000, 100.596, -55.8793
7100.000000, 100.870, -66.0881
7200.000000, 101.198, -76.3553
7300.000000, 101.578, -87.0437
7400.000000, 102.004, -98.2980
7500.000000, 102.472, -110.1448
7620.000000, 103.080, -125.3022
7750.000000, 103.723, -143.1213
7880.000000, 104.172, -162.5461
8000.000000, 104.359, 178.2112
8120.000000, 104.266, 158.1915
8250.000000, 103.784, 136.5206
8380.000000, 102.926, 115.8971
8500.000000, 101.876, 98.5172
8620.000000, 100.673, 83.0485
8750.000000, 99.276, 68.5083
8850.000000, 98.183, 58.8215
9000.000000, 96.602, 46.5917
9120.000000, 95.452, 38.7596
9250.000000, 94.406, 32.1576
9380.000000, 93.666, 27.0721
9500.000000, 93.323, 22.7516
9620.000000, 93.286, 17.5527
9750.000000, 93.443, 10.1019
9880.000000, 93.634, 0.8241
10000.000000, 93.738, -8.7784
10150.000000, 93.724, -21.2404
10300.000000, 93.581, -33.4835
10440.000000, 93.390, -44.3790
10600.000000, 93.158, -56.1046
10750.000000, 92.959, -66.4113
10900.000000, 92.817, -76.1399
11060.000000, 92.753, -86.0259
11200.000000, 92.778, -94.3818
11380.000000, 92.943, -104.8936
11500.000000, 93.148, -111.8823
11720.000000, 93.711, -124.8779
11800.000000, 93.977, -129.7153
12060.000000, 95.105, -146.2988
12200.000000, 95.873, -156.1445
12410.000000, 97.226, -173.0042
12500.000000, 97.870, 178.6016
12650.000000, 98.945, 162.4849
12800.000000, 99.874, 143.3896
13150.000000, 100.398, 90.7456
13200.000000, 100.231, 83.1685
13400.000000, 99.048, 55.1646
13600.000000, 97.373, 32.3069
13800.000000, 95.634, 14.3572
14000.000000, 94.073, -0.1113
14300.000000, 92.196, -18.0007
14500.000000, 91.238, -28.5093
14750.000000, 90.323, -40.7017
15000.000000, 89.731, -52.2427
15250.000000, 89.474, -63.8218
15500.000000, 89.544, -76.3035
15750.000000, 89.868, -89.9724
16000.000000, 90.365, -105.1396
16250.000000, 90.951, -122.5151
16500.000000, 91.485, -142.6567
16750.000000, 91.775, -165.4639
17000.000000, 91.656, 170.1790
17250.000000, 91.081, 146.0305
17500.000000, 90.148, 123.8047
17750.000000, 89.064, 104.2402
18000.000000, 88.019, 86.5891
18250.000000, 87.082, 69.4478
18500.000000, 86.249, 51.7988
18750.000000, 85.510, 33.3157
19000.000000, 84.743, 14.3652
19250.000000, 83.702, -4.1653
19500.000000, 82.176, -21.3496
19750.000000, 80.142, -36.3120
20000.000000, 77.710, -47.2549
20300.000000, 74.737, -51.9480
20600.000000, 72.493, -52.6758
20900.000000, 70.882, -56.4255
21200.000000, 69.520, -60.1899
21400.000000, 68.755, -61.6025
21800.000000, 67.685, -65.7974
22000.000000, 67.247, -72.0234
22400.000000, 65.776, -94.2783
22700.000000, 63.627, -112.2585
23000.000000, 60.535, -124.1272
23300.000000, 56.771, -138.2893
23600.000000, 52.398, -158.2510
24000.000000, 47.037, 170.1687
