* Measurement data measured by REW V5.31.3
* Source: Analog 1/2 (2- E2x2), LINE_IN (Master Volume), L, volume: 1.000. Timing signal peak level -34.5 dBFS, measurement signal peak level -33.5 dBFS
* Format: 2M Log Swept Sine, 1 sweep at -19.2 dBFS using an acoustic timing reference
* Dated: Apr 9, 2025 12:27:31 PM
* REW Settings:
*  C-weighting compensation: Off
*  Target level: 85.0 dB
* Note: ; E2x2 Delay -0.7454 ms (-256 mm, -10.07 in) using estimated IR delay relative to Acoustic reference played from SPEAKER L with no timing offset Clock adjustment: 5.1 ppm
* Measurement: Popular L
* Smoothing: 1/24 octave
* Frequency Step: 1/48 octave
* Start Frequency: 1.000 Hz
*
* Freq(Hz), SPL(dB), Phase(degrees)
1.000000, 50.080, -69.5271
1.015000, 50.405, -68.7033
1.030000, 50.730, -67.9793
1.044000, 51.035, -67.3920
1.060000, 51.383, -66.8227
1.075000, 51.710, -66.3835
1.090000, 52.035, -66.0270
1.106000, 52.385, -65.7026
1.120000, 52.695, -65.4148
1.138000, 53.102, -65.0175
1.150000, 53.378, -64.7430
1.172000, 53.893, -64.2430
1.180000, 54.083, -64.0674
1.206000, 54.708, -63.5407
1.220000, 55.048, -63.2942
1.241000, 55.561, -62.9852
1.250000, 55.782, -62.8776
1.265000, 56.151, -62.7339
1.280000, 56.520, -62.6372
1.315000, 57.377, -62.6041
1.320000, 57.499, -62.6221
1.340000, 57.983, -62.7513
1.360000, 58.460, -62.9730
1.380000, 58.930, -63.2866
1.400000, 59.391, -63.6910
1.430000, 60.061, -64.4632
1.450000, 60.491, -65.0812
1.475000, 61.011, -65.9281
1.500000, 61.516, -66.7649
1.525000, 62.009, -67.5603
1.550000, 62.491, -68.3269
1.575000, 62.964, -69.0805
1.600000, 63.426, -69.8343
1.625000, 63.879, -70.5997
1.650000, 64.324, -71.3861
1.675000, 64.760, -72.2013
1.700000, 65.188, -73.0518
1.725000, 65.608, -73.9431
1.750000, 66.022, -74.8796
1.775000, 66.429, -75.8652
1.800000, 66.830, -76.9023
1.825000, 67.225, -77.9874
1.850000, 67.613, -79.0968
1.875000, 67.992, -80.1979
1.900000, 68.364, -81.2808
1.925000, 68.727, -82.3471
1.950000, 69.082, -83.4000
1.975000, 69.430, -84.4433
2.000000, 69.771, -85.4806
2.030000, 70.171, -86.7225
2.060000, 70.563, -87.9674
2.090000, 70.948, -89.2213
2.120000, 71.325, -90.4899
2.140000, 71.573, -91.3465
2.180000, 72.061, -93.0915
2.200000, 72.301, -93.9790
2.240000, 72.771, -95.7628
2.270000, 73.114, -97.0936
2.300000, 73.448, -98.4131
2.330000, 73.775, -99.7199
2.360000, 74.094, -101.0136
2.400000, 74.510, -102.7194
2.430000, 74.814, -103.9860
2.470000, 75.211, -105.6617
2.500000, 75.503, -106.9118
2.540000, 75.885, -108.5750
2.580000, 76.259, -110.2396
2.620000, 76.622, -111.9055
2.650000, 76.888, -113.1509
2.690000, 77.232, -114.7994
2.720000, 77.484, -116.0231
2.760000, 77.812, -117.6343
2.800000, 78.133, -119.2198
2.850000, 78.523, -121.1642
2.900000, 78.903, -123.0684
2.950000, 79.273, -124.9425
3.000000, 79.631, -126.8026
3.040000, 79.909, -128.2795
3.070000, 80.112, -129.3772
3.110000, 80.377, -130.8233
3.150000, 80.636, -132.2457
3.200000, 80.953, -133.9856
3.250000, 81.262, -135.6796
3.300000, 81.566, -137.3292
3.350000, 81.861, -138.9469
3.400000, 82.148, -140.5414
3.450000, 82.427, -142.1104
3.500000, 82.699, -143.6499
3.550000, 82.965, -145.1562
3.600000, 83.227, -146.6262
3.650000, 83.485, -148.0585
3.700000, 83.740, -149.4556
3.750000, 83.989, -150.8232
3.820000, 84.330, -152.6945
3.870000, 84.568, -154.0029
3.950000, 84.943, -156.0511
4.000000, 85.175, -157.3042
4.060000, 85.450, -158.7795
4.120000, 85.722, -160.2216
4.180000, 85.990, -161.6348
4.250000, 86.299, -163.2570
4.310000, 86.559, -164.6331
4.370000, 86.817, -166.0020
4.440000, 87.115, -167.5894
4.500000, 87.368, -168.9354
4.550000, 87.576, -170.0472
4.620000, 87.863, -171.5936
4.680000, 88.105, -172.9156
4.750000, 88.382, -174.4611
4.820000, 88.653, -176.0131
4.870000, 88.844, -177.1232
4.940000, 89.106, -178.6745
5.000000, 89.326, -179.9988
5.080000, 89.610, 178.2441
5.150000, 89.850, 176.7090
5.220000, 90.082, 175.1665
5.300000, 90.338, 173.4020
5.380000, 90.583, 171.6550
5.450000, 90.789, 170.1526
5.520000, 90.986, 168.6728
5.600000, 91.201, 166.9907
5.700000, 91.453, 164.9113
5.800000, 91.691, 162.8993
5.900000, 91.913, 160.9763
6.000000, 92.121, 159.1146
6.080000, 92.277, 157.6708
6.150000, 92.409, 156.4542
6.220000, 92.538, 155.2902
6.300000, 92.681, 154.0220
6.400000, 92.852, 152.5130
6.500000, 93.020, 151.0810
6.600000, 93.189, 149.7289
6.700000, 93.360, 148.4627
6.800000, 93.533, 147.2650
6.900000, 93.710, 146.1027
7.000000, 93.894, 144.9616
7.100000, 94.085, 143.8505
7.200000, 94.281, 142.7476
7.300000, 94.481, 141.6154
7.400000, 94.685, 140.4433
7.500000, 94.892, 139.2412
7.620000, 95.140, 137.7434
7.750000, 95.402, 136.0211
7.880000, 95.657, 134.2021
8.000000, 95.880, 132.4617
8.120000, 96.086, 130.6634
8.250000, 96.292, 128.6487
8.380000, 96.475, 126.6162
8.500000, 96.623, 124.7467
8.620000, 96.752, 122.8770
8.750000, 96.870, 120.8989
8.850000, 96.946, 119.4339
9.000000, 97.040, 117.3163
9.120000, 97.100, 115.7162
9.250000, 97.155, 114.1022
9.380000, 97.201, 112.6019
9.500000, 97.241, 111.3152
9.620000, 97.282, 110.1279
9.750000, 97.328, 108.9409
9.880000, 97.371, 107.8300
10.000000, 97.407, 106.8622
10.150000, 97.451, 105.7137
10.300000, 97.498, 104.5909
10.440000, 97.545, 103.5531
10.600000, 97.603, 102.3645
10.750000, 97.663, 101.2316
10.900000, 97.726, 100.0857
11.060000, 97.790, 98.8569
11.200000, 97.843, 97.7795
11.380000, 97.907, 96.4113
11.500000, 97.948, 95.5160
11.720000, 98.020, 93.9139
11.800000, 98.048, 93.3460
12.060000, 98.144, 91.5417
12.200000, 98.201, 90.5853
12.410000, 98.290, 89.1550
12.500000, 98.328, 88.5373
12.650000, 98.392, 87.4990
12.800000, 98.454, 86.4509
13.150000, 98.579, 83.9816
13.200000, 98.594, 83.6320
13.400000, 98.650, 82.2533
13.600000, 98.696, 80.9326
13.800000, 98.736, 79.6907
14.000000, 98.773, 78.5374
14.300000, 98.833, 76.9596
14.500000, 98.880, 75.9777
14.750000, 98.950, 74.7746
15.000000, 99.028, 73.5529
15.250000, 99.110, 72.2831
15.500000, 99.184, 70.9766
15.750000, 99.242, 69.6688
16.000000, 99.284, 68.4106
16.250000, 99.315, 67.2438
16.500000, 99.342, 66.1837
16.750000, 99.376, 65.2155
17.000000, 99.422, 64.2926
17.250000, 99.480, 63.3617
17.500000, 99.545, 62.3753
17.750000, 99.608, 61.3126
18.000000, 99.661, 60.1835
18.250000, 99.700, 59.0211
18.500000, 99.722, 57.8727
18.750000, 99.732, 56.7803
19.000000, 99.734, 55.7719
19.250000, 99.738, 54.8518
19.500000, 99.748, 54.0004
19.750000, 99.767, 53.1846
20.000000, 99.796, 52.3655
20.299999, 99.837, 51.3368
20.600000, 99.878, 50.2391
20.900000, 99.910, 49.0865
21.200001, 99.927, 47.9203
21.400000, 99.929, 47.1609
21.799999, 99.918, 45.7427
22.000000, 99.908, 45.1006
22.400000, 99.886, 43.9580
22.700001, 99.874, 43.2101
23.000000, 99.870, 42.5327
23.299999, 99.872, 41.9056
23.600000, 99.882, 41.3107
24.000000, 99.908, 40.5342
24.299999, 99.934, 39.9341
24.700001, 99.973, 39.0676
25.000000, 99.997, 38.3580
25.400000, 100.010, 37.3703
25.799999, 99.996, 36.4319
26.200001, 99.967, 35.6392
26.500000, 99.947, 35.1443
26.900000, 99.935, 34.5303
27.200001, 99.936, 34.0222
27.600000, 99.929, 33.2273
28.000000, 99.889, 32.3922
28.500000, 99.790, 31.6353
29.000000, 99.705, 31.4544
29.500000, 99.726, 31.5401
30.000000, 99.847, 31.1953
30.400000, 99.951, 30.3712
30.700001, 99.996, 29.5161
31.100000, 99.999, 28.3052
31.500000, 99.951, 27.2744
32.000000, 99.872, 26.4252
32.500000, 99.827, 25.9349
33.000000, 99.826, 25.5330
33.500000, 99.851, 25.0648
34.000000, 99.890, 24.4929
34.500000, 99.933, 23.7986
35.000000, 99.965, 22.9906
35.500000, 99.973, 22.1479
36.000000, 99.961, 21.3718
36.500000, 99.944, 20.6967
37.000000, 99.931, 20.0841
37.500000, 99.922, 19.4887
38.200001, 99.917, 18.6514
38.700001, 99.919, 18.0219
39.500000, 99.921, 16.9153
40.000000, 99.913, 16.2146
40.599998, 99.901, 15.4427
41.200001, 99.898, 14.7192
41.799999, 99.901, 13.9646
42.500000, 99.895, 13.0573
43.099998, 99.881, 12.3478
43.700001, 99.869, 11.7167
44.400002, 99.864, 10.9857
45.000000, 99.858, 10.3035
45.500000, 99.846, 9.7040
46.200001, 99.817, 8.8699
46.799999, 99.786, 8.1965
47.500000, 99.754, 7.4531
48.200001, 99.730, 6.6886
48.700001, 99.711, 6.1160
49.400002, 99.676, 5.3492
50.000000, 99.647, 4.7836
50.799999, 99.628, 4.0707
51.500000, 99.618, 3.3511
52.200001, 99.592, 2.5691
53.000000, 99.540, 1.7117
53.799999, 99.472, 0.9387
54.500000, 99.408, 0.3776
55.200001, 99.363, -0.1207
56.000000, 99.336, -0.8186
57.000000, 99.291, -1.8770
58.000000, 99.239, -2.8098
59.000000, 99.201, -3.7288
60.000000, 99.137, -4.5292
60.799999, 99.090, -4.9997
61.500000, 99.053, -5.4311
62.200001, 99.008, -5.8969
63.000000, 98.956, -6.5138
64.000000, 98.871, -7.5794
65.000000, 98.762, -8.5920
66.000000, 98.719, -9.6683
67.000000, 98.725, -10.9681
68.000000, 98.804, -12.8595
69.000000, 98.696, -15.5569
70.000000, 98.332, -16.0386
71.000000, 98.240, -14.3140
72.000000, 98.358, -13.7363
73.000000, 98.375, -14.0213
74.000000, 98.308, -14.3344
75.000000, 98.200, -14.6516
76.199997, 98.067, -15.2106
77.500000, 97.920, -16.0421
78.800003, 97.804, -16.9075
80.000000, 97.725, -17.6593
81.199997, 97.659, -18.3608
82.500000, 97.575, -19.0542
83.800003, 97.464, -19.6232
85.000000, 97.362, -20.0513
86.199997, 97.260, -20.4781
87.500000, 97.181, -20.8699
88.500000, 97.136, -21.3252
90.000000, 97.047, -22.0231
91.199997, 96.964, -22.5369
92.500000, 96.853, -22.9664
93.800003, 96.748, -23.3098
95.000000, 96.657, -23.6865
96.199997, 96.566, -24.1349
97.500000, 96.470, -24.6669
98.800003, 96.370, -25.2312
100.000000, 96.278, -25.6771
101.500000, 96.168, -26.1765
103.000000, 96.066, -26.5846
104.400002, 95.973, -26.9547
106.000000, 95.867, -27.3330
107.500000, 95.757, -27.7832
109.000000, 95.620, -28.2107
110.599998, 95.476, -28.5804
112.000000, 95.369, -28.8749
113.800003, 95.259, -29.4070
115.000000, 95.173, -29.7233
117.199997, 95.039, -29.9501
118.000000, 94.995, -29.9836
120.599998, 94.885, -30.3557
122.000000, 94.788, -30.7322
124.099998, 94.624, -31.0580
125.000000, 94.558, -31.1881
126.500000, 94.443, -31.4263
128.000000, 94.331, -31.6129
131.500000, 94.139, -32.3749
132.000000, 94.113, -32.5036
134.000000, 94.024, -32.8130
136.000000, 93.976, -32.9276
138.000000, 93.920, -33.1188
140.000000, 93.797, -33.3840
143.000000, 93.588, -33.5277
145.000000, 93.481, -33.9451
147.500000, 93.301, -34.3127
150.000000, 93.141, -34.1562
152.500000, 93.033, -34.3068
155.000000, 92.911, -34.6914
157.500000, 92.846, -34.6317
160.000000, 92.790, -34.6481
162.500000, 92.695, -34.6983
165.000000, 92.590, -34.9335
167.500000, 92.483, -35.1809
170.000000, 92.386, -35.4152
172.500000, 92.277, -35.6898
175.000000, 92.149, -35.8278
177.500000, 92.045, -35.7561
180.000000, 91.962, -35.7418
182.500000, 91.883, -35.7318
185.000000, 91.810, -35.7836
187.500000, 91.740, -35.8124
190.000000, 91.676, -35.9722
192.500000, 91.602, -36.1229
195.000000, 91.533, -36.2202
197.500000, 91.456, -36.2903
200.000000, 91.377, -36.2314
203.000000, 91.290, -36.1318
206.000000, 91.193, -35.7923
209.000000, 91.119, -35.3037
212.000000, 91.070, -34.9584
214.000000, 91.049, -34.7531
218.000000, 91.028, -34.6848
220.000000, 91.027, -34.9636
224.000000, 91.031, -35.7103
227.000000, 91.017, -35.8959
230.000000, 90.977, -35.9229
233.000000, 90.930, -35.9348
236.000000, 90.899, -36.0197
240.000000, 90.848, -36.2897
243.000000, 90.812, -36.5559
247.000000, 90.787, -36.8695
250.000000, 90.767, -36.8474
254.000000, 90.737, -36.7360
258.000000, 90.704, -36.8121
262.000000, 90.684, -36.9314
265.000000, 90.675, -37.1141
269.000000, 90.667, -37.3657
272.000000, 90.660, -37.5826
276.000000, 90.645, -37.8366
280.000000, 90.637, -38.0128
285.000000, 90.629, -38.2800
290.000000, 90.632, -38.5601
295.000000, 90.624, -38.8280
300.000000, 90.602, -39.0537
304.000000, 90.598, -39.3679
307.000000, 90.603, -39.6283
311.000000, 90.614, -39.8676
315.000000, 90.618, -40.0693
320.000000, 90.605, -40.3538
325.000000, 90.595, -40.5610
330.000000, 90.600, -40.8632
335.000000, 90.619, -41.2167
340.000000, 90.625, -41.6469
345.000000, 90.639, -42.0189
350.000000, 90.649, -42.3282
355.000000, 90.636, -42.5372
360.000000, 90.638, -42.8286
365.000000, 90.662, -43.2987
370.000000, 90.676, -43.7179
375.000000, 90.650, -43.8139
382.000000, 90.645, -44.0535
387.000000, 90.650, -44.3484
395.000000, 90.656, -44.8337
400.000000, 90.664, -45.0729
406.000000, 90.674, -45.3906
412.000000, 90.680, -45.6996
418.000000, 90.686, -46.0425
425.000000, 90.684, -46.4246
431.000000, 90.681, -46.7255
437.000000, 90.687, -47.0140
444.000000, 90.703, -47.2798
450.000000, 90.710, -47.5076
455.000000, 90.714, -47.8005
462.000000, 90.727, -48.2357
468.000000, 90.735, -48.4636
475.000000, 90.732, -48.5940
482.000000, 90.732, -48.7896
487.000000, 90.736, -48.9594
494.000000, 90.744, -49.2231
500.000000, 90.756, -49.4431
508.000000, 90.770, -49.6341
515.000000, 90.777, -49.7504
522.000000, 90.782, -49.9171
530.000000, 90.794, -50.1411
538.000000, 90.812, -50.3361
545.000000, 90.826, -50.4564
552.000000, 90.834, -50.5357
560.000000, 90.838, -50.6154
570.000000, 90.855, -50.7135
580.000000, 90.880, -50.8124
590.000000, 90.903, -50.8497
600.000000, 90.931, -50.7999
608.000000, 90.950, -50.7513
615.000000, 90.963, -50.7410
622.000000, 90.971, -50.7400
630.000000, 90.976, -50.6794
640.000000, 90.975, -50.4396
650.000000, 90.979, -50.1611
660.000000, 90.992, -49.9534
670.000000, 91.008, -49.7413
680.000000, 91.028, -49.3890
690.000000, 91.045, -48.9214
700.000000, 91.062, -48.4957
710.000000, 91.086, -48.0771
720.000000, 91.117, -47.6135
730.000000, 91.147, -47.1192
740.000000, 91.174, -46.5489
750.000000, 91.205, -45.9093
762.000000, 91.239, -45.1356
775.000000, 91.282, -44.2991
788.000000, 91.329, -43.3917
800.000000, 91.371, -42.5079
812.000000, 91.412, -41.5605
825.000000, 91.454, -40.4829
838.000000, 91.505, -39.3688
850.000000, 91.554, -38.3408
862.000000, 91.605, -37.2521
875.000000, 91.656, -36.0116
885.000000, 91.689, -35.0153
900.000000, 91.738, -33.4391
912.000000, 91.782, -32.1588
925.000000, 91.838, -30.7548
938.000000, 91.901, -29.2942
950.000000, 91.960, -27.9260
962.000000, 92.017, -26.5172
975.000000, 92.078, -24.9220
988.000000, 92.136, -23.2953
1000.000000, 92.185, -21.7677
1015.000000, 92.250, -19.7868
1030.000000, 92.311, -17.7786
1044.000000, 92.365, -15.8419
1060.000000, 92.427, -13.5281
1075.000000, 92.488, -11.3497
1090.000000, 92.559, -9.1476
1106.000000, 92.644, -6.8115
1120.000000, 92.714, -4.7797
1138.000000, 92.789, -2.0966
1150.000000, 92.831, -0.2657
1172.000000, 92.913, 3.1285
1180.000000, 92.947, 4.3597
1206.000000, 93.068, 8.3810
1220.000000, 93.131, 10.6190
1241.000000, 93.219, 14.0576
1250.000000, 93.256, 15.5442
1265.000000, 93.318, 18.0353
1280.000000, 93.381, 20.5596
1315.000000, 93.530, 26.5819
1320.000000, 93.551, 27.4525
1340.000000, 93.624, 31.0029
1360.000000, 93.675, 34.6217
1380.000000, 93.731, 38.2808
1400.000000, 93.815, 41.9577
1430.000000, 93.954, 47.5658
1450.000000, 94.039, 51.3916
1475.000000, 94.146, 56.2152
1500.000000, 94.262, 60.9768
1525.000000, 94.379, 65.7745
1550.000000, 94.495, 70.6130
1575.000000, 94.612, 75.4644
1600.000000, 94.730, 80.3560
1625.000000, 94.838, 85.2942
1650.000000, 94.942, 90.3155
1675.000000, 95.061, 95.3503
1700.000000, 95.202, 100.3728
1725.000000, 95.338, 105.4207
1750.000000, 95.446, 110.5981
1775.000000, 95.540, 115.8233
1800.000000, 95.649, 121.0400
1825.000000, 95.780, 126.2754
1850.000000, 95.919, 131.4945
1875.000000, 96.040, 136.7952
1900.000000, 96.143, 142.1799
1925.000000, 96.253, 147.5598
1950.000000, 96.383, 152.9247
1975.000000, 96.522, 158.2885
2000.000000, 96.651, 163.6981
2030.000000, 96.776, 170.2718
2060.000000, 96.875, 176.9067
2090.000000, 96.970, -176.3735
2120.000000, 97.078, -169.5690
2140.000000, 97.160, -164.9330
2180.000000, 97.346, -155.3282
2200.000000, 97.458, -150.3565
2240.000000, 97.752, -140.3585
2270.000000, 98.028, -133.2165
2300.000000, 98.307, -126.5575
2330.000000, 98.548, -120.2776
2360.000000, 98.732, -114.1701
2400.000000, 98.907, -105.9928
2430.000000, 99.023, -99.7566
2470.000000, 99.189, -91.3316
2500.000000, 99.315, -84.9832
2540.000000, 99.457, -76.5154
2580.000000, 99.546, -68.0203
2620.000000, 99.581, -59.3567
2650.000000, 99.589, -52.7038
2690.000000, 99.598, -43.6165
2720.000000, 99.614, -36.6395
2760.000000, 99.653, -27.2371
2800.000000, 99.704, -17.7968
2850.000000, 99.745, -5.9063
2900.000000, 99.738, 6.1896
2950.000000, 99.716, 18.4976
3000.000000, 99.696, 30.9645
3040.000000, 99.670, 41.0511
3070.000000, 99.645, 48.6712
3110.000000, 99.613, 58.9328
3150.000000, 99.585, 69.3001
3200.000000, 99.544, 82.4300
3250.000000, 99.476, 95.7412
3300.000000, 99.386, 109.2193
3350.000000, 99.295, 122.8424
3400.000000, 99.207, 136.5900
3450.000000, 99.132, 150.4799
3500.000000, 99.094, 164.4025
3550.000000, 99.088, 178.2082
3600.000000, 99.096, -168.1574
3650.000000, 99.111, -154.6711
3700.000000, 99.123, -141.2670
3750.000000, 99.128, -127.9406
3820.000000, 99.112, -109.3760
3870.000000, 99.078, -96.1034
3950.000000, 99.023, -74.8209
4000.000000, 99.012, -61.5829
4060.000000, 99.010, -45.7955
4120.000000, 99.007, -30.1405
4180.000000, 98.996, -14.5991
4250.000000, 98.965, 3.4584
4310.000000, 98.923, 18.8916
4370.000000, 98.873, 34.2987
4440.000000, 98.820, 52.2057
4500.000000, 98.786, 67.4712
4550.000000, 98.767, 80.1074
4620.000000, 98.739, 97.6705
4680.000000, 98.708, 112.6086
4750.000000, 98.678, 129.8661
4820.000000, 98.653, 146.9586
4870.000000, 98.629, 159.0815
4940.000000, 98.575, 175.9487
5000.000000, 98.513, -169.7025
5080.000000, 98.430, -150.7366
5150.000000, 98.364, -134.2906
5220.000000, 98.292, -117.9542
5300.000000, 98.187, -99.4082
5380.000000, 98.059, -80.9859
5450.000000, 97.941, -64.9666
5520.000000, 97.819, -49.0084
5600.000000, 97.673, -30.8435
5700.000000, 97.454, -8.1941
5800.000000, 97.205, 14.3933
5900.000000, 96.969, 36.9242
6000.000000, 96.762, 59.4075
6080.000000, 96.599, 77.3900
6150.000000, 96.458, 93.1139
6220.000000, 96.319, 108.8300
6300.000000, 96.164, 126.7771
6400.000000, 95.992, 149.1604
6500.000000, 95.862, 171.4409
6600.000000, 95.768, -166.3905
6700.000000, 95.713, -144.3704
6800.000000, 95.717, -122.5510
6900.000000, 95.790, -100.9751
7000.000000, 95.935, -79.7057
7100.000000, 96.142, -58.8175
7200.000000, 96.407, -38.3970
7300.000000, 96.724, -18.5470
7400.000000, 97.099, 0.5912
7500.000000, 97.521, 18.9149
7620.000000, 98.063, 39.6921
7750.000000, 98.640, 60.5312
7880.000000, 99.039, 79.6278
8000.000000, 99.191, 95.9293
8120.000000, 99.105, 111.3864
8250.000000, 98.725, 127.8033
8380.000000, 98.088, 144.4882
8500.000000, 97.327, 160.5740
8620.000000, 96.435, 177.5190
8750.000000, 95.372, -163.1565
8850.000000, 94.530, -147.6311
9000.000000, 93.285, -123.3105
9120.000000, 92.325, -103.0399
9250.000000, 91.342, -80.3940
9380.000000, 90.458, -57.1923
9500.000000, 89.758, -35.3790
9620.000000, 89.177, -13.2490
9750.000000, 88.707, 10.9802
9880.000000, 88.441, 35.2996
10000.000000, 88.404, 57.5048
10150.000000, 88.652, 84.1733
10300.000000, 89.136, 108.8989
10440.000000, 89.642, 130.0808
10600.000000, 90.143, 152.5450
10750.000000, 90.509, 172.6106
10900.000000, 90.808, -167.7970
11060.000000, 91.119, -147.2504
11200.000000, 91.426, -129.5637
11380.000000, 91.909, -107.3468
11500.000000, 92.312, -92.9576
11720.000000, 93.264, -67.7788
11800.000000, 93.680, -59.1493
12060.000000, 95.263, -33.6028
12200.000000, 96.246, -21.8064
12410.000000, 97.811, -7.5416
12500.000000, 98.470, -2.9009
12650.000000, 99.441, 2.8300
12800.000000, 100.100, 6.3772
13150.000000, 99.750, 11.0486
13200.000000, 99.491, 11.9297
13400.000000, 98.109, 17.1492
13600.000000, 96.472, 25.1436
13800.000000, 94.887, 35.3059
14000.000000, 93.498, 46.9105
14300.000000, 91.833, 65.6545
14500.000000, 90.984, 78.3750
14750.000000, 90.194, 93.8806
15000.000000, 89.704, 108.4536
15250.000000, 89.539, 121.7607
15500.000000, 89.739, 133.3281
15750.000000, 90.271, 142.5200
16000.000000, 91.010, 148.9702
16250.000000, 91.799, 152.7029
16500.000000, 92.387, 153.3845
16750.000000, 92.463, 151.9204
17000.000000, 91.850, 149.9849
17250.000000, 90.671, 149.0098
17500.000000, 89.223, 149.7024
17750.000000, 87.767, 151.8381
18000.000000, 86.442, 154.8672
18250.000000, 85.301, 158.2368
18500.000000, 84.377, 161.3179
18750.000000, 83.633, 163.9370
19000.000000, 82.939, 166.5044
19250.000000, 82.090, 169.3530
19500.000000, 80.891, 172.8630
19750.000000, 79.355, 177.2930
20000.000000, 77.603, -177.2285
20300.000000, 75.411, -169.2524
20600.000000, 73.316, -159.8804
20900.000000, 71.248, -148.0420
21200.000000, 69.920, -133.7336
21400.000000, 69.840, -124.9468
21800.000000, 70.448, -112.6616
22000.000000, 70.620, -109.5566
22400.000000, 69.975, -109.3652
22700.000000, 68.309, -110.5522
23000.000000, 65.525, -105.8362
23300.000000, 61.642, -94.9646
23600.000000, 56.977, -97.6038
24000.000000, 51.740, -154.2070
