* Measurement data measured by REW V5.31.3
* Source: Analog 1/2 (2- E2x2), LINE_IN (Master Volume), L, volume: 1.000. Timing signal peak level -33.6 dBFS, measurement signal peak level -33.4 dBFS
* Format: 2M Log Swept Sine, 1 sweep at -19.2 dBFS using an acoustic timing reference
* Dated: Apr 9, 2025 12:31:26 PM
* REW Settings:
*  C-weighting compensation: Off
*  Target level: 85.0 dB
* Note: ; E2x2 Delay -0.1876 ms (-64 mm, -2.53 in) using estimated IR delay relative to Acoustic reference played from SPEAKER R with no timing offset Clock adjustment: -13.7 ppm
* Measurement: Instrument R
* Smoothing: 1/24 octave
* Frequency Step: 1/48 octave
* Start Frequency: 1.000 Hz
*
* Freq(Hz), SPL(dB), Phase(degrees)
1.000000, 50.953, -20.6155
1.015000, 51.500, -22.3220
1.030000, 52.030, -23.9946
1.044000, 52.508, -25.5330
1.060000, 53.028, -27.2722
1.075000, 53.488, -28.8906
1.090000, 53.918, -30.4999
1.106000, 54.348, -32.1926
1.120000, 54.710, -33.6255
1.138000, 55.163, -35.3845
1.150000, 55.459, -36.5073
1.172000, 55.989, -38.4720
1.180000, 56.178, -39.1591
1.206000, 56.778, -41.3038
1.220000, 57.093, -42.4093
1.241000, 57.557, -44.0124
1.250000, 57.752, -44.6817
1.265000, 58.072, -45.7765
1.280000, 58.388, -46.8486
1.315000, 59.106, -49.2794
1.320000, 59.206, -49.6201
1.340000, 59.604, -50.9705
1.360000, 59.996, -52.3049
1.380000, 60.381, -53.6281
1.400000, 60.762, -54.9444
1.430000, 61.325, -56.9138
1.450000, 61.696, -58.2265
1.475000, 62.154, -59.8554
1.500000, 62.600, -61.4335
1.525000, 63.033, -62.9477
1.550000, 63.455, -64.4044
1.575000, 63.865, -65.8125
1.600000, 64.264, -67.1805
1.625000, 64.654, -68.5164
1.650000, 65.035, -69.8275
1.675000, 65.409, -71.1206
1.700000, 65.776, -72.4019
1.725000, 66.136, -73.6768
1.750000, 66.492, -74.9506
1.775000, 66.844, -76.2276
1.800000, 67.192, -77.5116
1.825000, 67.538, -78.8029
1.850000, 67.880, -80.0900
1.875000, 68.215, -81.3556
1.900000, 68.544, -82.5948
1.925000, 68.866, -83.8090
1.950000, 69.182, -85.0008
1.975000, 69.493, -86.1728
2.000000, 69.798, -87.3278
2.030000, 70.158, -88.6954
2.060000, 70.512, -90.0475
2.090000, 70.860, -91.3887
2.120000, 71.203, -92.7235
2.140000, 71.429, -93.6120
2.180000, 71.875, -95.3895
2.200000, 72.096, -96.2778
2.240000, 72.530, -98.0377
2.270000, 72.848, -99.3344
2.300000, 73.160, -100.6104
2.330000, 73.467, -101.8672
2.360000, 73.768, -103.1066
2.400000, 74.162, -104.7358
2.430000, 74.453, -105.9431
2.470000, 74.833, -107.5378
2.500000, 75.115, -108.7257
2.540000, 75.485, -110.3027
2.580000, 75.849, -111.8713
2.620000, 76.206, -113.4216
2.650000, 76.469, -114.5686
2.690000, 76.813, -116.0771
2.720000, 77.066, -117.1937
2.760000, 77.398, -118.6646
2.800000, 77.724, -120.1177
2.850000, 78.124, -121.9136
2.900000, 78.517, -123.6924
2.950000, 78.903, -125.4559
3.000000, 79.280, -127.1961
3.040000, 79.576, -128.5685
3.070000, 79.794, -129.5864
3.110000, 80.081, -130.9297
3.150000, 80.363, -132.2586
3.200000, 80.710, -133.9025
3.250000, 81.050, -135.5309
3.300000, 81.386, -137.1466
3.350000, 81.715, -138.7464
3.400000, 82.038, -140.3259
3.450000, 82.355, -141.8855
3.500000, 82.665, -143.4272
3.550000, 82.970, -144.9540
3.600000, 83.270, -146.4692
3.650000, 83.566, -147.9758
3.700000, 83.856, -149.4737
3.750000, 84.142, -150.9595
3.820000, 84.533, -153.0168
3.870000, 84.806, -154.4707
3.950000, 85.233, -156.7747
4.000000, 85.494, -158.2047
4.060000, 85.802, -159.9145
4.120000, 86.102, -161.6171
4.180000, 86.396, -163.3086
4.250000, 86.731, -165.2638
4.310000, 87.010, -166.9232
4.370000, 87.282, -168.5694
4.440000, 87.592, -170.4814
4.500000, 87.850, -172.1177
4.550000, 88.059, -173.4756
4.620000, 88.345, -175.3595
4.680000, 88.583, -176.9530
4.750000, 88.851, -178.7862
4.820000, 89.110, 179.3958
4.870000, 89.290, 178.1000
4.940000, 89.533, 176.2979
5.000000, 89.734, 174.7751
5.080000, 89.992, 172.7898
5.150000, 90.209, 171.0944
5.220000, 90.417, 169.4192
5.300000, 90.643, 167.5279
5.380000, 90.859, 165.6817
5.450000, 91.041, 164.1195
5.520000, 91.216, 162.6091
5.600000, 91.407, 160.9272
5.700000, 91.633, 158.8869
5.800000, 91.849, 156.9410
5.900000, 92.059, 155.1089
6.000000, 92.260, 153.3741
6.080000, 92.416, 152.0464
6.150000, 92.551, 150.9291
6.220000, 92.688, 149.8558
6.300000, 92.844, 148.6859
6.400000, 93.040, 147.2986
6.500000, 93.237, 145.9668
6.600000, 93.441, 144.6701
6.700000, 93.651, 143.4164
6.800000, 93.867, 142.1953
6.900000, 94.087, 140.9666
7.000000, 94.312, 139.7079
7.100000, 94.542, 138.4313
7.200000, 94.775, 137.1272
7.300000, 95.006, 135.7675
7.400000, 95.234, 134.3408
7.500000, 95.460, 132.8589
7.620000, 95.723, 131.0158
7.750000, 95.990, 128.9260
7.880000, 96.239, 126.7390
8.000000, 96.448, 124.6785
8.120000, 96.633, 122.5934
8.250000, 96.807, 120.2949
8.380000, 96.951, 118.0220
8.500000, 97.058, 115.9805
8.620000, 97.139, 113.9802
8.750000, 97.201, 111.9188
8.850000, 97.232, 110.4402
9.000000, 97.252, 108.3827
9.120000, 97.254, 106.9054
9.250000, 97.246, 105.5126
9.380000, 97.232, 104.3242
9.500000, 97.224, 103.3972
9.620000, 97.226, 102.6398
9.750000, 97.241, 101.9883
9.880000, 97.270, 101.4478
10.000000, 97.311, 101.0215
10.150000, 97.381, 100.5430
10.300000, 97.476, 100.0121
10.440000, 97.586, 99.4353
10.600000, 97.731, 98.6305
10.750000, 97.877, 97.6885
10.900000, 98.027, 96.5828
11.060000, 98.174, 95.2370
11.200000, 98.287, 93.9347
11.380000, 98.406, 92.1711
11.500000, 98.465, 90.9622
11.720000, 98.540, 88.7628
11.800000, 98.557, 87.9937
12.060000, 98.588, 85.6475
12.200000, 98.595, 84.5190
12.410000, 98.606, 82.9971
12.500000, 98.615, 82.4009
12.650000, 98.635, 81.4714
12.800000, 98.666, 80.5833
13.150000, 98.786, 78.4944
13.200000, 98.808, 78.1759
13.400000, 98.900, 76.8241
13.600000, 98.990, 75.3376
13.800000, 99.069, 73.7205
14.000000, 99.123, 72.0269
14.300000, 99.149, 69.4714
14.500000, 99.130, 67.8696
14.750000, 99.076, 66.0950
15.000000, 99.009, 64.6428
15.250000, 98.957, 63.5252
15.500000, 98.937, 62.6659
15.750000, 98.960, 61.9434
16.000000, 99.026, 61.2115
16.250000, 99.121, 60.3580
16.500000, 99.230, 59.3313
16.750000, 99.336, 58.1363
17.000000, 99.428, 56.8282
17.250000, 99.501, 55.4747
17.500000, 99.555, 54.1407
17.750000, 99.596, 52.8687
18.000000, 99.630, 51.6721
18.250000, 99.661, 50.5440
18.500000, 99.692, 49.4649
18.750000, 99.722, 48.4199
19.000000, 99.749, 47.4048
19.250000, 99.772, 46.4303
19.500000, 99.791, 45.5143
19.750000, 99.807, 44.6703
20.000000, 99.828, 43.8989
20.299999, 99.862, 43.0382
20.600000, 99.912, 42.1865
20.900000, 99.973, 41.2726
21.200001, 100.034, 40.2530
21.400000, 100.067, 39.5171
21.799999, 100.104, 37.9843
22.000000, 100.106, 37.2366
22.400000, 100.084, 35.8932
22.700001, 100.062, 35.0623
23.000000, 100.049, 34.3618
23.299999, 100.054, 33.7234
23.600000, 100.076, 33.0640
24.000000, 100.121, 32.0468
24.299999, 100.151, 31.1615
24.700001, 100.170, 29.8727
25.000000, 100.162, 28.8905
25.400000, 100.127, 27.6563
25.799999, 100.071, 26.5868
26.200001, 100.011, 25.7246
26.500000, 99.973, 25.2068
26.900000, 99.945, 24.6271
27.200001, 99.945, 24.2020
27.600000, 99.963, 23.5414
28.000000, 99.983, 22.7297
28.500000, 99.979, 21.6221
29.000000, 99.946, 20.6757
29.500000, 99.930, 19.9878
30.000000, 99.962, 19.3053
30.400000, 100.006, 18.5529
30.700001, 100.029, 17.8522
31.100000, 100.030, 16.8457
31.500000, 99.998, 15.9197
32.000000, 99.948, 15.0082
32.500000, 99.921, 14.2543
33.000000, 99.911, 13.4449
33.500000, 99.891, 12.5563
34.000000, 99.856, 11.7222
34.500000, 99.827, 10.9894
35.000000, 99.813, 10.2447
35.500000, 99.800, 9.3962
36.000000, 99.766, 8.5098
36.500000, 99.716, 7.7177
37.000000, 99.672, 7.0500
37.500000, 99.643, 6.4157
38.200001, 99.614, 5.4365
38.700001, 99.586, 4.7040
39.500000, 99.533, 3.6286
40.000000, 99.507, 3.0115
40.599998, 99.485, 2.2477
41.200001, 99.456, 1.4332
41.799999, 99.411, 0.6525
42.500000, 99.353, -0.0839
43.099998, 99.323, -0.6186
43.700001, 99.311, -1.2225
44.400002, 99.289, -2.0789
45.000000, 99.251, -2.8228
45.500000, 99.214, -3.3779
46.200001, 99.171, -4.0855
46.799999, 99.143, -4.7048
47.500000, 99.105, -5.4510
48.200001, 99.060, -6.1368
48.700001, 99.027, -6.5599
49.400002, 98.987, -7.0920
50.000000, 98.955, -7.5436
50.799999, 98.904, -8.1620
51.500000, 98.844, -8.6692
52.200001, 98.780, -9.1234
53.000000, 98.715, -9.6937
53.799999, 98.641, -10.4493
54.500000, 98.551, -11.1516
55.200001, 98.457, -11.6894
56.000000, 98.395, -12.1725
57.000000, 98.368, -13.0215
58.000000, 98.315, -13.8622
59.000000, 98.283, -14.3017
60.000000, 98.264, -14.7933
60.799999, 98.202, -15.2106
61.500000, 98.109, -15.4836
62.200001, 97.980, -15.5985
63.000000, 97.818, -15.3683
64.000000, 97.712, -14.9787
65.000000, 97.657, -15.5781
66.000000, 97.515, -16.4954
67.000000, 97.429, -16.8391
68.000000, 97.504, -17.4851
69.000000, 97.613, -19.1426
70.000000, 97.598, -21.5015
71.000000, 97.387, -23.5577
72.000000, 97.080, -24.3878
73.000000, 96.851, -24.2055
74.000000, 96.757, -23.8907
75.000000, 96.752, -23.8878
76.199997, 96.798, -24.2296
77.500000, 96.846, -24.7107
78.800003, 96.839, -24.8561
80.000000, 96.789, -24.4846
81.199997, 96.728, -23.9070
82.500000, 96.632, -23.6179
83.800003, 96.489, -23.6471
85.000000, 96.357, -23.8427
86.199997, 96.253, -24.1764
87.500000, 96.163, -24.6025
88.500000, 96.104, -24.8610
90.000000, 96.003, -25.1503
91.199997, 95.912, -25.2365
92.500000, 95.808, -25.4170
93.800003, 95.695, -25.6178
95.000000, 95.608, -25.8382
96.199997, 95.533, -26.0633
97.500000, 95.465, -26.2668
98.800003, 95.395, -26.4481
100.000000, 95.316, -26.5405
101.500000, 95.212, -26.5438
103.000000, 95.115, -26.5625
104.400002, 95.027, -26.6215
106.000000, 94.931, -26.6534
107.500000, 94.841, -26.6702
109.000000, 94.746, -26.6471
110.599998, 94.645, -26.6639
112.000000, 94.553, -26.7284
113.800003, 94.439, -26.7286
115.000000, 94.370, -26.6809
117.199997, 94.268, -26.4794
118.000000, 94.234, -26.4749
120.599998, 94.070, -26.5585
122.000000, 93.966, -26.4913
124.099998, 93.834, -26.2725
125.000000, 93.786, -26.2205
126.500000, 93.709, -26.1746
128.000000, 93.636, -26.1172
131.500000, 93.495, -25.8955
132.000000, 93.476, -25.8358
134.000000, 93.394, -25.4518
136.000000, 93.302, -24.8548
138.000000, 93.201, -24.2944
140.000000, 93.088, -24.0800
143.000000, 92.906, -24.1750
145.000000, 92.820, -24.0403
147.500000, 92.777, -23.5539
150.000000, 92.722, -23.0439
152.500000, 92.637, -22.5060
155.000000, 92.538, -22.1947
157.500000, 92.429, -21.9785
160.000000, 92.329, -21.5969
162.500000, 92.256, -21.1187
165.000000, 92.177, -20.6628
167.500000, 92.086, -20.2115
170.000000, 92.000, -19.7634
172.500000, 91.933, -19.3516
175.000000, 91.873, -19.0278
177.500000, 91.803, -18.6711
180.000000, 91.716, -18.1140
182.500000, 91.610, -17.4008
185.000000, 91.498, -16.6896
187.500000, 91.433, -16.2393
190.000000, 91.391, -16.0992
192.500000, 91.338, -15.7568
195.000000, 91.277, -15.1780
197.500000, 91.211, -14.6033
200.000000, 91.143, -13.9795
203.000000, 91.075, -13.0625
206.000000, 91.022, -12.0449
209.000000, 90.998, -11.1383
212.000000, 91.009, -10.5584
214.000000, 91.017, -10.2797
218.000000, 91.003, -9.6329
220.000000, 90.974, -9.2896
224.000000, 90.916, -8.6996
227.000000, 90.883, -8.2441
230.000000, 90.852, -7.7069
233.000000, 90.807, -7.1667
236.000000, 90.756, -6.6081
240.000000, 90.703, -5.8417
243.000000, 90.671, -5.2692
247.000000, 90.622, -4.4883
250.000000, 90.593, -3.8824
254.000000, 90.560, -3.0824
258.000000, 90.527, -2.2683
262.000000, 90.517, -1.5272
265.000000, 90.510, -1.0114
269.000000, 90.478, -0.2599
272.000000, 90.445, 0.3019
276.000000, 90.413, 1.0291
280.000000, 90.393, 1.8470
285.000000, 90.383, 2.8112
290.000000, 90.364, 3.5946
295.000000, 90.347, 4.6578
300.000000, 90.350, 5.5855
304.000000, 90.340, 6.2377
307.000000, 90.334, 6.7390
311.000000, 90.337, 7.3638
315.000000, 90.334, 7.9725
320.000000, 90.328, 8.8090
325.000000, 90.326, 9.6517
330.000000, 90.312, 10.3467
335.000000, 90.307, 11.2667
340.000000, 90.315, 12.1240
345.000000, 90.322, 12.8406
350.000000, 90.334, 13.5672
355.000000, 90.340, 14.3771
360.000000, 90.339, 15.2220
365.000000, 90.325, 15.9362
370.000000, 90.313, 16.4457
375.000000, 90.322, 17.2196
382.000000, 90.334, 18.4474
387.000000, 90.343, 19.2185
395.000000, 90.353, 20.3676
400.000000, 90.359, 21.0430
406.000000, 90.372, 21.8482
412.000000, 90.371, 22.6888
418.000000, 90.359, 23.6074
425.000000, 90.362, 24.6050
431.000000, 90.362, 25.4189
437.000000, 90.368, 26.2367
444.000000, 90.397, 27.0931
450.000000, 90.412, 27.8724
455.000000, 90.419, 28.5804
462.000000, 90.423, 29.5656
468.000000, 90.428, 30.3749
475.000000, 90.439, 31.3152
482.000000, 90.456, 32.1588
487.000000, 90.471, 32.7694
494.000000, 90.487, 33.6669
500.000000, 90.501, 34.4591
508.000000, 90.520, 35.5114
515.000000, 90.529, 36.3856
522.000000, 90.534, 37.2219
530.000000, 90.538, 38.2234
538.000000, 90.538, 39.3427
545.000000, 90.543, 40.2907
552.000000, 90.557, 41.1146
560.000000, 90.594, 42.0397
570.000000, 90.635, 43.2067
580.000000, 90.646, 44.5347
590.000000, 90.639, 45.9197
600.000000, 90.644, 47.1933
608.000000, 90.667, 48.1671
615.000000, 90.694, 49.0051
622.000000, 90.718, 49.8353
630.000000, 90.738, 50.8197
640.000000, 90.748, 52.1099
650.000000, 90.743, 53.4176
660.000000, 90.754, 54.7152
670.000000, 90.775, 55.9498
680.000000, 90.784, 57.1977
690.000000, 90.795, 58.5468
700.000000, 90.812, 59.8470
710.000000, 90.834, 61.0325
720.000000, 90.857, 62.2903
730.000000, 90.871, 63.6089
740.000000, 90.875, 64.9185
750.000000, 90.882, 66.2411
762.000000, 90.899, 67.8605
775.000000, 90.921, 69.5951
788.000000, 90.954, 71.2814
800.000000, 90.987, 72.8656
812.000000, 91.021, 74.4344
825.000000, 91.054, 76.1475
838.000000, 91.088, 77.8433
850.000000, 91.113, 79.4158
862.000000, 91.136, 81.0269
875.000000, 91.169, 82.7533
885.000000, 91.196, 84.0159
900.000000, 91.244, 85.9665
912.000000, 91.281, 87.5635
925.000000, 91.318, 89.2231
938.000000, 91.356, 90.9042
950.000000, 91.393, 92.4736
962.000000, 91.431, 93.9940
975.000000, 91.475, 95.6118
988.000000, 91.517, 97.2481
1000.000000, 91.552, 98.7784
1015.000000, 91.596, 100.6687
1030.000000, 91.641, 102.5323
1044.000000, 91.685, 104.2670
1060.000000, 91.732, 106.2493
1075.000000, 91.773, 108.1077
1090.000000, 91.819, 109.9543
1106.000000, 91.876, 111.9066
1120.000000, 91.928, 113.6365
1138.000000, 91.995, 115.8810
1150.000000, 92.041, 117.3589
1172.000000, 92.122, 120.0724
1180.000000, 92.147, 121.0822
1206.000000, 92.218, 124.4238
1220.000000, 92.258, 126.2423
1241.000000, 92.333, 129.0366
1250.000000, 92.371, 130.2632
1265.000000, 92.439, 132.3721
1280.000000, 92.518, 134.5676
1315.000000, 92.775, 139.5685
1320.000000, 92.818, 140.2179
1340.000000, 92.977, 142.6372
1360.000000, 93.087, 144.9582
1380.000000, 93.170, 147.2649
1400.000000, 93.256, 149.6110
1430.000000, 93.407, 153.1968
1450.000000, 93.518, 155.5995
1475.000000, 93.655, 158.6707
1500.000000, 93.788, 161.7374
1525.000000, 93.918, 164.8027
1550.000000, 94.042, 167.8762
1575.000000, 94.171, 170.9326
1600.000000, 94.308, 173.9221
1625.000000, 94.443, 176.9464
1650.000000, 94.575, 179.9531
1675.000000, 94.712, -177.0289
1700.000000, 94.856, -173.9914
1725.000000, 95.011, -170.9595
1750.000000, 95.174, -167.9665
1775.000000, 95.339, -165.0986
1800.000000, 95.501, -162.3740
1825.000000, 95.655, -159.7307
1850.000000, 95.797, -157.1032
1875.000000, 95.930, -154.4619
1900.000000, 96.061, -151.8479
1925.000000, 96.186, -149.2364
1950.000000, 96.304, -146.5969
1975.000000, 96.422, -143.9767
2000.000000, 96.545, -141.3683
2030.000000, 96.695, -138.2381
2060.000000, 96.845, -135.1808
2090.000000, 96.981, -132.2104
2120.000000, 97.090, -129.2574
2140.000000, 97.148, -127.2586
2180.000000, 97.247, -123.1215
2200.000000, 97.298, -120.9935
2240.000000, 97.426, -116.6828
2270.000000, 97.550, -113.5358
2300.000000, 97.681, -110.5603
2330.000000, 97.811, -107.7158
2360.000000, 97.954, -104.9085
2400.000000, 98.182, -101.4940
2430.000000, 98.363, -99.4650
2470.000000, 98.551, -97.3570
2500.000000, 98.630, -95.9444
2540.000000, 98.671, -93.9637
2580.000000, 98.683, -91.8634
2620.000000, 98.690, -89.7426
2650.000000, 98.684, -88.1783
2690.000000, 98.641, -86.0167
2720.000000, 98.590, -84.2135
2760.000000, 98.524, -81.4780
2800.000000, 98.495, -78.4623
2850.000000, 98.516, -74.6288
2900.000000, 98.557, -71.0300
2950.000000, 98.580, -67.6270
3000.000000, 98.574, -64.0449
3040.000000, 98.575, -60.8987
3070.000000, 98.597, -58.3645
3110.000000, 98.672, -54.9123
3150.000000, 98.799, -51.7073
3200.000000, 98.997, -48.2922
3250.000000, 99.172, -45.3408
3300.000000, 99.300, -42.5772
3350.000000, 99.405, -39.9060
3400.000000, 99.488, -37.2684
3450.000000, 99.550, -34.6127
3500.000000, 99.616, -31.9621
3550.000000, 99.674, -29.2193
3600.000000, 99.710, -26.3438
3650.000000, 99.739, -23.4023
3700.000000, 99.773, -20.4534
3750.000000, 99.815, -17.5313
3820.000000, 99.894, -13.5803
3870.000000, 99.951, -10.8366
3950.000000, 100.026, -6.5003
4000.000000, 100.063, -3.7970
4060.000000, 100.087, -0.5144
4120.000000, 100.096, 2.8052
4180.000000, 100.102, 6.1474
4250.000000, 100.112, 10.0598
4310.000000, 100.120, 13.4090
4370.000000, 100.130, 16.7298
4440.000000, 100.154, 20.5495
4500.000000, 100.191, 23.7541
4550.000000, 100.225, 26.3512
4620.000000, 100.241, 29.9398
4680.000000, 100.225, 32.9509
4750.000000, 100.190, 36.4164
4820.000000, 100.158, 39.8229
4870.000000, 100.142, 42.2390
4940.000000, 100.119, 45.6186
5000.000000, 100.096, 48.5045
5080.000000, 100.040, 52.3654
5150.000000, 99.971, 55.7371
5220.000000, 99.886, 59.1137
5300.000000, 99.769, 63.0098
5380.000000, 99.654, 66.9051
5450.000000, 99.553, 70.3288
5520.000000, 99.444, 73.7754
5600.000000, 99.306, 77.7641
5700.000000, 99.120, 82.8560
5800.000000, 98.929, 88.0892
5900.000000, 98.721, 93.5112
6000.000000, 98.508, 99.1103
6080.000000, 98.334, 103.7185
6150.000000, 98.186, 107.8414
6220.000000, 98.053, 112.0372
6300.000000, 97.920, 116.9262
6400.000000, 97.777, 123.1691
6500.000000, 97.656, 129.5485
6600.000000, 97.565, 136.0470
6700.000000, 97.518, 142.6192
6800.000000, 97.523, 149.2180
6900.000000, 97.592, 155.8010
7000.000000, 97.738, 162.3113
7100.000000, 97.965, 168.6755
7200.000000, 98.265, 174.8055
7300.000000, 98.630, -179.4265
7400.000000, 99.060, -174.1978
7500.000000, 99.545, -169.6718
7620.000000, 100.175, -165.4045
7750.000000, 100.848, -162.4956
7880.000000, 101.319, -161.4901
8000.000000, 101.479, -161.9528
8120.000000, 101.322, -163.0993
8250.000000, 100.775, -164.0944
8380.000000, 99.889, -163.8575
8500.000000, 98.865, -162.0178
8620.000000, 97.730, -158.4812
8750.000000, 96.443, -152.8097
8850.000000, 95.458, -147.2459
9000.000000, 94.065, -137.0566
9120.000000, 93.074, -127.3306
9250.000000, 92.195, -115.2883
9380.000000, 91.611, -102.1020
9500.000000, 91.400, -89.8355
9620.000000, 91.482, -78.5669
9750.000000, 91.760, -68.2030
9880.000000, 92.063, -59.6795
10000.000000, 92.265, -52.9055
10150.000000, 92.375, -45.0646
10300.000000, 92.349, -37.2412
10440.000000, 92.246, -29.6111
10600.000000, 92.108, -20.3796
10750.000000, 92.012, -11.2581
10900.000000, 91.967, -1.7670
11060.000000, 91.991, 8.6382
11200.000000, 92.093, 17.8612
11380.000000, 92.363, 29.6865
11500.000000, 92.635, 37.4506
11720.000000, 93.344, 51.1846
11800.000000, 93.668, 55.9478
12060.000000, 94.981, 70.0606
12200.000000, 95.869, 76.3393
12410.000000, 97.403, 82.9540
12500.000000, 98.097, 84.3857
12650.000000, 99.187, 84.4928
12800.000000, 100.021, 81.7435
13150.000000, 99.955, 69.9977
13200.000000, 99.696, 68.6249
13400.000000, 98.230, 65.7788
13600.000000, 96.456, 67.6576
13800.000000, 94.758, 73.4038
14000.000000, 93.291, 81.7003
14300.000000, 91.547, 96.8274
14500.000000, 90.687, 107.8430
14750.000000, 89.906, 122.0680
15000.000000, 89.425, 136.4260
15250.000000, 89.270, 150.3057
15500.000000, 89.442, 162.9756
15750.000000, 89.889, 174.0242
16000.000000, 90.521, -176.9871
16250.000000, 91.202, -170.6519
16500.000000, 91.748, -167.2852
16750.000000, 91.938, -166.3798
17000.000000, 91.619, -166.5249
17250.000000, 90.810, -166.0399
17500.000000, 89.683, -163.7421
17750.000000, 88.464, -159.4352
18000.000000, 87.309, -153.9011
18250.000000, 86.259, -148.1293
18500.000000, 85.293, -142.7153
18750.000000, 84.400, -137.7075
19000.000000, 83.500, -132.6714
19250.000000, 82.385, -126.9767
19500.000000, 80.852, -120.0825
19750.000000, 78.872, -111.3668
20000.000000, 76.517, -99.4794
20300.000000, 73.620, -79.3290
20600.000000, 71.446, -56.0978
20900.000000, 69.907, -34.0914
21200.000000, 68.597, -12.7324
21400.000000, 67.839, 1.4916
21800.000000, 66.678, 27.3218
22000.000000, 66.150, 37.2783
22400.000000, 64.519, 49.2724
22700.000000, 62.335, 51.4678
23000.000000, 59.139, 46.5347
23300.000000, 54.890, 27.1271
23600.000000, 49.890, -24.8536
24000.000000, 44.583, -72.9891
