* Measurement data measured by REW V5.31.3
* Source: Analog 1/2 (2- E2x2), LINE_IN (Master Volume), L, volume: 1.000. Timing signal peak level -29.6 dBFS, measurement signal peak level -29.9 dBFS
* Format: 2M Log Swept Sine, 1 sweep at -19.2 dBFS using an acoustic timing reference
* Dated: Apr 9, 2025 12:42:36 PM
* REW Settings:
*  C-weighting compensation: Off
*  Target level: 85.0 dB
* Note: ; E2x2 Delay -0.1903 ms (-65 mm, -2.57 in) using estimated IR delay relative to Acoustic reference played from SPEAKER L with no timing offset Clock adjustment: 10.7 ppm
* Measurement: No EQ L
* Smoothing: 1/24 octave
* Frequency Step: 1/48 octave
* Start Frequency: 1.000 Hz
*
* Freq(Hz), SPL(dB), Phase(degrees)
1.000000, 55.052, 12.5552
1.015000, 55.167, 10.9040
1.030000, 55.286, 9.2260
1.044000, 55.401, 7.6326
1.060000, 55.539, 5.7754
1.075000, 55.676, 3.9958
1.090000, 55.819, 2.1760
1.106000, 55.980, 0.1929
1.120000, 56.124, -1.5674
1.138000, 56.314, -3.8516
1.150000, 56.444, -5.3827
1.172000, 56.686, -8.1975
1.180000, 56.775, -9.2214
1.206000, 57.072, -12.5411
1.220000, 57.234, -14.3194
1.241000, 57.483, -16.9687
1.250000, 57.591, -18.0963
1.265000, 57.772, -19.9637
1.280000, 57.956, -21.8151
1.315000, 58.393, -26.0681
1.320000, 58.456, -26.6677
1.340000, 58.711, -29.0464
1.360000, 58.969, -31.3932
1.380000, 59.230, -33.7091
1.400000, 59.493, -35.9953
1.430000, 59.893, -39.3724
1.450000, 60.161, -41.5905
1.475000, 60.502, -44.3170
1.500000, 60.851, -46.9615
1.525000, 61.209, -49.5078
1.550000, 61.576, -51.9561
1.575000, 61.949, -54.3107
1.600000, 62.328, -56.5780
1.625000, 62.710, -58.7651
1.650000, 63.095, -60.8800
1.675000, 63.481, -62.9305
1.700000, 63.866, -64.9247
1.725000, 64.249, -66.8700
1.750000, 64.628, -68.7737
1.775000, 65.002, -70.6423
1.800000, 65.369, -72.4815
1.825000, 65.729, -74.2935
1.850000, 66.083, -76.0675
1.875000, 66.435, -77.7866
1.900000, 66.784, -79.4468
1.925000, 67.131, -81.0512
1.950000, 67.476, -82.6040
1.975000, 67.818, -84.1100
2.000000, 68.157, -85.5737
2.030000, 68.561, -87.2811
2.060000, 68.959, -88.9423
2.090000, 69.352, -90.5645
2.120000, 69.739, -92.1549
2.140000, 69.993, -93.2006
2.180000, 70.494, -95.2634
2.200000, 70.740, -96.2800
2.240000, 71.223, -98.2662
2.270000, 71.578, -99.7066
2.300000, 71.928, -101.1064
2.330000, 72.272, -102.4695
2.360000, 72.610, -103.7997
2.400000, 73.053, -105.5294
2.430000, 73.380, -106.7987
2.470000, 73.808, -108.4613
2.500000, 74.124, -109.6906
2.540000, 74.538, -111.3115
2.580000, 74.945, -112.9112
2.620000, 75.343, -114.4771
2.650000, 75.635, -115.6257
2.690000, 76.018, -117.1247
2.720000, 76.299, -118.2268
2.760000, 76.668, -119.6704
2.800000, 77.029, -121.0887
2.850000, 77.471, -122.8335
2.900000, 77.904, -124.5550
2.950000, 78.328, -126.2562
3.000000, 78.741, -127.9276
3.040000, 79.064, -129.2398
3.070000, 79.301, -130.2100
3.110000, 79.613, -131.4863
3.150000, 79.918, -132.7448
3.200000, 80.292, -134.2969
3.250000, 80.659, -135.8300
3.300000, 81.018, -137.3481
3.350000, 81.369, -138.8497
3.400000, 81.711, -140.3309
3.450000, 82.045, -141.7908
3.500000, 82.372, -143.2303
3.550000, 82.691, -144.6512
3.600000, 83.004, -146.0559
3.650000, 83.310, -147.4472
3.700000, 83.610, -148.8270
3.750000, 83.904, -150.1947
3.820000, 84.303, -152.0860
3.870000, 84.580, -153.4189
3.950000, 85.012, -155.5208
4.000000, 85.274, -156.8171
4.060000, 85.583, -158.3591
4.120000, 85.882, -159.8896
4.180000, 86.174, -161.4065
4.250000, 86.504, -163.1543
4.310000, 86.779, -164.6313
4.370000, 87.048, -166.0890
4.440000, 87.352, -167.7715
4.500000, 87.605, -169.2038
4.550000, 87.811, -170.3886
4.620000, 88.090, -172.0287
4.680000, 88.323, -173.4132
4.750000, 88.587, -175.0025
4.820000, 88.843, -176.5716
4.870000, 89.021, -177.6849
4.940000, 89.262, -179.2293
5.000000, 89.462, 179.4656
5.080000, 89.721, 177.7593
5.150000, 89.940, 176.2976
5.220000, 90.152, 174.8547
5.300000, 90.385, 173.2267
5.380000, 90.609, 171.6303
5.450000, 90.800, 170.2667
5.520000, 90.985, 168.9342
5.600000, 91.188, 167.4393
5.700000, 91.433, 165.6099
5.800000, 91.668, 163.8354
5.900000, 91.895, 162.1225
6.000000, 92.114, 160.4601
6.080000, 92.283, 159.1629
6.150000, 92.428, 158.0532
6.220000, 92.571, 156.9682
6.300000, 92.732, 155.7574
6.400000, 92.928, 154.2817
6.500000, 93.120, 152.8416
6.600000, 93.310, 151.4326
6.700000, 93.497, 150.0540
6.800000, 93.681, 148.7014
6.900000, 93.863, 147.3658
7.000000, 94.042, 146.0410
7.100000, 94.219, 144.7268
7.200000, 94.393, 143.4215
7.300000, 94.563, 142.1200
7.400000, 94.729, 140.8174
7.500000, 94.891, 139.5145
7.620000, 95.078, 137.9572
7.750000, 95.272, 136.2782
7.880000, 95.454, 134.6034
8.000000, 95.614, 133.0784
8.120000, 95.763, 131.5844
8.250000, 95.913, 129.9953
8.380000, 96.054, 128.4569
8.500000, 96.176, 127.0968
8.620000, 96.292, 125.7892
8.750000, 96.412, 124.4379
8.850000, 96.504, 123.4517
9.000000, 96.641, 122.0518
9.120000, 96.753, 120.9840
9.250000, 96.880, 119.8741
9.380000, 97.013, 118.8023
9.500000, 97.143, 117.8148
9.620000, 97.280, 116.8152
9.750000, 97.435, 115.7116
9.880000, 97.585, 114.5542
10.000000, 97.716, 113.4229
10.150000, 97.868, 111.9279
10.300000, 98.004, 110.3320
10.440000, 98.115, 108.7490
10.600000, 98.222, 106.8699
10.750000, 98.300, 105.0587
10.900000, 98.355, 103.2311
11.060000, 98.383, 101.3360
11.200000, 98.383, 99.7406
11.380000, 98.353, 97.8612
11.500000, 98.318, 96.7415
11.720000, 98.238, 94.9947
11.800000, 98.210, 94.4765
12.060000, 98.140, 93.1823
12.200000, 98.131, 92.6912
12.410000, 98.163, 92.1190
12.500000, 98.195, 91.8847
12.650000, 98.274, 91.4759
12.800000, 98.376, 90.9796
13.150000, 98.666, 89.2551
13.200000, 98.709, 88.9382
13.400000, 98.867, 87.5052
13.600000, 98.996, 85.8874
13.800000, 99.085, 84.1719
14.000000, 99.130, 82.4958
14.300000, 99.129, 80.2664
14.500000, 99.104, 79.0927
14.750000, 99.079, 78.0004
15.000000, 99.093, 77.2455
15.250000, 99.171, 76.6248
15.500000, 99.305, 75.9055
15.750000, 99.471, 74.9248
16.000000, 99.634, 73.6192
16.250000, 99.765, 72.0646
16.500000, 99.847, 70.4013
16.750000, 99.878, 68.8073
17.000000, 99.872, 67.4360
17.250000, 99.852, 66.3665
17.500000, 99.845, 65.5957
17.750000, 99.871, 65.0190
18.000000, 99.938, 64.4865
18.250000, 100.037, 63.8505
18.500000, 100.151, 63.0186
18.750000, 100.258, 61.9829
19.000000, 100.342, 60.7968
19.250000, 100.394, 59.5625
19.500000, 100.415, 58.3812
19.750000, 100.414, 57.3304
20.000000, 100.403, 56.4484
20.299999, 100.396, 55.5937
20.600000, 100.407, 54.8820
20.900000, 100.439, 54.2104
21.200001, 100.484, 53.5061
21.400000, 100.515, 53.0083
21.799999, 100.573, 51.9773
22.000000, 100.599, 51.4661
22.400000, 100.654, 50.4790
22.700001, 100.704, 49.7433
23.000000, 100.763, 48.9572
23.299999, 100.825, 48.0735
23.600000, 100.878, 47.0792
24.000000, 100.914, 45.6541
24.299999, 100.910, 44.6204
24.700001, 100.871, 43.4659
25.000000, 100.835, 42.8367
25.400000, 100.812, 42.2740
25.799999, 100.836, 41.8310
26.200001, 100.898, 41.2693
26.500000, 100.949, 40.7060
26.900000, 101.000, 39.8285
27.200001, 101.018, 39.1741
27.600000, 101.028, 38.4302
28.000000, 101.047, 37.8455
28.500000, 101.106, 37.1415
29.000000, 101.181, 36.2134
29.500000, 101.224, 35.0770
30.000000, 101.216, 34.0056
30.400000, 101.194, 33.3398
30.700001, 101.183, 32.9460
31.100000, 101.185, 32.4772
31.500000, 101.203, 31.9725
32.000000, 101.226, 31.2292
32.500000, 101.233, 30.4298
33.000000, 101.226, 29.6841
33.500000, 101.217, 29.0358
34.000000, 101.217, 28.4594
34.500000, 101.230, 27.9041
35.000000, 101.254, 27.3173
35.500000, 101.280, 26.6658
36.000000, 101.300, 25.9604
36.500000, 101.309, 25.2540
37.000000, 101.310, 24.5971
37.500000, 101.310, 24.0007
38.200001, 101.313, 23.2265
38.700001, 101.317, 22.6965
39.500000, 101.325, 21.8845
40.000000, 101.333, 21.3864
40.599998, 101.342, 20.7826
41.200001, 101.348, 20.1832
41.799999, 101.353, 19.6008
42.500000, 101.358, 18.9312
43.099998, 101.360, 18.3740
43.700001, 101.360, 17.8679
44.400002, 101.372, 17.3136
45.000000, 101.390, 16.7655
45.500000, 101.395, 16.2424
46.200001, 101.376, 15.5663
46.799999, 101.353, 15.1684
47.500000, 101.354, 14.8137
48.200001, 101.375, 14.3572
48.700001, 101.385, 13.9590
49.400002, 101.390, 13.3772
50.000000, 101.388, 12.8727
50.799999, 101.370, 12.2421
51.500000, 101.352, 11.8424
52.200001, 101.360, 11.5166
53.000000, 101.394, 10.9839
53.799999, 101.419, 10.2725
54.500000, 101.426, 9.5968
55.200001, 101.413, 8.9109
56.000000, 101.368, 8.3088
57.000000, 101.335, 7.9879
58.000000, 101.363, 7.4467
59.000000, 101.325, 6.4728
60.000000, 101.202, 5.8123
60.799999, 101.102, 5.6858
61.500000, 101.049, 5.7965
62.200001, 101.053, 5.9313
63.000000, 101.125, 5.7443
64.000000, 101.227, 4.7762
65.000000, 101.282, 3.4990
66.000000, 101.309, 2.2424
67.000000, 101.307, 1.1713
68.000000, 101.299, 0.4446
69.000000, 101.293, -0.1086
70.000000, 101.266, -0.4912
71.000000, 101.226, -0.6440
72.000000, 101.188, -0.6107
73.000000, 101.169, -0.5537
74.000000, 101.151, -0.6484
75.000000, 101.121, -0.7754
76.199997, 101.097, -0.9379
77.500000, 101.071, -1.3156
78.800003, 101.027, -1.7195
80.000000, 100.990, -2.1003
81.199997, 100.951, -2.5286
82.500000, 100.911, -2.9250
83.800003, 100.894, -3.2883
85.000000, 100.890, -3.6738
86.199997, 100.882, -4.0841
87.500000, 100.858, -4.4792
88.500000, 100.834, -4.7203
90.000000, 100.798, -5.0684
91.199997, 100.769, -5.3307
92.500000, 100.752, -5.6526
93.800003, 100.731, -6.0651
95.000000, 100.707, -6.3832
96.199997, 100.685, -6.6418
97.500000, 100.660, -6.9067
98.800003, 100.626, -7.1785
100.000000, 100.590, -7.4188
101.500000, 100.545, -7.7299
103.000000, 100.504, -8.0734
104.400002, 100.475, -8.3657
106.000000, 100.452, -8.7325
107.500000, 100.432, -9.0060
109.000000, 100.412, -9.3138
110.599998, 100.378, -9.5728
112.000000, 100.348, -9.7804
113.800003, 100.304, -9.9607
115.000000, 100.278, -10.0425
117.199997, 100.233, -10.2164
118.000000, 100.216, -10.3483
120.599998, 100.125, -10.9752
122.000000, 100.083, -11.3024
124.099998, 100.040, -11.7646
125.000000, 100.030, -11.8843
126.500000, 100.020, -12.0228
128.000000, 99.998, -12.1489
131.500000, 99.880, -12.3596
132.000000, 99.862, -12.3984
134.000000, 99.798, -12.5729
136.000000, 99.746, -12.7020
138.000000, 99.699, -12.7715
140.000000, 99.651, -12.7985
143.000000, 99.601, -13.0008
145.000000, 99.572, -13.2539
147.500000, 99.521, -13.5369
150.000000, 99.458, -13.7292
152.500000, 99.399, -13.8228
155.000000, 99.346, -13.8073
157.500000, 99.289, -13.7188
160.000000, 99.221, -13.7376
162.500000, 99.150, -13.8756
165.000000, 99.090, -14.0211
167.500000, 99.046, -14.0836
170.000000, 99.013, -14.1540
172.500000, 98.956, -14.2634
175.000000, 98.881, -14.1721
177.500000, 98.806, -14.0042
180.000000, 98.728, -13.8351
182.500000, 98.657, -13.6987
185.000000, 98.589, -13.5658
187.500000, 98.517, -13.2694
190.000000, 98.472, -12.8389
192.500000, 98.455, -12.6526
195.000000, 98.445, -12.5873
197.500000, 98.439, -12.5663
200.000000, 98.419, -12.5545
203.000000, 98.378, -12.5052
206.000000, 98.331, -12.4716
209.000000, 98.275, -12.4216
212.000000, 98.224, -12.3100
214.000000, 98.193, -12.2444
218.000000, 98.120, -12.1104
220.000000, 98.076, -12.0070
224.000000, 97.991, -11.7533
227.000000, 97.938, -11.5989
230.000000, 97.895, -11.4146
233.000000, 97.849, -11.1837
236.000000, 97.794, -10.9053
240.000000, 97.723, -10.5889
243.000000, 97.677, -10.3861
247.000000, 97.623, -10.0587
250.000000, 97.579, -9.7571
254.000000, 97.513, -9.3687
258.000000, 97.449, -9.0836
262.000000, 97.387, -8.8220
265.000000, 97.346, -8.5634
269.000000, 97.302, -8.1675
272.000000, 97.265, -7.8831
276.000000, 97.211, -7.4872
280.000000, 97.159, -7.0165
285.000000, 97.085, -6.4337
290.000000, 97.008, -5.8979
295.000000, 96.949, -5.3442
300.000000, 96.901, -4.7822
304.000000, 96.863, -4.3633
307.000000, 96.831, -4.0278
311.000000, 96.778, -3.5500
315.000000, 96.720, -3.1019
320.000000, 96.661, -2.5547
325.000000, 96.622, -1.9514
330.000000, 96.596, -1.3536
335.000000, 96.538, -0.7051
340.000000, 96.478, -0.0883
345.000000, 96.425, 0.5291
350.000000, 96.378, 1.1985
355.000000, 96.325, 1.8891
360.000000, 96.274, 2.5226
365.000000, 96.228, 3.1179
370.000000, 96.186, 3.7371
375.000000, 96.149, 4.4463
382.000000, 96.097, 5.4346
387.000000, 96.060, 6.0709
395.000000, 95.994, 7.0861
400.000000, 95.946, 7.8074
406.000000, 95.891, 8.7197
412.000000, 95.839, 9.6033
418.000000, 95.790, 10.4224
425.000000, 95.739, 11.3844
431.000000, 95.703, 12.2624
437.000000, 95.665, 13.1273
444.000000, 95.616, 14.1264
450.000000, 95.579, 14.9976
455.000000, 95.548, 15.7755
462.000000, 95.505, 16.8840
468.000000, 95.466, 17.7736
475.000000, 95.424, 18.7639
482.000000, 95.386, 19.8190
487.000000, 95.364, 20.6371
494.000000, 95.349, 21.7612
500.000000, 95.338, 22.6272
508.000000, 95.309, 23.7900
515.000000, 95.278, 24.9282
522.000000, 95.242, 26.1376
530.000000, 95.194, 27.4508
538.000000, 95.160, 28.6869
545.000000, 95.142, 29.7621
552.000000, 95.127, 30.9129
560.000000, 95.113, 32.2214
570.000000, 95.102, 33.8289
580.000000, 95.085, 35.4290
590.000000, 95.066, 37.1064
600.000000, 95.041, 38.8153
608.000000, 95.024, 40.1571
615.000000, 95.015, 41.3364
622.000000, 95.008, 42.5235
630.000000, 95.005, 43.8668
640.000000, 94.995, 45.5391
650.000000, 94.981, 47.2626
660.000000, 94.967, 48.9569
670.000000, 94.954, 50.6885
680.000000, 94.950, 52.4266
690.000000, 94.953, 54.1678
700.000000, 94.960, 55.9045
710.000000, 94.973, 57.6812
720.000000, 94.987, 59.4444
730.000000, 95.005, 61.1788
740.000000, 95.026, 62.9378
750.000000, 95.046, 64.7055
762.000000, 95.070, 66.8240
775.000000, 95.106, 69.0982
788.000000, 95.143, 71.3266
800.000000, 95.177, 73.4533
812.000000, 95.214, 75.5899
825.000000, 95.268, 77.7920
838.000000, 95.328, 79.9907
850.000000, 95.379, 82.0733
862.000000, 95.425, 84.1306
875.000000, 95.474, 86.3264
885.000000, 95.514, 88.0406
900.000000, 95.581, 90.6106
912.000000, 95.645, 92.6166
925.000000, 95.728, 94.7623
938.000000, 95.811, 96.8658
950.000000, 95.879, 98.8252
962.000000, 95.941, 100.8345
975.000000, 96.008, 102.9666
988.000000, 96.082, 105.0057
1000.000000, 96.153, 106.8926
1015.000000, 96.233, 109.2845
1030.000000, 96.309, 111.6772
1044.000000, 96.388, 113.8655
1060.000000, 96.486, 116.2924
1075.000000, 96.580, 118.5653
1090.000000, 96.675, 120.8480
1106.000000, 96.780, 123.2587
1120.000000, 96.873, 125.3669
1138.000000, 96.991, 128.0535
1150.000000, 97.069, 129.8113
1172.000000, 97.211, 133.0392
1180.000000, 97.261, 134.2174
1206.000000, 97.431, 138.0284
1220.000000, 97.531, 140.0684
1241.000000, 97.687, 143.1105
1250.000000, 97.753, 144.4206
1265.000000, 97.859, 146.5985
1280.000000, 97.957, 148.7655
1315.000000, 98.164, 153.9137
1320.000000, 98.194, 154.6429
1340.000000, 98.312, 157.5357
1360.000000, 98.417, 160.4400
1380.000000, 98.524, 163.3609
1400.000000, 98.648, 166.2718
1430.000000, 98.844, 170.6301
1450.000000, 98.972, 173.5359
1475.000000, 99.131, 177.1599
1500.000000, 99.294, -179.2570
1525.000000, 99.453, -175.7092
1550.000000, 99.595, -172.1591
1575.000000, 99.734, -168.6445
1600.000000, 99.888, -165.3506
1625.000000, 100.047, -162.2139
1650.000000, 100.191, -159.1377
1675.000000, 100.320, -156.1753
1700.000000, 100.439, -153.2978
1725.000000, 100.554, -150.5023
1750.000000, 100.673, -147.8101
1775.000000, 100.791, -145.2197
1800.000000, 100.903, -142.6935
1825.000000, 101.009, -140.2448
1850.000000, 101.115, -137.9032
1875.000000, 101.212, -135.6301
1900.000000, 101.302, -133.4072
1925.000000, 101.393, -131.2919
1950.000000, 101.488, -129.2741
1975.000000, 101.577, -127.3279
2000.000000, 101.656, -125.4351
2030.000000, 101.740, -123.2233
2060.000000, 101.822, -121.1106
2090.000000, 101.900, -119.0748
2120.000000, 101.958, -116.9942
2140.000000, 101.989, -115.4944
2180.000000, 102.072, -112.2068
2200.000000, 102.144, -110.4851
2240.000000, 102.361, -107.1414
2270.000000, 102.560, -104.9307
2300.000000, 102.763, -103.0762
2330.000000, 102.948, -101.5443
2360.000000, 103.104, -100.2278
2400.000000, 103.263, -98.6370
2430.000000, 103.346, -97.4506
2470.000000, 103.413, -95.8057
2500.000000, 103.443, -94.5554
2540.000000, 103.462, -92.8482
2580.000000, 103.461, -91.0585
2620.000000, 103.443, -89.1279
2650.000000, 103.421, -87.5626
2690.000000, 103.390, -85.3527
2720.000000, 103.372, -83.6602
2760.000000, 103.356, -81.4142
2800.000000, 103.333, -79.1630
2850.000000, 103.289, -76.3412
2900.000000, 103.242, -73.5429
2950.000000, 103.199, -70.7283
3000.000000, 103.158, -67.9029
3040.000000, 103.120, -65.6231
3070.000000, 103.086, -63.9114
3110.000000, 103.032, -61.6154
3150.000000, 102.965, -59.3016
3200.000000, 102.872, -56.4048
3250.000000, 102.768, -53.5151
3300.000000, 102.649, -50.5947
3350.000000, 102.513, -47.5585
3400.000000, 102.370, -44.2709
3450.000000, 102.237, -40.7016
3500.000000, 102.118, -36.9502
3550.000000, 102.021, -33.1596
3600.000000, 101.958, -29.4140
3650.000000, 101.925, -25.6820
3700.000000, 101.908, -21.9708
3750.000000, 101.893, -18.2695
3820.000000, 101.857, -13.0541
3870.000000, 101.828, -9.2320
3950.000000, 101.836, -3.0569
4000.000000, 101.886, 0.6479
4060.000000, 101.954, 4.8527
4120.000000, 102.008, 8.8339
4180.000000, 102.050, 12.6930
4250.000000, 102.089, 17.1431
4310.000000, 102.112, 20.9759
4370.000000, 102.132, 24.7818
4440.000000, 102.144, 29.2049
4500.000000, 102.139, 32.9813
4550.000000, 102.133, 36.0999
4620.000000, 102.137, 40.4236
4680.000000, 102.157, 44.0920
4750.000000, 102.200, 48.3061
4820.000000, 102.237, 52.4638
4870.000000, 102.253, 55.3958
4940.000000, 102.265, 59.4279
5000.000000, 102.273, 62.8169
5080.000000, 102.294, 67.2352
5150.000000, 102.311, 71.0223
5220.000000, 102.312, 74.7685
5300.000000, 102.296, 79.0148
5380.000000, 102.279, 83.1964
5450.000000, 102.253, 86.8417
5520.000000, 102.212, 90.4956
5600.000000, 102.162, 94.6805
5700.000000, 102.096, 99.9635
5800.000000, 102.007, 105.3419
5900.000000, 101.901, 110.8154
6000.000000, 101.806, 116.3808
6080.000000, 101.743, 120.8952
6150.000000, 101.694, 124.8877
6220.000000, 101.646, 128.9222
6300.000000, 101.592, 133.5859
6400.000000, 101.536, 139.4767
6500.000000, 101.508, 145.4046
6600.000000, 101.507, 151.3514
6700.000000, 101.547, 157.2837
6800.000000, 101.640, 163.1654
6900.000000, 101.786, 168.9763
7000.000000, 101.988, 174.6650
7100.000000, 102.242, -179.8273
7200.000000, 102.548, -174.5709
7300.000000, 102.901, -169.6811
7400.000000, 103.284, -165.2627
7500.000000, 103.693, -161.4265
7620.000000, 104.227, -157.7457
7750.000000, 104.802, -155.0567
7880.000000, 105.206, -153.7908
8000.000000, 105.371, -153.7481
8120.000000, 105.307, -154.4397
8250.000000, 104.952, -155.4110
8380.000000, 104.298, -155.9091
8500.000000, 103.476, -155.4531
8620.000000, 102.500, -153.8227
8750.000000, 101.319, -150.6029
8850.000000, 100.361, -147.0952
9000.000000, 98.900, -140.1931
9120.000000, 97.755, -133.3481
9250.000000, 96.591, -124.7661
9380.000000, 95.531, -115.1221
9500.000000, 94.661, -105.4109
9620.000000, 93.915, -95.0283
9750.000000, 93.267, -83.1078
9880.000000, 92.821, -70.6350
10000.000000, 92.619, -58.9321
10150.000000, 92.659, -44.8255
10300.000000, 92.939, -32.2134
10440.000000, 93.283, -22.1245
10600.000000, 93.634, -12.0927
10750.000000, 93.861, -3.3126
10900.000000, 94.025, 5.4272
11060.000000, 94.210, 14.9196
11200.000000, 94.415, 23.3612
11380.000000, 94.766, 34.2995
11500.000000, 95.075, 41.5769
11720.000000, 95.827, 54.4689
11800.000000, 96.163, 58.8573
12060.000000, 97.519, 71.4408
12200.000000, 98.401, 76.7381
12410.000000, 99.844, 81.7587
12500.000000, 100.458, 82.5608
12650.000000, 101.366, 81.9141
12800.000000, 101.988, 78.9850
13150.000000, 101.629, 68.5876
13200.000000, 101.366, 67.4326
13400.000000, 99.948, 65.1056
13600.000000, 98.251, 66.8539
13800.000000, 96.583, 72.0552
14000.000000, 95.098, 79.6857
14300.000000, 93.289, 93.9427
14500.000000, 92.346, 104.5340
14750.000000, 91.432, 118.3430
15000.000000, 90.811, 132.3686
15250.000000, 90.501, 146.2452
15500.000000, 90.548, 159.4641
15750.000000, 90.956, 171.2570
16000.000000, 91.637, -179.2385
16250.000000, 92.432, -172.8547
16500.000000, 93.085, -170.0703
16750.000000, 93.288, -170.3315
17000.000000, 92.845, -171.7864
17250.000000, 91.813, -172.1191
17500.000000, 90.438, -169.8644
17750.000000, 88.978, -164.9702
18000.000000, 87.606, -158.2462
18250.000000, 86.396, -150.6182
18500.000000, 85.393, -143.0341
18750.000000, 84.587, -136.0295
19000.000000, 83.857, -129.1359
19250.000000, 82.981, -121.6741
19500.000000, 81.751, -112.9536
19750.000000, 80.177, -102.5839
20000.000000, 78.375, -90.4089
20300.000000, 76.114, -73.3787
20600.000000, 73.922, -54.2639
20900.000000, 71.726, -30.7421
21200.000000, 70.267, 0.4555
21400.000000, 70.124, 20.1999
21800.000000, 70.705, 48.6680
22000.000000, 70.924, 57.9183
22400.000000, 70.458, 68.1550
22700.000000, 68.954, 71.4658
23000.000000, 66.377, 73.4130
23300.000000, 62.857, 74.8580
23600.000000, 58.607, 75.9936
24000.000000, 53.339, 78.2063
