* Measurement data measured by REW V5.31.3
* Source: Analog 1/2 (2- E2x2), LINE_IN (Master Volume), L, volume: 1.000. Timing signal peak level -32.9 dBFS, measurement signal peak level -32.5 dBFS
* Format: 2M Log Swept Sine, 1 sweep at -19.2 dBFS using an acoustic timing reference
* Dated: Apr 9, 2025 12:34:05 PM
* REW Settings:
*  C-weighting compensation: Off
*  Target level: 85.0 dB
* Note: ; E2x2 Delay -1.1639 ms (-399 mm, -(1 ft 3.72 in)) using estimated IR delay relative to Acoustic reference played from SPEAKER L with no timing offset Clock adjustment: 16.7 ppm
* Measurement: Instrument L
* Smoothing: 1/24 octave
* Frequency Step: 1/48 octave
* Start Frequency: 1.000 Hz
*
* Freq(Hz), SPL(dB), Phase(degrees)
1.000000, 55.629, 22.5473
1.015000, 55.756, 21.6927
1.030000, 55.884, 20.7694
1.044000, 56.005, 19.8422
1.060000, 56.145, 18.7009
1.075000, 56.277, 17.5477
1.090000, 56.412, 16.3121
1.106000, 56.556, 14.9132
1.120000, 56.683, 13.6444
1.138000, 56.846, 11.9740
1.150000, 56.955, 10.8405
1.172000, 57.155, 8.7274
1.180000, 57.228, 7.9490
1.206000, 57.467, 5.3872
1.220000, 57.597, 3.9891
1.241000, 57.795, 1.8692
1.250000, 57.880, 0.9525
1.265000, 58.024, -0.5865
1.280000, 58.169, -2.1398
1.315000, 58.517, -5.8244
1.320000, 58.568, -6.3583
1.340000, 58.775, -8.5146
1.360000, 58.986, -10.7069
1.380000, 59.203, -12.9391
1.400000, 59.427, -15.2151
1.430000, 59.775, -18.7196
1.450000, 60.016, -21.1194
1.475000, 60.329, -24.1728
1.500000, 60.657, -27.2205
1.525000, 60.998, -30.2146
1.550000, 61.353, -33.1365
1.575000, 61.717, -35.9781
1.600000, 62.091, -38.7379
1.625000, 62.472, -41.4187
1.650000, 62.859, -44.0266
1.675000, 63.249, -46.5701
1.700000, 63.641, -49.0589
1.725000, 64.033, -51.5032
1.750000, 64.424, -53.9136
1.775000, 64.812, -56.3000
1.800000, 65.195, -58.6715
1.825000, 65.572, -61.0316
1.850000, 65.947, -63.3635
1.875000, 66.323, -65.6360
1.900000, 66.701, -67.8353
1.925000, 67.080, -69.9592
1.950000, 67.460, -72.0098
1.975000, 67.840, -73.9911
2.000000, 68.219, -75.9090
2.030000, 68.671, -78.1360
2.060000, 69.119, -80.2931
2.090000, 69.560, -82.3929
2.120000, 69.994, -84.4478
2.140000, 70.278, -85.7988
2.180000, 70.834, -88.4687
2.200000, 71.105, -89.7899
2.240000, 71.635, -92.3880
2.270000, 72.024, -94.2830
2.300000, 72.406, -96.1274
2.330000, 72.782, -97.9210
2.360000, 73.152, -99.6657
2.400000, 73.634, -101.9214
2.430000, 73.988, -103.5659
2.470000, 74.450, -105.7047
2.500000, 74.789, -107.2755
2.540000, 75.232, -109.3358
2.580000, 75.663, -111.3673
2.620000, 76.081, -113.3711
2.650000, 76.387, -114.8509
2.690000, 76.783, -116.7870
2.720000, 77.074, -118.2090
2.760000, 77.451, -120.0632
2.800000, 77.819, -121.8699
2.850000, 78.266, -124.0650
2.900000, 78.700, -126.1972
2.950000, 79.122, -128.2822
3.000000, 79.528, -130.3385
3.040000, 79.842, -131.9612
3.070000, 80.072, -133.1613
3.110000, 80.370, -134.7351
3.150000, 80.661, -136.2755
3.200000, 81.015, -138.1510
3.250000, 81.359, -139.9696
3.300000, 81.693, -141.7367
3.350000, 82.018, -143.4703
3.400000, 82.331, -145.1802
3.450000, 82.633, -146.8611
3.500000, 82.925, -148.5061
3.550000, 83.210, -150.1095
3.600000, 83.487, -151.6672
3.650000, 83.758, -153.1786
3.700000, 84.023, -154.6523
3.750000, 84.279, -156.0998
3.820000, 84.626, -158.0844
3.870000, 84.865, -159.4683
3.950000, 85.237, -161.6166
4.000000, 85.464, -162.9155
4.060000, 85.730, -164.4328
4.120000, 85.990, -165.9146
4.180000, 86.242, -167.3652
4.250000, 86.528, -169.0187
4.310000, 86.768, -170.4023
4.370000, 87.003, -171.7552
4.440000, 87.272, -173.2973
4.500000, 87.498, -174.5924
4.550000, 87.682, -175.6543
4.620000, 87.935, -177.1161
4.680000, 88.147, -178.3475
4.750000, 88.391, -179.7611
4.820000, 88.629, 178.8467
4.870000, 88.795, 177.8641
4.940000, 89.025, 176.5052
5.000000, 89.217, 175.3564
5.080000, 89.467, 173.8474
5.150000, 89.681, 172.5458
5.220000, 89.890, 171.2573
5.300000, 90.123, 169.8010
5.380000, 90.349, 168.3672
5.450000, 90.542, 167.1346
5.520000, 90.731, 165.9215
5.600000, 90.940, 164.5531
5.700000, 91.194, 162.8697
5.800000, 91.440, 161.2257
5.900000, 91.680, 159.6270
6.000000, 91.913, 158.0669
6.080000, 92.095, 156.8428
6.150000, 92.252, 155.7893
6.220000, 92.408, 154.7531
6.300000, 92.584, 153.5913
6.400000, 92.802, 152.1681
6.500000, 93.018, 150.7640
6.600000, 93.234, 149.3689
6.700000, 93.450, 147.9865
6.800000, 93.666, 146.6124
6.900000, 93.881, 145.2275
7.000000, 94.094, 143.8201
7.100000, 94.308, 142.3956
7.200000, 94.519, 140.9514
7.300000, 94.725, 139.4759
7.400000, 94.927, 137.9611
7.500000, 95.124, 136.4121
7.620000, 95.351, 134.5205
7.750000, 95.581, 132.4286
7.880000, 95.795, 130.2868
8.000000, 95.975, 128.3006
8.120000, 96.138, 126.3226
8.250000, 96.294, 124.1779
8.380000, 96.429, 122.0789
8.500000, 96.535, 120.2103
8.620000, 96.625, 118.3982
8.750000, 96.707, 116.5336
8.850000, 96.762, 115.1911
9.000000, 96.831, 113.3158
9.120000, 96.881, 111.9403
9.250000, 96.937, 110.5914
9.380000, 96.995, 109.3757
9.500000, 97.057, 108.3442
9.620000, 97.131, 107.3923
9.750000, 97.222, 106.4337
9.880000, 97.320, 105.4967
10.000000, 97.415, 104.6287
10.150000, 97.539, 103.5214
10.300000, 97.667, 102.3296
10.440000, 97.788, 101.1270
10.600000, 97.926, 99.6471
10.750000, 98.048, 98.1469
10.900000, 98.160, 96.5637
11.060000, 98.258, 94.8249
11.200000, 98.324, 93.2752
11.380000, 98.381, 91.3214
11.500000, 98.402, 90.0656
11.720000, 98.412, 87.9167
11.800000, 98.410, 87.2042
12.060000, 98.392, 85.1603
12.200000, 98.385, 84.2424
12.410000, 98.387, 83.0667
12.500000, 98.396, 82.6182
12.650000, 98.423, 81.9328
12.800000, 98.464, 81.2818
13.150000, 98.613, 79.7112
13.200000, 98.638, 79.4667
13.400000, 98.745, 78.4210
13.600000, 98.850, 77.2736
13.800000, 98.946, 76.0416
14.000000, 99.026, 74.7759
14.300000, 99.115, 72.9038
14.500000, 99.158, 71.7313
14.750000, 99.206, 70.3727
15.000000, 99.258, 69.1173
15.250000, 99.325, 67.9086
15.500000, 99.400, 66.6811
15.750000, 99.477, 65.3930
16.000000, 99.543, 64.0364
16.250000, 99.590, 62.6514
16.500000, 99.616, 61.2960
16.750000, 99.624, 60.0346
17.000000, 99.627, 58.9055
17.250000, 99.633, 57.9069
17.500000, 99.653, 57.0009
17.750000, 99.688, 56.1215
18.000000, 99.735, 55.2100
18.250000, 99.786, 54.2309
18.500000, 99.832, 53.1878
18.750000, 99.866, 52.1174
19.000000, 99.888, 51.0704
19.250000, 99.902, 50.0957
19.500000, 99.915, 49.2139
19.750000, 99.934, 48.4168
20.000000, 99.965, 47.6680
20.299999, 100.019, 46.7659
20.600000, 100.083, 45.7997
20.900000, 100.146, 44.7489
21.200001, 100.198, 43.6390
21.400000, 100.224, 42.8909
21.799999, 100.257, 41.4324
22.000000, 100.267, 40.7375
22.400000, 100.275, 39.4286
22.700001, 100.272, 38.5261
23.000000, 100.260, 37.7143
23.299999, 100.244, 37.0237
23.600000, 100.230, 36.4701
24.000000, 100.239, 35.8925
24.299999, 100.273, 35.4734
24.700001, 100.345, 34.7464
25.000000, 100.398, 34.0096
25.400000, 100.435, 32.8397
25.799999, 100.416, 31.6825
26.200001, 100.362, 30.7740
26.500000, 100.326, 30.2852
26.900000, 100.309, 29.7529
27.200001, 100.319, 29.3005
27.600000, 100.334, 28.5132
28.000000, 100.318, 27.6067
28.500000, 100.249, 26.6774
29.000000, 100.192, 26.2170
29.500000, 100.221, 25.9071
30.000000, 100.314, 25.1963
30.400000, 100.373, 24.2474
30.700001, 100.387, 23.4305
31.100000, 100.366, 22.3994
31.500000, 100.324, 21.5732
32.000000, 100.281, 20.8067
32.500000, 100.261, 20.1508
33.000000, 100.249, 19.5114
33.500000, 100.240, 18.9275
34.000000, 100.248, 18.3663
34.500000, 100.272, 17.6866
35.000000, 100.281, 16.8375
35.500000, 100.252, 15.9666
36.000000, 100.197, 15.2581
36.500000, 100.148, 14.7255
37.000000, 100.116, 14.2314
37.500000, 100.087, 13.6840
38.200001, 100.029, 12.9449
38.700001, 99.990, 12.5330
39.500000, 99.966, 11.8925
40.000000, 99.960, 11.3698
40.599998, 99.935, 10.6865
41.200001, 99.894, 10.1094
41.799999, 99.861, 9.6609
42.500000, 99.840, 9.1356
43.099998, 99.816, 8.6389
43.700001, 99.778, 8.1970
44.400002, 99.733, 7.8148
45.000000, 99.705, 7.5215
45.500000, 99.685, 7.2450
46.200001, 99.651, 6.7936
46.799999, 99.612, 6.3674
47.500000, 99.550, 5.9057
48.200001, 99.486, 5.5709
48.700001, 99.451, 5.3681
49.400002, 99.415, 5.0164
50.000000, 99.380, 4.6669
50.799999, 99.332, 4.2673
51.500000, 99.305, 3.9127
52.200001, 99.277, 3.4655
53.000000, 99.226, 2.9744
53.799999, 99.170, 2.5614
54.500000, 99.109, 2.2231
55.200001, 99.027, 2.0432
56.000000, 98.948, 2.1416
57.000000, 98.909, 2.3094
58.000000, 98.886, 2.2548
59.000000, 98.880, 2.0742
60.000000, 98.872, 1.4990
60.799999, 98.821, 0.8810
61.500000, 98.743, 0.4595
62.200001, 98.655, 0.2421
63.000000, 98.558, 0.2042
64.000000, 98.438, 0.4979
65.000000, 98.384, 1.3047
66.000000, 98.429, 1.6122
67.000000, 98.396, 1.2632
68.000000, 98.304, 0.8768
69.000000, 98.146, 0.3564
70.000000, 97.966, 0.2410
71.000000, 97.844, 0.0362
72.000000, 97.742, -0.0960
73.000000, 97.730, -0.4944
74.000000, 97.628, -1.1985
75.000000, 97.519, -0.6644
76.199997, 97.565, -0.3982
77.500000, 97.435, -0.5300
78.800003, 97.322, -0.0758
80.000000, 97.183, -0.0807
81.199997, 97.091, 0.2531
82.500000, 97.105, -0.1212
83.800003, 97.073, -0.6548
85.000000, 97.077, -0.4330
86.199997, 97.146, -0.2803
87.500000, 97.089, -0.6425
88.500000, 96.904, -0.4752
90.000000, 96.605, 0.7488
91.199997, 96.433, 1.6081
92.500000, 96.285, 2.0530
93.800003, 96.188, 2.2262
95.000000, 96.139, 2.1998
96.199997, 96.100, 2.1974
97.500000, 96.058, 2.3331
98.800003, 95.989, 2.5773
100.000000, 95.914, 2.9366
101.500000, 95.794, 3.2502
103.000000, 95.679, 3.8669
104.400002, 95.620, 4.1803
106.000000, 95.512, 4.4538
107.500000, 95.399, 4.9777
109.000000, 95.282, 5.4154
110.599998, 95.137, 5.8416
112.000000, 95.044, 6.2841
113.800003, 94.967, 6.3495
115.000000, 94.889, 6.4575
117.199997, 94.773, 7.3993
118.000000, 94.754, 7.7597
120.599998, 94.635, 8.1902
122.000000, 94.519, 8.4714
124.099998, 94.402, 9.1746
125.000000, 94.379, 9.4253
126.500000, 94.339, 9.7106
128.000000, 94.273, 10.0038
131.500000, 94.072, 10.8845
132.000000, 94.041, 10.9886
134.000000, 93.919, 11.5077
136.000000, 93.827, 12.1880
138.000000, 93.742, 12.8055
140.000000, 93.655, 13.3986
143.000000, 93.521, 14.1246
145.000000, 93.425, 14.8489
147.500000, 93.341, 15.8691
150.000000, 93.255, 16.3515
152.500000, 93.165, 16.7552
155.000000, 93.104, 17.3556
157.500000, 93.023, 18.0450
160.000000, 92.926, 18.8560
162.500000, 92.827, 19.6436
165.000000, 92.745, 20.5743
167.500000, 92.692, 21.5370
170.000000, 92.671, 21.9805
172.500000, 92.595, 21.9940
175.000000, 92.490, 22.3158
177.500000, 92.398, 23.1164
180.000000, 92.313, 24.2307
182.500000, 92.202, 25.2859
185.000000, 92.069, 26.0247
187.500000, 91.954, 26.5938
190.000000, 91.889, 27.2681
192.500000, 91.851, 28.0489
195.000000, 91.812, 28.7688
197.500000, 91.775, 29.4112
200.000000, 91.750, 30.0378
203.000000, 91.721, 30.8603
206.000000, 91.683, 31.6402
209.000000, 91.638, 32.2403
212.000000, 91.590, 32.7621
214.000000, 91.555, 33.1337
218.000000, 91.481, 33.9848
220.000000, 91.456, 34.3957
224.000000, 91.426, 35.0274
227.000000, 91.396, 35.5022
230.000000, 91.357, 36.0367
233.000000, 91.316, 36.6092
236.000000, 91.275, 37.1317
240.000000, 91.237, 37.7598
243.000000, 91.216, 38.2881
247.000000, 91.172, 38.9623
250.000000, 91.146, 39.3551
254.000000, 91.134, 39.8299
258.000000, 91.112, 40.3018
262.000000, 91.069, 40.8399
265.000000, 91.034, 41.2513
269.000000, 91.007, 41.7395
272.000000, 90.978, 42.1268
276.000000, 90.949, 42.6223
280.000000, 90.913, 42.8490
285.000000, 90.885, 43.3507
290.000000, 90.914, 43.7458
295.000000, 90.908, 44.1167
300.000000, 90.887, 44.5590
304.000000, 90.879, 44.8297
307.000000, 90.865, 44.9463
311.000000, 90.842, 45.0449
315.000000, 90.835, 45.2343
320.000000, 90.842, 45.5132
325.000000, 90.837, 45.5996
330.000000, 90.829, 45.6815
335.000000, 90.828, 45.8728
340.000000, 90.825, 46.0146
345.000000, 90.799, 46.1604
350.000000, 90.767, 46.2609
355.000000, 90.757, 46.3199
360.000000, 90.767, 46.3678
365.000000, 90.795, 46.4539
370.000000, 90.817, 46.5728
375.000000, 90.821, 46.3965
382.000000, 90.824, 46.1747
387.000000, 90.823, 46.0745
395.000000, 90.813, 45.8585
400.000000, 90.811, 45.7938
406.000000, 90.816, 45.5673
412.000000, 90.816, 45.3022
418.000000, 90.816, 45.0413
425.000000, 90.820, 44.7251
431.000000, 90.830, 44.4747
437.000000, 90.842, 44.2289
444.000000, 90.844, 43.8802
450.000000, 90.837, 43.5453
455.000000, 90.836, 43.2292
462.000000, 90.845, 42.7638
468.000000, 90.856, 42.3422
475.000000, 90.861, 41.8174
482.000000, 90.874, 41.2292
487.000000, 90.886, 40.8052
494.000000, 90.899, 40.2513
500.000000, 90.900, 39.7607
508.000000, 90.903, 39.0540
515.000000, 90.909, 38.4056
522.000000, 90.913, 37.7028
530.000000, 90.931, 36.9354
538.000000, 90.949, 36.1429
545.000000, 90.956, 35.4252
552.000000, 90.964, 34.7091
560.000000, 90.981, 33.8668
570.000000, 90.995, 32.7708
580.000000, 91.011, 31.5682
590.000000, 91.022, 30.4057
600.000000, 91.030, 29.2134
608.000000, 91.043, 28.2059
615.000000, 91.055, 27.2765
622.000000, 91.068, 26.3549
630.000000, 91.085, 25.3024
640.000000, 91.092, 23.9039
650.000000, 91.081, 22.5547
660.000000, 91.077, 21.2325
670.000000, 91.090, 19.8393
680.000000, 91.124, 18.2762
690.000000, 91.154, 16.7825
700.000000, 91.171, 15.3897
710.000000, 91.187, 13.9290
720.000000, 91.196, 12.3866
730.000000, 91.211, 10.8008
740.000000, 91.225, 9.2681
750.000000, 91.237, 7.7534
762.000000, 91.251, 5.9784
775.000000, 91.278, 3.9937
788.000000, 91.317, 1.9286
800.000000, 91.351, 0.1088
812.000000, 91.377, -1.6724
825.000000, 91.403, -3.7066
838.000000, 91.437, -5.7463
850.000000, 91.467, -7.5699
862.000000, 91.497, -9.3748
875.000000, 91.532, -11.4092
885.000000, 91.560, -13.0161
900.000000, 91.607, -15.3502
912.000000, 91.639, -17.1564
925.000000, 91.673, -19.1335
938.000000, 91.717, -21.1485
950.000000, 91.766, -23.0330
962.000000, 91.812, -24.9135
975.000000, 91.852, -26.9348
988.000000, 91.882, -28.9078
1000.000000, 91.906, -30.7024
1015.000000, 91.942, -32.9348
1030.000000, 91.984, -35.1414
1044.000000, 92.024, -37.1801
1060.000000, 92.073, -39.4990
1075.000000, 92.120, -41.6646
1090.000000, 92.176, -43.8054
1106.000000, 92.248, -46.1136
1120.000000, 92.307, -48.1473
1138.000000, 92.366, -50.6489
1150.000000, 92.397, -52.2789
1172.000000, 92.470, -55.3066
1180.000000, 92.505, -56.4163
1206.000000, 92.647, -59.9982
1220.000000, 92.722, -61.8669
1241.000000, 92.817, -64.5673
1250.000000, 92.856, -65.7134
1265.000000, 92.925, -67.6323
1280.000000, 92.997, -69.5524
1315.000000, 93.145, -73.8478
1320.000000, 93.163, -74.4400
1340.000000, 93.239, -76.7938
1360.000000, 93.325, -79.1976
1380.000000, 93.439, -81.6252
1400.000000, 93.569, -84.0053
1430.000000, 93.740, -87.4293
1450.000000, 93.837, -89.6788
1475.000000, 93.965, -92.4637
1500.000000, 94.121, -95.2623
1525.000000, 94.300, -98.0752
1550.000000, 94.471, -100.8158
1575.000000, 94.625, -103.5414
1600.000000, 94.774, -106.2589
1625.000000, 94.917, -108.9499
1650.000000, 95.065, -111.6373
1675.000000, 95.213, -114.2997
1700.000000, 95.356, -116.8976
1725.000000, 95.499, -119.4908
1750.000000, 95.649, -122.0268
1775.000000, 95.802, -124.5607
1800.000000, 95.949, -127.0190
1825.000000, 96.082, -129.4320
1850.000000, 96.204, -131.7775
1875.000000, 96.326, -134.0884
1900.000000, 96.454, -136.4035
1925.000000, 96.579, -138.6420
1950.000000, 96.696, -140.8173
1975.000000, 96.811, -142.9683
2000.000000, 96.924, -145.0752
2030.000000, 97.047, -147.5135
2060.000000, 97.157, -149.8340
2090.000000, 97.259, -152.0524
2120.000000, 97.352, -154.0857
2140.000000, 97.416, -155.3138
2180.000000, 97.580, -157.5219
2200.000000, 97.690, -158.5181
2240.000000, 97.960, -160.5452
2270.000000, 98.178, -162.2987
2300.000000, 98.368, -164.2203
2330.000000, 98.522, -166.2050
2360.000000, 98.649, -168.2318
2400.000000, 98.793, -170.7933
2430.000000, 98.886, -172.5277
2470.000000, 98.997, -174.6624
2500.000000, 99.063, -176.1885
2540.000000, 99.112, -178.1053
2580.000000, 99.121, -179.8514
2620.000000, 99.094, 178.7224
2650.000000, 99.052, 177.9378
2690.000000, 98.989, 177.2897
2720.000000, 98.951, 177.0594
2760.000000, 98.922, 177.0459
2800.000000, 98.923, 177.2646
2850.000000, 98.945, 177.8098
2900.000000, 98.956, 178.6663
2950.000000, 98.945, 179.8859
3000.000000, 98.964, -178.6752
3040.000000, 99.016, -177.4042
3070.000000, 99.068, -176.3768
3110.000000, 99.137, -174.8632
3150.000000, 99.196, -173.2087
3200.000000, 99.261, -170.9654
3250.000000, 99.322, -168.5773
3300.000000, 99.372, -166.0002
3350.000000, 99.406, -163.1592
3400.000000, 99.440, -160.0458
3450.000000, 99.478, -156.5545
3500.000000, 99.535, -152.7263
3550.000000, 99.625, -148.7029
3600.000000, 99.725, -144.5251
3650.000000, 99.822, -140.2393
3700.000000, 99.914, -135.8918
3750.000000, 99.998, -131.4772
3820.000000, 100.088, -125.0339
3870.000000, 100.137, -120.2142
3950.000000, 100.205, -111.9968
4000.000000, 100.245, -106.5054
4060.000000, 100.284, -99.5399
4120.000000, 100.319, -92.2223
4180.000000, 100.375, -84.6749
4250.000000, 100.449, -75.5308
4310.000000, 100.492, -67.3607
4370.000000, 100.511, -58.8684
4440.000000, 100.521, -48.5219
4500.000000, 100.535, -39.2882
4550.000000, 100.555, -31.3503
4620.000000, 100.589, -19.9109
4680.000000, 100.619, -9.8301
4750.000000, 100.655, 2.2356
4820.000000, 100.694, 14.6219
4870.000000, 100.724, 23.6669
4940.000000, 100.761, 36.6230
5000.000000, 100.779, 48.0072
5080.000000, 100.781, 63.5850
5150.000000, 100.770, 77.5793
5220.000000, 100.753, 91.8803
5300.000000, 100.724, 108.4363
5380.000000, 100.678, 125.1034
5450.000000, 100.623, 139.8623
5520.000000, 100.554, 154.8288
5600.000000, 100.462, 172.2001
5700.000000, 100.336, -165.6573
5800.000000, 100.190, -143.0109
5900.000000, 100.020, -119.8441
6000.000000, 99.848, -96.1731
6080.000000, 99.710, -76.8495
6150.000000, 99.591, -59.6600
6220.000000, 99.476, -42.2055
6300.000000, 99.352, -21.9602
6400.000000, 99.207, 3.8003
6500.000000, 99.086, 30.0458
6600.000000, 99.002, 56.7441
6700.000000, 98.952, 83.8782
6800.000000, 98.953, 111.3752
6900.000000, 99.017, 139.1992
7000.000000, 99.146, 167.2927
7100.000000, 99.337, -164.4706
7200.000000, 99.590, -136.3125
7300.000000, 99.902, -108.4586
7400.000000, 100.271, -80.9131
7500.000000, 100.685, -53.7232
7620.000000, 101.218, -21.6906
7750.000000, 101.784, 12.0586
7880.000000, 102.164, 44.7910
8000.000000, 102.309, 74.2992
8120.000000, 102.226, 103.5824
8250.000000, 101.852, 135.7105
8380.000000, 101.202, 168.9186
8500.000000, 100.416, -159.0625
8620.000000, 99.511, -125.5462
8750.000000, 98.445, -87.4899
8850.000000, 97.594, -57.0128
9000.000000, 96.318, -9.4210
9120.000000, 95.337, 30.1774
9250.000000, 94.347, 74.4864
9380.000000, 93.453, 120.1217
9500.000000, 92.726, 163.3184
9620.000000, 92.101, -152.4846
9750.000000, 91.572, -103.5264
9880.000000, 91.243, -53.6581
10000.000000, 91.151, -7.3367
10150.000000, 91.325, 49.8561
10300.000000, 91.732, 105.5105
10440.000000, 92.179, 155.9792
10600.000000, 92.633, -147.4441
10750.000000, 92.956, -94.5548
10900.000000, 93.212, -41.2048
11060.000000, 93.471, 16.4771
11200.000000, 93.733, 67.5662
11380.000000, 94.162, 133.9448
11500.000000, 94.531, 178.5359
11720.000000, 95.432, -99.4609
11800.000000, 95.838, -69.7600
12060.000000, 97.410, 25.6160
12200.000000, 98.391, 75.7124
12410.000000, 99.936, 147.7888
12500.000000, 100.563, 177.1855
12650.000000, 101.431, -135.9631
12800.000000, 101.915, -91.2515
13150.000000, 101.057, 12.8677
13200.000000, 100.738, 28.5781
13400.000000, 99.194, 94.8613
13600.000000, 97.504, 166.5232
13800.000000, 95.903, -117.7351
14000.000000, 94.497, -39.6711
14300.000000, 92.805, 79.2720
14500.000000, 91.948, 159.3416
14750.000000, 91.158, -100.2012
15000.000000, 90.661, 0.3066
15250.000000, 90.478, 100.5112
15500.000000, 90.665, -160.1880
15750.000000, 91.201, -62.7986
16000.000000, 91.953, 31.6140
16250.000000, 92.753, 121.8164
16500.000000, 93.317, -152.8425
16750.000000, 93.324, -71.0854
17000.000000, 92.622, 10.2122
17250.000000, 91.358, 94.0488
17500.000000, 89.844, -178.4741
17750.000000, 88.331, -88.0449
18000.000000, 86.946, 3.9932
18250.000000, 85.738, 96.5078
18500.000000, 84.744, -171.6250
18750.000000, 83.932, -81.1572
19000.000000, 83.180, 8.8828
19250.000000, 82.290, 99.3516
19500.000000, 81.070, -169.1914
19750.000000, 79.537, -76.3472
20000.000000, 77.799, 18.0630
20300.000000, 75.627, 133.1240
20600.000000, 73.540, -111.1729
20900.000000, 71.468, 8.6860
21200.000000, 70.148, 141.6411
21400.000000, 70.064, -133.0610
21800.000000, 70.633, 18.9272
22000.000000, 70.793, 88.8921
22400.000000, 70.126, -140.0498
22700.000000, 68.448, -46.4395
23000.000000, 65.689, 44.8457
23300.000000, 61.919, 135.1733
23600.000000, 57.353, -136.9600
24000.000000, 51.683, -32.5088
