* Measurement data measured by REW V5.31.3
* Source: Analog 1/2 (2- E2x2), LINE_IN (Master Volume), L, volume: 1.000. Timing signal peak level -37.6 dBFS, measurement signal peak level -32.5 dBFS
* Format: 2M Log Swept Sine, 1 sweep at -19.2 dBFS using an acoustic timing reference
* Dated: Apr 9, 2025 11:39:22 AM
* REW Settings:
*  C-weighting compensation: Off
*  Target level: 85.0 dB
* Note: ; E2x2 Delay 0.0217 ms (7.5 mm, 0.29 in) using estimated IR delay relative to Acoustic reference played from SPEAKER R with no timing offset Clock adjustment: 44.1 ppm
* Measurement: Custom EQ R
* Smoothing: 1/24 octave
* Frequency Step: 1/48 octave
* Start Frequency: 1.000 Hz
*
* Freq(Hz), SPL(dB), Phase(degrees)
1.000000, 51.668, 26.2387
1.015000, 51.788, 26.0066
1.030000, 51.912, 25.6455
1.044000, 52.029, 25.1864
1.060000, 52.165, 24.5109
1.075000, 52.294, 23.7258
1.090000, 52.424, 22.7930
1.106000, 52.565, 21.6608
1.120000, 52.690, 20.6067
1.138000, 52.855, 19.2061
1.150000, 52.967, 18.2492
1.172000, 53.179, 16.4490
1.180000, 53.258, 15.7799
1.206000, 53.521, 13.5505
1.220000, 53.667, 12.3141
1.241000, 53.891, 10.4092
1.250000, 53.990, 9.5731
1.265000, 54.157, 8.1518
1.280000, 54.329, 6.6934
1.315000, 54.744, 3.1313
1.320000, 54.805, 2.6028
1.340000, 55.055, 0.4349
1.360000, 55.312, -1.8236
1.380000, 55.577, -4.1792
1.400000, 55.850, -6.6375
1.430000, 56.275, -10.5271
1.450000, 56.569, -13.2549
1.475000, 56.952, -16.7687
1.500000, 57.356, -20.2581
1.525000, 57.781, -23.6351
1.550000, 58.226, -26.8770
1.575000, 58.686, -29.9815
1.600000, 59.160, -32.9560
1.625000, 59.644, -35.8136
1.650000, 60.135, -38.5709
1.675000, 60.631, -41.2459
1.700000, 61.129, -43.8563
1.725000, 61.626, -46.4191
1.750000, 62.119, -48.9498
1.775000, 62.605, -51.4619
1.800000, 63.082, -53.9660
1.825000, 63.547, -56.4622
1.850000, 64.006, -58.9139
1.875000, 64.464, -61.2665
1.900000, 64.923, -63.5038
1.925000, 65.381, -65.6315
1.950000, 65.839, -67.6602
1.975000, 66.295, -69.6024
2.000000, 66.748, -71.4708
2.030000, 67.286, -73.6330
2.060000, 67.818, -75.7276
2.090000, 68.340, -77.7737
2.120000, 68.852, -79.7885
2.140000, 69.186, -81.1221
2.180000, 69.838, -83.7810
2.200000, 70.154, -85.1054
2.240000, 70.770, -87.7037
2.270000, 71.219, -89.5836
2.300000, 71.659, -91.4017
2.330000, 72.088, -93.1621
2.360000, 72.508, -94.8708
2.400000, 73.054, -97.0808
2.430000, 73.454, -98.6968
2.470000, 73.974, -100.8110
2.500000, 74.355, -102.3762
2.540000, 74.852, -104.4493
2.580000, 75.335, -106.5138
2.620000, 75.802, -108.5571
2.650000, 76.143, -110.0659
2.690000, 76.583, -112.0394
2.720000, 76.904, -113.4892
2.760000, 77.320, -115.3823
2.800000, 77.725, -117.2323
2.850000, 78.215, -119.4925
2.900000, 78.689, -121.7075
2.950000, 79.148, -123.8966
3.000000, 79.589, -126.0742
3.040000, 79.928, -127.8008
3.070000, 80.175, -129.0812
3.110000, 80.495, -130.7635
3.150000, 80.806, -132.4137
3.200000, 81.182, -134.4279
3.250000, 81.545, -136.3883
3.300000, 81.897, -138.3044
3.350000, 82.236, -140.2017
3.400000, 82.561, -142.0899
3.450000, 82.872, -143.9570
3.500000, 83.170, -145.7895
3.550000, 83.458, -147.5765
3.600000, 83.737, -149.3107
3.650000, 84.007, -150.9914
3.700000, 84.268, -152.6349
3.750000, 84.518, -154.2615
3.820000, 84.850, -156.5070
3.870000, 85.077, -158.0752
3.950000, 85.425, -160.4977
4.000000, 85.635, -161.9479
4.060000, 85.880, -163.6291
4.120000, 86.114, -165.2695
4.180000, 86.337, -166.8759
4.250000, 86.588, -168.6992
4.310000, 86.797, -170.2097
4.370000, 87.001, -171.6653
4.440000, 87.235, -173.2959
4.500000, 87.428, -174.6474
4.550000, 87.586, -175.7464
4.620000, 87.801, -177.2469
4.680000, 87.984, -178.4994
4.750000, 88.195, -179.9217
4.820000, 88.404, 178.7007
4.870000, 88.553, 177.7430
4.940000, 88.758, 176.4309
5.000000, 88.932, 175.3246
5.080000, 89.164, 173.8637
5.150000, 89.366, 172.5947
5.220000, 89.568, 171.3410
5.300000, 89.798, 169.9256
5.380000, 90.026, 168.5157
5.450000, 90.223, 167.2751
5.520000, 90.418, 166.0227
5.600000, 90.638, 164.5818
5.700000, 90.910, 162.7731
5.800000, 91.175, 160.9529
5.900000, 91.430, 159.1111
6.000000, 91.677, 157.2425
6.080000, 91.868, 155.7397
6.150000, 92.030, 154.4278
6.220000, 92.186, 153.1210
6.300000, 92.357, 151.6264
6.400000, 92.560, 149.7530
6.500000, 92.753, 147.8992
6.600000, 92.935, 146.0880
6.700000, 93.106, 144.3102
6.800000, 93.267, 142.5612
6.900000, 93.420, 140.8628
7.000000, 93.568, 139.2301
7.100000, 93.708, 137.6537
7.200000, 93.844, 136.1285
7.300000, 93.979, 134.6608
7.400000, 94.114, 133.2557
7.500000, 94.248, 131.9069
7.620000, 94.411, 130.3418
7.750000, 94.595, 128.6988
7.880000, 94.785, 127.1100
8.000000, 94.965, 125.6601
8.120000, 95.151, 124.2014
8.250000, 95.358, 122.6146
8.380000, 95.567, 121.0009
8.500000, 95.758, 119.4679
8.620000, 95.949, 117.8981
8.750000, 96.149, 116.1626
8.850000, 96.296, 114.7997
9.000000, 96.506, 112.7135
9.120000, 96.662, 111.0352
9.250000, 96.816, 109.2176
9.380000, 96.955, 107.4041
9.500000, 97.071, 105.7644
9.620000, 97.175, 104.1697
9.750000, 97.274, 102.4920
9.880000, 97.354, 100.8911
10.000000, 97.410, 99.4924
10.150000, 97.460, 97.8443
10.300000, 97.501, 96.3152
10.440000, 97.533, 94.9952
10.600000, 97.572, 93.5864
10.750000, 97.618, 92.3468
10.900000, 97.673, 91.1645
11.060000, 97.741, 89.9247
11.200000, 97.806, 88.8458
11.380000, 97.893, 87.4326
11.500000, 97.952, 86.4619
11.720000, 98.057, 84.6233
11.800000, 98.093, 83.9340
12.060000, 98.194, 81.6437
12.200000, 98.235, 80.4017
12.410000, 98.276, 78.5620
12.500000, 98.286, 77.7984
12.650000, 98.293, 76.5668
12.800000, 98.289, 75.4041
13.150000, 98.258, 73.0252
13.200000, 98.253, 72.7248
13.400000, 98.239, 71.6177
13.600000, 98.237, 70.6303
13.800000, 98.253, 69.7251
14.000000, 98.286, 68.8424
14.300000, 98.365, 67.4627
14.500000, 98.429, 66.4504
14.750000, 98.509, 65.0620
15.000000, 98.581, 63.5534
15.250000, 98.639, 61.9792
15.500000, 98.677, 60.4108
15.750000, 98.697, 58.9106
16.000000, 98.707, 57.5251
16.250000, 98.718, 56.2628
16.500000, 98.737, 55.1015
16.750000, 98.772, 53.9941
17.000000, 98.823, 52.8855
17.250000, 98.883, 51.7361
17.500000, 98.946, 50.5276
17.750000, 99.003, 49.2718
18.000000, 99.049, 48.0002
18.250000, 99.083, 46.7523
18.500000, 99.108, 45.5634
18.750000, 99.130, 44.4507
19.000000, 99.154, 43.4134
19.250000, 99.183, 42.4304
19.500000, 99.218, 41.4733
19.750000, 99.258, 40.5161
20.000000, 99.298, 39.5427
20.299999, 99.340, 38.3545
20.600000, 99.372, 37.1656
20.900000, 99.393, 36.0072
21.200001, 99.406, 34.9025
21.400000, 99.413, 34.1984
21.799999, 99.424, 32.8504
22.000000, 99.431, 32.1937
22.400000, 99.442, 30.8891
22.700001, 99.448, 29.9138
23.000000, 99.448, 28.9503
23.299999, 99.445, 28.0109
23.600000, 99.440, 27.1030
24.000000, 99.435, 25.9370
24.299999, 99.435, 25.0842
24.700001, 99.438, 23.9606
25.000000, 99.442, 23.1256
25.400000, 99.449, 22.0244
25.799999, 99.462, 20.9288
26.200001, 99.481, 19.8101
26.500000, 99.496, 18.9382
26.900000, 99.509, 17.7367
27.200001, 99.510, 16.8360
27.600000, 99.497, 15.7047
28.000000, 99.480, 14.7103
28.500000, 99.476, 13.6330
29.000000, 99.505, 12.5513
29.500000, 99.542, 11.2834
30.000000, 99.548, 9.8800
30.400000, 99.522, 8.8167
30.700001, 99.493, 8.1241
31.100000, 99.461, 7.3432
31.500000, 99.448, 6.6383
32.000000, 99.455, 5.6750
32.500000, 99.459, 4.5364
33.000000, 99.433, 3.3375
33.500000, 99.384, 2.2446
34.000000, 99.336, 1.2988
34.500000, 99.298, 0.4312
35.000000, 99.269, -0.4146
35.500000, 99.245, -1.2459
36.000000, 99.230, -2.0919
36.500000, 99.222, -3.0217
37.000000, 99.203, -4.0515
37.500000, 99.163, -5.0861
38.200001, 99.087, -6.3354
38.700001, 99.046, -7.1083
39.500000, 99.006, -8.3961
40.000000, 98.979, -9.2476
40.599998, 98.944, -10.2294
41.200001, 98.918, -11.1802
41.799999, 98.896, -12.1687
42.500000, 98.861, -13.3447
43.099998, 98.821, -14.2929
43.700001, 98.777, -15.1520
44.400002, 98.729, -16.0576
45.000000, 98.694, -16.8283
45.500000, 98.660, -17.5079
46.200001, 98.589, -18.3879
46.799999, 98.532, -18.9268
47.500000, 98.523, -19.5701
48.200001, 98.530, -20.7284
48.700001, 98.485, -21.7593
49.400002, 98.349, -22.8951
50.000000, 98.240, -23.3602
50.799999, 98.185, -23.7407
51.500000, 98.191, -24.3085
52.200001, 98.198, -25.1785
53.000000, 98.161, -26.3453
53.799999, 98.079, -27.3053
54.500000, 98.019, -27.9990
55.200001, 97.960, -28.8206
56.000000, 97.853, -29.7272
57.000000, 97.745, -30.6050
58.000000, 97.666, -31.9115
59.000000, 97.525, -33.1537
60.000000, 97.437, -34.1349
60.799999, 97.368, -35.1500
61.500000, 97.260, -35.8346
62.200001, 97.163, -36.0153
63.000000, 97.135, -36.0016
64.000000, 97.144, -36.5062
65.000000, 97.085, -37.2590
66.000000, 96.988, -37.8840
67.000000, 96.868, -38.4744
68.000000, 96.750, -38.9426
69.000000, 96.670, -39.5261
70.000000, 96.592, -40.4050
71.000000, 96.488, -41.2161
72.000000, 96.411, -41.7833
73.000000, 96.355, -42.5151
74.000000, 96.250, -43.1832
75.000000, 96.151, -43.4581
76.199997, 96.068, -43.9951
77.500000, 95.922, -44.6824
78.800003, 95.801, -45.1578
80.000000, 95.710, -45.7804
81.199997, 95.617, -46.3331
82.500000, 95.532, -46.7203
83.800003, 95.470, -47.1101
85.000000, 95.367, -47.5610
86.199997, 95.232, -47.7002
87.500000, 95.126, -47.7497
88.500000, 95.074, -48.1255
90.000000, 94.934, -49.3086
91.199997, 94.757, -49.9467
92.500000, 94.597, -50.1443
93.800003, 94.458, -50.0906
95.000000, 94.377, -49.7015
96.199997, 94.317, -49.6995
97.500000, 94.203, -49.5804
98.800003, 94.139, -49.5087
100.000000, 94.056, -49.7642
101.500000, 93.997, -49.6702
103.000000, 94.027, -50.1593
104.400002, 93.980, -51.0469
106.000000, 93.864, -51.2174
107.500000, 93.814, -50.9828
109.000000, 93.804, -50.8300
110.599998, 93.771, -51.3011
112.000000, 93.621, -51.5405
113.800003, 93.514, -50.9736
115.000000, 93.472, -51.1991
117.199997, 93.337, -51.4379
118.000000, 93.291, -51.4609
120.599998, 93.210, -51.0760
122.000000, 93.187, -51.0165
124.099998, 93.110, -50.8969
125.000000, 93.071, -50.7670
126.500000, 93.020, -50.5200
128.000000, 92.986, -50.3741
131.500000, 92.916, -50.3520
132.000000, 92.907, -50.3472
134.000000, 92.869, -50.3911
136.000000, 92.825, -50.2947
138.000000, 92.806, -50.1656
140.000000, 92.780, -50.0854
143.000000, 92.746, -49.9083
145.000000, 92.722, -49.8031
147.500000, 92.700, -49.6011
150.000000, 92.701, -49.3553
152.500000, 92.684, -49.2949
155.000000, 92.645, -49.2776
157.500000, 92.626, -49.1569
160.000000, 92.655, -49.0184
162.500000, 92.700, -48.8386
165.000000, 92.734, -48.8208
167.500000, 92.726, -48.7897
170.000000, 92.706, -48.6871
172.500000, 92.692, -48.6554
175.000000, 92.691, -48.7023
177.500000, 92.704, -48.7796
180.000000, 92.716, -48.7515
182.500000, 92.725, -48.6221
185.000000, 92.719, -48.5106
187.500000, 92.719, -48.3585
190.000000, 92.725, -48.3267
192.500000, 92.719, -48.2729
195.000000, 92.708, -48.2246
197.500000, 92.694, -48.2443
200.000000, 92.689, -48.2509
203.000000, 92.705, -48.1129
206.000000, 92.730, -47.7372
209.000000, 92.767, -47.2427
212.000000, 92.835, -46.9349
214.000000, 92.893, -46.9249
218.000000, 92.987, -47.2081
220.000000, 93.012, -47.4310
224.000000, 93.035, -47.7490
227.000000, 93.051, -47.8676
230.000000, 93.067, -48.0025
233.000000, 93.086, -48.2280
236.000000, 93.104, -48.4252
240.000000, 93.125, -48.5688
243.000000, 93.136, -48.6350
247.000000, 93.142, -48.7195
250.000000, 93.148, -48.8181
254.000000, 93.161, -48.8741
258.000000, 93.173, -48.9534
262.000000, 93.187, -49.1206
265.000000, 93.197, -49.1749
269.000000, 93.209, -49.2355
272.000000, 93.222, -49.2990
276.000000, 93.243, -49.2651
280.000000, 93.263, -49.2982
285.000000, 93.263, -49.5090
290.000000, 93.272, -49.6063
295.000000, 93.295, -49.6174
300.000000, 93.303, -49.6473
304.000000, 93.309, -49.6746
307.000000, 93.317, -49.6776
311.000000, 93.315, -49.7119
315.000000, 93.311, -49.6153
320.000000, 93.325, -49.5165
325.000000, 93.338, -49.5922
330.000000, 93.357, -49.6144
335.000000, 93.361, -49.5936
340.000000, 93.354, -49.5153
345.000000, 93.337, -49.3864
350.000000, 93.317, -49.2109
355.000000, 93.309, -49.1140
360.000000, 93.317, -49.0500
365.000000, 93.327, -48.9578
370.000000, 93.329, -48.8362
375.000000, 93.326, -48.7091
382.000000, 93.329, -48.4576
387.000000, 93.329, -48.2059
395.000000, 93.307, -47.8777
400.000000, 93.295, -47.7314
406.000000, 93.285, -47.4907
412.000000, 93.278, -47.2177
418.000000, 93.265, -46.9315
425.000000, 93.253, -46.5608
431.000000, 93.246, -46.2506
437.000000, 93.223, -45.8857
444.000000, 93.189, -45.4489
450.000000, 93.187, -44.9967
455.000000, 93.196, -44.6907
462.000000, 93.187, -44.3699
468.000000, 93.171, -44.0688
475.000000, 93.153, -43.5479
482.000000, 93.146, -42.9475
487.000000, 93.147, -42.5339
494.000000, 93.142, -41.9703
500.000000, 93.135, -41.4709
508.000000, 93.121, -40.7855
515.000000, 93.100, -40.2790
522.000000, 93.098, -39.7571
530.000000, 93.094, -38.9736
538.000000, 93.085, -38.1594
545.000000, 93.077, -37.5258
552.000000, 93.075, -36.9079
560.000000, 93.074, -36.1028
570.000000, 93.061, -35.0234
580.000000, 93.047, -33.9779
590.000000, 93.044, -32.8969
600.000000, 93.035, -31.7355
608.000000, 93.023, -30.7872
615.000000, 93.007, -29.9824
622.000000, 92.995, -29.1912
630.000000, 92.987, -28.2087
640.000000, 92.981, -26.9472
650.000000, 92.971, -25.6542
660.000000, 92.966, -24.3516
670.000000, 92.966, -23.0195
680.000000, 92.976, -21.6037
690.000000, 92.982, -20.2368
700.000000, 92.979, -18.8287
710.000000, 92.964, -17.3917
720.000000, 92.950, -15.9409
730.000000, 92.951, -14.4991
740.000000, 92.934, -12.9949
750.000000, 92.921, -11.4076
762.000000, 92.940, -9.6199
775.000000, 92.951, -7.6998
788.000000, 92.977, -5.6488
800.000000, 93.005, -3.8265
812.000000, 93.017, -1.9936
825.000000, 93.032, 0.0448
838.000000, 93.055, 2.0580
850.000000, 93.077, 3.8781
862.000000, 93.096, 5.7220
875.000000, 93.116, 7.7979
885.000000, 93.134, 9.3710
900.000000, 93.171, 11.6753
912.000000, 93.208, 13.4941
925.000000, 93.246, 15.4935
938.000000, 93.283, 17.5235
950.000000, 93.315, 19.3708
962.000000, 93.352, 21.1481
975.000000, 93.395, 23.0305
988.000000, 93.432, 24.9291
1000.000000, 93.457, 26.6954
1015.000000, 93.484, 28.9027
1030.000000, 93.514, 31.1086
1044.000000, 93.552, 33.1481
1060.000000, 93.597, 35.4163
1075.000000, 93.626, 37.5296
1090.000000, 93.651, 39.6841
1106.000000, 93.689, 42.0179
1120.000000, 93.737, 44.0038
1138.000000, 93.805, 46.5231
1150.000000, 93.843, 48.2209
1172.000000, 93.892, 51.3591
1180.000000, 93.908, 52.4899
1206.000000, 93.970, 56.1781
1220.000000, 94.004, 58.1973
1241.000000, 94.050, 61.1333
1250.000000, 94.069, 62.4254
1265.000000, 94.096, 64.6477
1280.000000, 94.116, 66.9304
1315.000000, 94.195, 72.3829
1320.000000, 94.213, 73.1624
1340.000000, 94.290, 76.2297
1360.000000, 94.353, 79.1637
1380.000000, 94.397, 81.9675
1400.000000, 94.435, 84.7328
1430.000000, 94.496, 88.9877
1450.000000, 94.539, 91.8597
1475.000000, 94.598, 95.5026
1500.000000, 94.666, 99.1823
1525.000000, 94.745, 102.8742
1550.000000, 94.831, 106.5814
1575.000000, 94.919, 110.2964
1600.000000, 95.009, 113.9783
1625.000000, 95.104, 117.6183
1650.000000, 95.212, 121.2194
1675.000000, 95.334, 124.7775
1700.000000, 95.463, 128.3147
1725.000000, 95.592, 131.8087
1750.000000, 95.721, 135.2704
1775.000000, 95.856, 138.6814
1800.000000, 96.004, 142.0269
1825.000000, 96.162, 145.3035
1850.000000, 96.323, 148.5247
1875.000000, 96.486, 151.7017
1900.000000, 96.657, 154.7948
1925.000000, 96.836, 157.8038
1950.000000, 97.018, 160.7354
1975.000000, 97.199, 163.5920
2000.000000, 97.377, 166.3737
2030.000000, 97.589, 169.6104
2060.000000, 97.804, 172.7458
2090.000000, 98.021, 175.7946
2120.000000, 98.240, 178.8052
2140.000000, 98.389, -179.1958
2180.000000, 98.707, -175.1984
2200.000000, 98.877, -173.2041
2240.000000, 99.251, -169.4481
2270.000000, 99.547, -166.9700
2300.000000, 99.841, -164.7206
2330.000000, 100.144, -162.6222
2360.000000, 100.468, -160.7714
2400.000000, 100.906, -158.9799
2430.000000, 101.203, -158.1263
2470.000000, 101.541, -157.3607
2500.000000, 101.750, -156.9283
2540.000000, 101.965, -156.4892
2580.000000, 102.113, -156.1821
2620.000000, 102.198, -155.9148
2650.000000, 102.233, -155.7038
2690.000000, 102.251, -155.3900
2720.000000, 102.246, -155.1220
2760.000000, 102.212, -154.7477
2800.000000, 102.144, -154.3382
2850.000000, 102.010, -153.7790
2900.000000, 101.835, -153.1483
2950.000000, 101.638, -152.3341
3000.000000, 101.427, -151.2295
3040.000000, 101.253, -150.1854
3070.000000, 101.123, -149.3486
3110.000000, 100.959, -148.1729
3150.000000, 100.816, -146.9865
3200.000000, 100.670, -145.6555
3250.000000, 100.525, -144.5872
3300.000000, 100.349, -143.6510
3350.000000, 100.140, -142.6456
3400.000000, 99.919, -141.4734
3450.000000, 99.715, -140.1628
3500.000000, 99.550, -138.8702
3550.000000, 99.423, -137.7369
3600.000000, 99.310, -136.7819
3650.000000, 99.189, -135.9717
3700.000000, 99.059, -135.2867
3750.000000, 98.930, -134.7152
3820.000000, 98.753, -134.0538
3870.000000, 98.623, -133.6678
3950.000000, 98.416, -133.1816
4000.000000, 98.291, -132.9173
4060.000000, 98.142, -132.6591
4120.000000, 97.995, -132.5250
4180.000000, 97.851, -132.5139
4250.000000, 97.700, -132.6649
4310.000000, 97.583, -132.9475
4370.000000, 97.466, -133.3985
4440.000000, 97.324, -134.1703
4500.000000, 97.200, -135.0515
4550.000000, 97.099, -135.9435
4620.000000, 96.964, -137.4195
4680.000000, 96.849, -138.8693
4750.000000, 96.714, -140.7744
4820.000000, 96.577, -142.9084
4870.000000, 96.478, -144.5828
4940.000000, 96.335, -147.1412
5000.000000, 96.210, -149.5235
5080.000000, 96.050, -152.9729
5150.000000, 95.918, -156.2343
5220.000000, 95.785, -159.7149
5300.000000, 95.617, -163.9575
5380.000000, 95.428, -168.4615
5450.000000, 95.257, -172.6178
5520.000000, 95.090, -176.9599
5600.000000, 94.911, 177.8463
5700.000000, 94.697, 171.0554
5800.000000, 94.479, 163.9585
5900.000000, 94.257, 156.5533
6000.000000, 94.044, 148.8130
6080.000000, 93.892, 142.3823
6150.000000, 93.775, 136.5789
6220.000000, 93.672, 130.5972
6300.000000, 93.567, 123.5384
6400.000000, 93.457, 114.3749
6500.000000, 93.384, 104.8059
6600.000000, 93.357, 94.7932
6700.000000, 93.375, 84.3219
6800.000000, 93.436, 73.4402
6900.000000, 93.561, 62.2945
7000.000000, 93.760, 50.9699
7100.000000, 94.017, 39.3299
7200.000000, 94.327, 27.2363
7300.000000, 94.696, 14.5657
7400.000000, 95.116, 1.2140
7500.000000, 95.572, -12.9095
7620.000000, 96.162, -31.0585
7750.000000, 96.806, -52.4185
7880.000000, 97.297, -75.7263
8000.000000, 97.540, -98.9036
8120.000000, 97.498, -123.2571
8250.000000, 97.048, -150.1167
8380.000000, 96.184, -176.4417
8500.000000, 95.097, 160.4837
8620.000000, 93.828, 138.9471
8750.000000, 92.343, 117.4199
8850.000000, 91.180, 102.0834
9000.000000, 89.503, 80.9213
9120.000000, 88.290, 65.5381
9250.000000, 87.179, 50.2576
9380.000000, 86.369, 35.9102
9500.000000, 85.957, 22.6187
9620.000000, 85.844, 8.3668
9750.000000, 85.920, -8.7768
9880.000000, 86.034, -27.6904
10000.000000, 86.070, -46.2844
10150.000000, 85.979, -70.3140
10300.000000, 85.761, -94.4779
10440.000000, 85.491, -116.6508
10600.000000, 85.163, -141.4709
10750.000000, 84.882, -164.4198
10900.000000, 84.664, 172.7908
11060.000000, 84.526, 148.5356
11200.000000, 84.494, 127.2260
11380.000000, 84.591, 99.5370
11500.000000, 84.749, 80.8234
11720.000000, 85.245, 45.7731
11800.000000, 85.495, 32.7213
12060.000000, 86.578, -11.2471
12200.000000, 87.335, -36.2163
12410.000000, 88.683, -76.0642
12500.000000, 89.324, -94.2782
12650.000000, 90.412, -126.4844
12800.000000, 91.393, -161.1766
13150.000000, 92.202, 110.6033
13200.000000, 92.085, 97.7823
13400.000000, 91.091, 47.7081
13600.000000, 89.581, 0.6610
13800.000000, 87.986, -43.2729
14000.000000, 86.561, -84.8738
14300.000000, 84.878, -144.7561
14500.000000, 84.045, 176.0109
14750.000000, 83.310, 127.0844
15000.000000, 82.901, 77.9064
15250.000000, 82.814, 27.9003
15500.000000, 83.037, -23.3883
15750.000000, 83.520, -75.6064
16000.000000, 84.182, -129.1580
16250.000000, 84.936, 175.0845
16500.000000, 85.654, 116.8022
16750.000000, 86.162, 56.1792
17000.000000, 86.292, -6.0962
17250.000000, 85.980, -68.9993
17500.000000, 85.310, -131.6123
17750.000000, 84.485, 166.5005
18000.000000, 83.686, 105.0857
18250.000000, 82.995, 43.5596
18500.000000, 82.425, -18.5378
18750.000000, 81.951, -81.4858
19000.000000, 81.431, -144.8862
19250.000000, 80.598, 151.9727
19500.000000, 79.233, 89.8240
19750.000000, 77.331, 29.4390
20000.000000, 75.037, -28.5674
20300.000000, 72.258, -94.8486
20600.000000, 70.128, -159.2583
20900.000000, 68.548, 136.4661
21200.000000, 67.248, 72.0818
21400.000000, 66.573, 29.3008
21800.000000, 65.833, -57.2241
22000.000000, 65.635, -101.2842
22400.000000, 64.686, 166.9072
22700.000000, 62.991, 89.2913
23000.000000, 60.474, 7.0376
23300.000000, 57.259, -59.1091
23600.000000, 53.200, -104.2925
24000.000000, 47.312, -132.6418
