* Measurement data measured by REW V5.31.3
* Source: Analog 1/2 (2- E2x2), LINE_IN (Master Volume), L, volume: 1.000. Timing signal peak level -36.0 dBFS, measurement signal peak level -35.4 dBFS
* Format: 2M Log Swept Sine, 1 sweep at -19.2 dBFS using an acoustic timing reference
* Dated: Apr 9, 2025 11:55:57 AM
* REW Settings:
*  C-weighting compensation: Off
*  Target level: 85.0 dB
* Note: ; E2x2 Delay -0.4786 ms (-164 mm, -6.46 in) using estimated IR delay relative to Acoustic reference played from SPEAKER L with no timing offset Clock adjustment: 6.2 ppm
* Measurement: Default L
* Smoothing: 1/24 octave
* Frequency Step: 1/48 octave
* Start Frequency: 1.000 Hz
*
* Freq(Hz), SPL(dB), Phase(degrees)
1.000000, 57.537, 19.1415
1.015000, 57.653, 18.0678
1.030000, 57.770, 16.9484
1.044000, 57.881, 15.8589
1.060000, 58.010, 14.5572
1.075000, 58.133, 13.2782
1.090000, 58.260, 11.9392
1.106000, 58.397, 10.4484
1.120000, 58.517, 9.1030
1.138000, 58.670, 7.3314
1.150000, 58.773, 6.1285
1.172000, 58.959, 3.8857
1.180000, 59.027, 3.0599
1.206000, 59.247, 0.3455
1.220000, 59.367, -1.1324
1.241000, 59.547, -3.3662
1.250000, 59.625, -4.3291
1.265000, 59.755, -5.9404
1.280000, 59.887, -7.5595
1.315000, 60.201, -11.3668
1.320000, 60.246, -11.9142
1.340000, 60.431, -14.1134
1.360000, 60.621, -16.3295
1.380000, 60.815, -18.5649
1.400000, 61.015, -20.8226
1.430000, 61.325, -24.2581
1.450000, 61.541, -26.5852
1.475000, 61.820, -29.5287
1.500000, 62.111, -32.4750
1.525000, 62.414, -35.3905
1.550000, 62.727, -38.2570
1.575000, 63.048, -41.0637
1.600000, 63.377, -43.8051
1.625000, 63.712, -46.4799
1.650000, 64.051, -49.0902
1.675000, 64.394, -51.6406
1.700000, 64.739, -54.1377
1.725000, 65.085, -56.5890
1.750000, 65.430, -59.0028
1.775000, 65.773, -61.3875
1.800000, 66.113, -63.7516
1.825000, 66.449, -66.1001
1.850000, 66.784, -68.4252
1.875000, 67.121, -70.7068
1.900000, 67.460, -72.9323
1.925000, 67.801, -75.0967
1.950000, 68.144, -77.1987
1.975000, 68.487, -79.2389
2.000000, 68.829, -81.2201
2.030000, 69.238, -83.5249
2.060000, 69.644, -85.7586
2.090000, 70.045, -87.9304
2.120000, 70.440, -90.0504
2.140000, 70.699, -91.4401
2.180000, 71.206, -94.1753
2.200000, 71.453, -95.5247
2.240000, 71.939, -98.1814
2.270000, 72.296, -100.1274
2.300000, 72.649, -102.0278
2.330000, 72.996, -103.8806
2.360000, 73.338, -105.6858
2.400000, 73.785, -108.0211
2.430000, 74.114, -109.7223
2.470000, 74.544, -111.9303
2.500000, 74.859, -113.5466
2.540000, 75.272, -115.6578
2.580000, 75.673, -117.7303
2.620000, 76.064, -119.7717
2.650000, 76.350, -121.2796
2.690000, 76.722, -123.2536
2.720000, 76.994, -124.7039
2.760000, 77.349, -126.5950
2.800000, 77.696, -128.4366
2.850000, 78.118, -130.6707
2.900000, 78.529, -132.8345
2.950000, 78.928, -134.9417
3.000000, 79.314, -137.0117
3.040000, 79.613, -138.6417
3.070000, 79.832, -139.8463
3.110000, 80.118, -141.4254
3.150000, 80.397, -142.9714
3.200000, 80.737, -144.8548
3.250000, 81.068, -146.6825
3.300000, 81.393, -148.4585
3.350000, 81.708, -150.1959
3.400000, 82.014, -151.9034
3.450000, 82.310, -153.5793
3.500000, 82.599, -155.2209
3.550000, 82.881, -156.8259
3.600000, 83.156, -158.3929
3.650000, 83.427, -159.9224
3.700000, 83.693, -161.4186
3.750000, 83.952, -162.8875
3.820000, 84.305, -164.9025
3.870000, 84.550, -166.3133
3.950000, 84.932, -168.5240
4.000000, 85.166, -169.8786
4.060000, 85.442, -171.4790
4.120000, 85.712, -173.0543
4.180000, 85.976, -174.6065
4.250000, 86.276, -176.3911
4.310000, 86.528, -177.9019
4.370000, 86.774, -179.3990
4.440000, 87.054, 178.8667
4.500000, 87.289, 177.3894
4.550000, 87.481, 176.1662
4.620000, 87.743, 174.4676
4.680000, 87.961, 173.0248
4.750000, 88.207, 171.3539
4.820000, 88.446, 169.6868
4.870000, 88.612, 168.4954
4.940000, 88.837, 166.8330
5.000000, 89.023, 165.4207
5.080000, 89.262, 163.5643
5.150000, 89.462, 161.9620
5.220000, 89.652, 160.3647
5.300000, 89.859, 158.5464
5.380000, 90.056, 156.7569
5.450000, 90.219, 155.2297
5.520000, 90.375, 153.7397
5.600000, 90.542, 152.0626
5.700000, 90.738, 150.0051
5.800000, 90.921, 148.0228
5.900000, 91.095, 146.1379
6.000000, 91.257, 144.3305
6.080000, 91.380, 142.9333
6.150000, 91.485, 141.7505
6.220000, 91.590, 140.6097
6.300000, 91.709, 139.3593
6.400000, 91.855, 137.8644
6.500000, 92.001, 136.4215
6.600000, 92.152, 135.0151
6.700000, 92.308, 133.6520
6.800000, 92.468, 132.3215
6.900000, 92.632, 130.9861
7.000000, 92.800, 129.6233
7.100000, 92.973, 128.2426
7.200000, 93.148, 126.8364
7.300000, 93.322, 125.3802
7.400000, 93.492, 123.8601
7.500000, 93.659, 122.2852
7.620000, 93.851, 120.3398
7.750000, 94.041, 118.1581
7.880000, 94.212, 115.8920
8.000000, 94.350, 113.7792
8.120000, 94.464, 111.6738
8.250000, 94.562, 109.3853
8.380000, 94.634, 107.1592
8.500000, 94.678, 105.2066
8.620000, 94.700, 103.3394
8.750000, 94.708, 101.4600
8.850000, 94.705, 100.1505
9.000000, 94.689, 98.3978
9.120000, 94.677, 97.1752
9.250000, 94.674, 96.0502
9.380000, 94.682, 95.1138
9.500000, 94.710, 94.3582
9.620000, 94.764, 93.6852
9.750000, 94.847, 93.0221
9.880000, 94.950, 92.3330
10.000000, 95.059, 91.6327
10.150000, 95.210, 90.6503
10.300000, 95.369, 89.4682
10.440000, 95.519, 88.1700
10.600000, 95.683, 86.4832
10.750000, 95.820, 84.7051
10.900000, 95.935, 82.7843
11.060000, 96.022, 80.6569
11.200000, 96.066, 78.7500
11.380000, 96.076, 76.3561
11.500000, 96.055, 74.8313
11.720000, 95.970, 72.2708
11.800000, 95.928, 71.4478
12.060000, 95.765, 69.2022
12.200000, 95.677, 68.2973
12.410000, 95.559, 67.3129
12.500000, 95.520, 67.0066
12.650000, 95.475, 66.6293
12.800000, 95.456, 66.3499
13.150000, 95.524, 65.7529
13.200000, 95.544, 65.6429
13.400000, 95.642, 65.0917
13.600000, 95.756, 64.3341
13.800000, 95.867, 63.3626
14.000000, 95.960, 62.2258
14.300000, 96.050, 60.3346
14.500000, 96.073, 59.0560
14.750000, 96.064, 57.5492
15.000000, 96.026, 56.2246
15.250000, 95.977, 55.1315
15.500000, 95.931, 54.2617
15.750000, 95.898, 53.5715
16.000000, 95.887, 52.9865
16.250000, 95.899, 52.4230
16.500000, 95.930, 51.8124
16.750000, 95.973, 51.1046
17.000000, 96.021, 50.2810
17.250000, 96.065, 49.3489
17.500000, 96.098, 48.3347
17.750000, 96.116, 47.2790
18.000000, 96.118, 46.2243
18.250000, 96.107, 45.2103
18.500000, 96.087, 44.2663
18.750000, 96.064, 43.4056
19.000000, 96.044, 42.6270
19.250000, 96.033, 41.9129
19.500000, 96.031, 41.2377
19.750000, 96.038, 40.5753
20.000000, 96.052, 39.9047
20.299999, 96.073, 39.0771
20.600000, 96.093, 38.2313
20.900000, 96.110, 37.3897
21.200001, 96.123, 36.5789
21.400000, 96.130, 36.0640
21.799999, 96.147, 35.0955
22.000000, 96.158, 34.6337
22.400000, 96.185, 33.7244
22.700001, 96.206, 33.0362
23.000000, 96.226, 32.3388
23.299999, 96.240, 31.6411
23.600000, 96.248, 30.9576
24.000000, 96.253, 30.0875
24.299999, 96.254, 29.4691
24.700001, 96.253, 28.6819
25.000000, 96.250, 28.1131
25.400000, 96.243, 27.3833
25.799999, 96.232, 26.6955
26.200001, 96.220, 26.0575
26.500000, 96.213, 25.6091
26.900000, 96.209, 25.0409
27.200001, 96.210, 24.6285
27.600000, 96.219, 24.0834
28.000000, 96.236, 23.5177
28.500000, 96.266, 22.7192
29.000000, 96.286, 21.7782
29.500000, 96.271, 20.7917
30.000000, 96.218, 19.9971
30.400000, 96.169, 19.6201
30.700001, 96.146, 19.4692
31.100000, 96.147, 19.3186
31.500000, 96.175, 19.0625
32.000000, 96.209, 18.4860
32.500000, 96.200, 17.7952
33.000000, 96.156, 17.2906
33.500000, 96.120, 17.0634
34.000000, 96.126, 16.9089
34.500000, 96.158, 16.5872
35.000000, 96.180, 16.0765
35.500000, 96.177, 15.5256
36.000000, 96.164, 15.0475
36.500000, 96.153, 14.6287
37.000000, 96.147, 14.2134
37.500000, 96.138, 13.7972
38.200001, 96.124, 13.2708
38.700001, 96.122, 12.9231
39.500000, 96.131, 12.2791
40.000000, 96.130, 11.7860
40.599998, 96.108, 11.1735
41.200001, 96.066, 10.6764
41.799999, 96.026, 10.3621
42.500000, 96.010, 10.0748
43.099998, 96.013, 9.7339
43.700001, 96.007, 9.3413
44.400002, 95.998, 8.9573
45.000000, 96.005, 8.6332
45.500000, 96.013, 8.2862
46.200001, 95.999, 7.7739
46.799999, 95.975, 7.5020
47.500000, 95.977, 7.3372
48.200001, 96.010, 6.9770
48.700001, 96.015, 6.5497
49.400002, 95.975, 5.9982
50.000000, 95.924, 5.7754
50.799999, 95.883, 5.6853
51.500000, 95.863, 5.6320
52.200001, 95.858, 5.6725
53.000000, 95.908, 5.5635
53.799999, 95.947, 4.8900
54.500000, 95.903, 4.2063
55.200001, 95.828, 3.8800
56.000000, 95.776, 3.7439
57.000000, 95.735, 3.4996
58.000000, 95.722, 3.3027
59.000000, 95.752, 2.6503
60.000000, 95.682, 1.6142
60.799999, 95.558, 1.3754
61.500000, 95.491, 1.7081
62.200001, 95.492, 2.1838
63.000000, 95.560, 2.5398
64.000000, 95.672, 2.2437
65.000000, 95.684, 1.5591
66.000000, 95.676, 1.0983
67.000000, 95.662, 0.3054
68.000000, 95.612, -0.3995
69.000000, 95.584, -1.2640
70.000000, 95.480, -1.7977
71.000000, 95.472, -1.5565
72.000000, 95.493, -1.8159
73.000000, 95.413, -1.3965
74.000000, 95.448, -0.5922
75.000000, 95.413, -0.7146
76.199997, 95.227, 0.0197
77.500000, 95.199, 0.3840
78.800003, 95.015, -0.7456
80.000000, 94.816, -0.5626
81.199997, 94.865, -0.7506
82.500000, 94.853, -1.9681
83.800003, 94.733, -2.4300
85.000000, 94.648, -1.6489
86.199997, 94.702, -1.0654
87.500000, 94.690, -1.2956
88.500000, 94.649, -1.4597
90.000000, 94.536, -2.0636
91.199997, 94.398, -1.9945
92.500000, 94.339, -1.5261
93.800003, 94.298, -1.3536
95.000000, 94.230, -0.9797
96.199997, 94.195, -0.4857
97.500000, 94.165, -0.3334
98.800003, 94.086, -0.2418
100.000000, 94.016, 0.2413
101.500000, 94.009, 0.7463
103.000000, 93.958, 0.4993
104.400002, 93.806, 0.2902
106.000000, 93.645, 0.4804
107.500000, 93.607, 0.5056
109.000000, 93.650, 0.2386
110.599998, 93.707, -0.2597
112.000000, 93.683, -0.2896
113.800003, 93.561, 0.4747
115.000000, 93.465, 1.3286
117.199997, 93.314, 2.2050
118.000000, 93.265, 2.2786
120.599998, 93.184, 2.3273
122.000000, 93.186, 2.3524
124.099998, 93.129, 2.9011
125.000000, 93.094, 3.3451
126.500000, 93.027, 4.0392
128.000000, 92.945, 4.5446
131.500000, 92.767, 5.2757
132.000000, 92.747, 5.3881
134.000000, 92.677, 5.9271
136.000000, 92.608, 6.5603
138.000000, 92.521, 7.1680
140.000000, 92.427, 7.7775
143.000000, 92.312, 8.5016
145.000000, 92.242, 8.8882
147.500000, 92.168, 9.5532
150.000000, 92.093, 10.2854
152.500000, 92.016, 11.1212
155.000000, 91.937, 11.9517
157.500000, 91.869, 12.9533
160.000000, 91.802, 13.7264
162.500000, 91.702, 14.4058
165.000000, 91.631, 15.1982
167.500000, 91.589, 15.9568
170.000000, 91.540, 16.6533
172.500000, 91.479, 17.3330
175.000000, 91.411, 18.0524
177.500000, 91.323, 18.9358
180.000000, 91.240, 19.9274
182.500000, 91.197, 20.7224
185.000000, 91.138, 21.1643
187.500000, 91.063, 22.1345
190.000000, 91.064, 23.0167
192.500000, 91.074, 23.7582
195.000000, 91.057, 24.8723
197.500000, 90.985, 26.1728
200.000000, 90.889, 27.0825
203.000000, 90.822, 27.5389
206.000000, 90.825, 28.2941
209.000000, 90.825, 29.5518
212.000000, 90.793, 30.6855
214.000000, 90.765, 31.3033
218.000000, 90.718, 32.3809
220.000000, 90.701, 32.8383
224.000000, 90.677, 33.9514
227.000000, 90.651, 34.9736
230.000000, 90.626, 35.8784
233.000000, 90.619, 36.6299
236.000000, 90.618, 37.3427
240.000000, 90.604, 38.3251
243.000000, 90.585, 39.1698
247.000000, 90.557, 40.2749
250.000000, 90.549, 41.0643
254.000000, 90.545, 42.0151
258.000000, 90.542, 42.8700
262.000000, 90.545, 43.8241
265.000000, 90.546, 44.5334
269.000000, 90.550, 45.3953
272.000000, 90.551, 45.9988
276.000000, 90.538, 46.7313
280.000000, 90.529, 47.4611
285.000000, 90.539, 48.4475
290.000000, 90.544, 49.4542
295.000000, 90.541, 50.3387
300.000000, 90.553, 51.1649
304.000000, 90.556, 51.8333
307.000000, 90.561, 52.3391
311.000000, 90.569, 52.9807
315.000000, 90.582, 53.6140
320.000000, 90.600, 54.2162
325.000000, 90.609, 54.9070
330.000000, 90.623, 55.7258
335.000000, 90.632, 56.4004
340.000000, 90.645, 57.0110
345.000000, 90.655, 57.5397
350.000000, 90.660, 58.0600
355.000000, 90.663, 58.6053
360.000000, 90.661, 59.1303
365.000000, 90.658, 59.6387
370.000000, 90.673, 60.0527
375.000000, 90.705, 60.5359
382.000000, 90.717, 60.9919
387.000000, 90.702, 61.3142
395.000000, 90.701, 61.7898
400.000000, 90.712, 62.1494
406.000000, 90.734, 62.5049
412.000000, 90.752, 62.8999
418.000000, 90.756, 63.3486
425.000000, 90.759, 63.6440
431.000000, 90.749, 64.0051
437.000000, 90.753, 64.3600
444.000000, 90.766, 64.6340
450.000000, 90.774, 64.8420
455.000000, 90.777, 65.0868
462.000000, 90.777, 65.4772
468.000000, 90.768, 65.8056
475.000000, 90.755, 66.1327
482.000000, 90.750, 66.4312
487.000000, 90.753, 66.6118
494.000000, 90.767, 66.8289
500.000000, 90.780, 66.9856
508.000000, 90.792, 67.2281
515.000000, 90.796, 67.4783
522.000000, 90.795, 67.7327
530.000000, 90.789, 67.9990
538.000000, 90.789, 68.2103
545.000000, 90.796, 68.3881
552.000000, 90.806, 68.5929
560.000000, 90.817, 68.7593
570.000000, 90.815, 68.9144
580.000000, 90.808, 69.1718
590.000000, 90.804, 69.4059
600.000000, 90.802, 69.5347
608.000000, 90.802, 69.6381
615.000000, 90.803, 69.7617
622.000000, 90.803, 69.8787
630.000000, 90.807, 69.9836
640.000000, 90.820, 70.0688
650.000000, 90.833, 70.1219
660.000000, 90.831, 70.2635
670.000000, 90.822, 70.4268
680.000000, 90.814, 70.5502
690.000000, 90.819, 70.6854
700.000000, 90.831, 70.7910
710.000000, 90.846, 70.8624
720.000000, 90.864, 70.9358
730.000000, 90.878, 71.0134
740.000000, 90.888, 71.0972
750.000000, 90.898, 71.1654
762.000000, 90.911, 71.2191
775.000000, 90.931, 71.2421
788.000000, 90.959, 71.2267
800.000000, 90.990, 71.1854
812.000000, 91.021, 71.0955
825.000000, 91.055, 71.0092
838.000000, 91.089, 70.9308
850.000000, 91.125, 70.7747
862.000000, 91.165, 70.5599
875.000000, 91.205, 70.3500
885.000000, 91.233, 70.1854
900.000000, 91.278, 69.8767
912.000000, 91.315, 69.5888
925.000000, 91.355, 69.2531
938.000000, 91.396, 68.8926
950.000000, 91.437, 68.5367
962.000000, 91.483, 68.1580
975.000000, 91.540, 67.6912
988.000000, 91.599, 67.1619
1000.000000, 91.654, 66.6477
1015.000000, 91.721, 65.9859
1030.000000, 91.784, 65.2921
1044.000000, 91.838, 64.6277
1060.000000, 91.888, 63.8666
1075.000000, 91.922, 63.2680
1090.000000, 91.965, 62.6018
1106.000000, 92.054, 61.6992
1120.000000, 92.141, 60.9137
1138.000000, 92.249, 59.8527
1150.000000, 92.312, 59.1887
1172.000000, 92.422, 57.8863
1180.000000, 92.460, 57.3787
1206.000000, 92.565, 55.7756
1220.000000, 92.617, 54.8981
1241.000000, 92.715, 53.4937
1250.000000, 92.766, 52.8661
1265.000000, 92.858, 51.8088
1280.000000, 92.951, 50.7403
1315.000000, 93.146, 48.2147
1320.000000, 93.172, 47.8433
1340.000000, 93.263, 46.3268
1360.000000, 93.329, 44.7867
1380.000000, 93.394, 43.2048
1400.000000, 93.485, 41.5655
1430.000000, 93.648, 39.0208
1450.000000, 93.762, 37.2930
1475.000000, 93.915, 35.0419
1500.000000, 94.069, 32.6955
1525.000000, 94.206, 30.3120
1550.000000, 94.326, 27.8699
1575.000000, 94.450, 25.3248
1600.000000, 94.589, 22.6685
1625.000000, 94.733, 19.9430
1650.000000, 94.873, 17.1533
1675.000000, 95.005, 14.2960
1700.000000, 95.127, 11.3758
1725.000000, 95.240, 8.4091
1750.000000, 95.354, 5.3652
1775.000000, 95.477, 2.2389
1800.000000, 95.601, -0.9135
1825.000000, 95.722, -4.1199
1850.000000, 95.843, -7.3839
1875.000000, 95.961, -10.7090
1900.000000, 96.072, -14.0734
1925.000000, 96.171, -17.4814
1950.000000, 96.263, -20.9012
1975.000000, 96.352, -24.2909
2000.000000, 96.444, -27.6531
2030.000000, 96.560, -31.6678
2060.000000, 96.680, -35.6473
2090.000000, 96.789, -39.5656
2120.000000, 96.873, -43.3494
2140.000000, 96.915, -45.7937
2180.000000, 96.999, -50.4578
2200.000000, 97.057, -52.6700
2240.000000, 97.245, -56.9640
2270.000000, 97.450, -60.3034
2300.000000, 97.677, -63.9389
2330.000000, 97.888, -67.8729
2360.000000, 98.063, -71.9545
2400.000000, 98.242, -77.4098
2430.000000, 98.342, -81.3994
2470.000000, 98.449, -86.5892
2500.000000, 98.519, -90.4264
2540.000000, 98.603, -95.4977
2580.000000, 98.674, -100.5206
2620.000000, 98.725, -105.4113
2650.000000, 98.749, -108.9792
2690.000000, 98.764, -113.5707
2720.000000, 98.766, -116.8880
2760.000000, 98.755, -121.1576
2800.000000, 98.735, -125.2935
2850.000000, 98.698, -130.2744
2900.000000, 98.647, -135.0536
2950.000000, 98.599, -139.6657
3000.000000, 98.545, -144.0732
3040.000000, 98.481, -147.4001
3070.000000, 98.417, -149.7819
3110.000000, 98.315, -152.7955
3150.000000, 98.200, -155.5948
3200.000000, 98.059, -158.7645
3250.000000, 97.937, -161.5228
3300.000000, 97.848, -163.9366
3350.000000, 97.796, -166.0732
3400.000000, 97.772, -168.0029
3450.000000, 97.775, -169.8802
3500.000000, 97.798, -171.8421
3550.000000, 97.813, -173.8350
3600.000000, 97.804, -175.7238
3650.000000, 97.771, -177.4025
3700.000000, 97.720, -178.8359
3750.000000, 97.659, -179.9825
3820.000000, 97.588, 178.8853
3870.000000, 97.562, 178.3557
3950.000000, 97.549, 177.7833
4000.000000, 97.546, 177.5449
4060.000000, 97.535, 177.3955
4120.000000, 97.514, 177.4254
4180.000000, 97.486, 177.6633
4250.000000, 97.453, 178.2112
4310.000000, 97.416, 178.9478
4370.000000, 97.366, 179.9501
4440.000000, 97.302, -178.5534
4500.000000, 97.253, -177.0156
4550.000000, 97.220, -175.5704
4620.000000, 97.180, -173.2952
4680.000000, 97.152, -171.1364
4750.000000, 97.117, -168.3523
4820.000000, 97.072, -165.2736
4870.000000, 97.033, -162.8943
4940.000000, 96.972, -159.3372
5000.000000, 96.929, -156.1006
5080.000000, 96.887, -151.5060
5150.000000, 96.851, -147.2059
5220.000000, 96.799, -142.6445
5300.000000, 96.714, -137.1575
5380.000000, 96.602, -131.4620
5450.000000, 96.496, -126.2840
5520.000000, 96.384, -121.0380
5600.000000, 96.250, -115.0090
5700.000000, 96.083, -107.2644
5800.000000, 95.923, -99.1974
5900.000000, 95.766, -90.7842
6000.000000, 95.593, -82.0182
6080.000000, 95.443, -74.7587
6150.000000, 95.318, -68.2417
6220.000000, 95.212, -61.5698
6300.000000, 95.118, -53.7700
6400.000000, 95.026, -43.7444
6500.000000, 94.945, -33.4304
6600.000000, 94.893, -22.8915
6700.000000, 94.891, -12.1617
6800.000000, 94.943, -1.2799
6900.000000, 95.049, 9.7165
7000.000000, 95.211, 20.7675
7100.000000, 95.435, 31.8048
7200.000000, 95.733, 42.7297
7300.000000, 96.097, 53.4425
7400.000000, 96.505, 63.8255
7500.000000, 96.943, 73.7555
7620.000000, 97.490, 84.9339
7750.000000, 98.051, 95.9594
7880.000000, 98.435, 105.7939
8000.000000, 98.592, 114.0098
8120.000000, 98.519, 121.8365
8250.000000, 98.149, 130.5149
8380.000000, 97.489, 140.0775
8500.000000, 96.681, 150.1110
8620.000000, 95.742, 161.5016
8750.000000, 94.631, 175.4355
8850.000000, 93.741, -172.7391
9000.000000, 92.408, -153.2852
9120.000000, 91.393, -136.3389
9250.000000, 90.380, -116.7106
9380.000000, 89.466, -95.8896
9500.000000, 88.718, -75.7113
9620.000000, 88.078, -54.6885
9750.000000, 87.545, -31.0479
9880.000000, 87.220, -6.6727
10000.000000, 87.134, 16.1377
10150.000000, 87.329, 44.2394
10300.000000, 87.767, 70.9405
10440.000000, 88.236, 94.3462
10600.000000, 88.698, 119.9004
10750.000000, 89.027, 143.5031
10900.000000, 89.299, 167.2574
11060.000000, 89.584, -167.2211
11200.000000, 89.858, -144.8560
11380.000000, 90.283, -115.9312
11500.000000, 90.635, -96.5047
11720.000000, 91.479, -60.9285
11800.000000, 91.848, -48.1394
12060.000000, 93.266, -7.5362
12200.000000, 94.169, 13.3694
12410.000000, 95.667, 42.6157
12500.000000, 96.333, 54.0982
12650.000000, 97.392, 71.5191
12800.000000, 98.264, 86.7126
13150.000000, 98.720, 116.9403
13200.000000, 98.569, 121.3381
13400.000000, 97.527, 140.9077
13600.000000, 96.064, 164.6479
13800.000000, 94.519, -167.5399
14000.000000, 93.098, -136.5446
14300.000000, 91.341, -86.0411
14500.000000, 90.436, -50.6498
14750.000000, 89.593, -5.2505
15000.000000, 89.060, 40.8945
15250.000000, 88.840, 87.3452
15500.000000, 88.986, 133.5114
15750.000000, 89.489, 178.5308
16000.000000, 90.222, -138.5771
16250.000000, 90.995, -98.7407
16500.000000, 91.538, -62.2708
16750.000000, 91.563, -28.1135
17000.000000, 90.932, 6.1168
17250.000000, 89.762, 42.7847
17500.000000, 88.336, 82.9025
17750.000000, 86.913, 126.0884
18000.000000, 85.632, 171.3311
18250.000000, 84.549, -142.4120
18500.000000, 83.692, -96.1619
18750.000000, 83.030, -50.5221
19000.000000, 82.422, -4.9722
19250.000000, 81.641, 41.2092
19500.000000, 80.482, 88.6200
19750.000000, 78.957, 137.5468
20000.000000, 77.191, -172.0504
20300.000000, 74.983, -109.2655
20600.000000, 72.921, -44.5625
20900.000000, 70.881, 23.1964
21200.000000, 69.287, 100.9473
21400.000000, 68.992, 154.0288
21800.000000, 69.453, -113.3560
22000.000000, 69.590, -72.9827
22400.000000, 68.842, -0.4392
22700.000000, 67.045, 49.9331
23000.000000, 64.104, 99.9661
23300.000000, 60.098, 153.0820
23600.000000, 55.174, -146.5820
24000.000000, 47.638, -45.2888
24300.000000, 42.436, 33.5164
24700.000000, 38.169, 92.1223
25000.000000, 36.696, 123.3643
25400.000000, 36.063, 165.1160
25800.000000, 35.890, 159.6602
26200.000000, 35.966, -170.2468
26500.000000, 35.975, -164.7737
26900.000000, 35.974, -65.7954
27200.000000, 36.067, 21.6096
27600.000000, 36.223, -176.3032
28000.000000, 36.284, -69.3066
28500.000000, 36.338, 51.9412
29000.000000, 36.319, 134.9695
29500.000000, 36.528, -157.5908
30000.000000, 36.765, -136.3003
30400.000000, 36.774, -89.6936
30700.000000, 36.845, -40.8076
31100.000000, 36.858, 47.3555
31500.000000, 36.904, 43.3770
32000.000000, 36.964, 113.7368
32500.000000, 37.092, -103.0420
33000.000000, 37.121, -145.1768
33500.000000, 37.051, -56.8120
34000.000000, 37.026, 4.7959
34500.000000, 37.127, 56.8545
35000.000000, 37.169, 125.4121
35500.000000, 37.230, -98.3477
36000.000000, 37.384, -0.2539
36500.000000, 37.494, 178.8789
37000.000000, 37.536, 159.2759
37500.000000, 37.527, 177.6162
38200.000000, 37.665, 60.2070
38700.000000, 37.766, 104.4448
39500.000000, 37.806, -100.9697
40000.000000, 37.808, -19.9497
40600.000000, 37.896, -62.8081
41200.000000, 38.129, 19.8823
41800.000000, 38.209, 50.5981
42500.000000, 38.233, 150.0151
43100.000000, 38.191, -86.9946
43700.000000, 38.180, 61.6724
44400.000000, 38.307, 159.4287
45000.000000, 38.485, -129.0396
45500.000000, 38.559, -95.7744
46200.000000, 38.496, -42.9297
46800.000000, 38.535, 13.3555
47500.000000, 38.658, 135.2598
48200.000000, 38.650, -131.9316
48700.000000, 38.725, -79.2681
49400.000000, 38.861, -68.6895
50000.000000, 38.895, 6.6851
50800.000000, 39.054, -155.4570
51500.000000, 39.095, 6.4629
52200.000000, 39.041, 172.1836
53000.000000, 38.909, -55.2744
53800.000000, 38.867, 79.8721
54500.000000, 38.906, -59.3550
55200.000000, 39.080, 19.9922
56000.000000, 39.328, 15.4136
57000.000000, 39.364, 146.5967
58000.000000, 39.410, 65.3564
59000.000000, 39.513, 104.8809
60000.000000, 39.660, 161.1309
60800.000000, 39.725, 163.8564
61500.000000, 39.708, -114.7476
62200.000000, 39.709, 38.7524
63000.000000, 39.799, 161.3901
64000.000000, 39.850, -51.4858
65000.000000, 39.900, 159.1865
66000.000000, 39.983, -64.4390
67000.000000, 40.060, 50.8809
68000.000000, 40.160, 138.6792
69000.000000, 40.282, -147.8232
70000.000000, 40.367, -158.7290
71000.000000, 40.371, 28.6030
72000.000000, 40.437, -93.6953
73000.000000, 40.556, 92.0654
74000.000000, 40.647, -149.2119
75000.000000, 40.682, -7.9863
76200.000000, 40.762, -170.1426
77500.000000, 40.843, 31.4717
78800.000000, 40.911, -31.2568
80000.000000, 40.894, 77.6738
81200.000000, 40.885, -133.2539
82500.000000, 40.884, 1.6338
83800.000000, 40.998, -160.5889
85000.000000, 41.140, -43.7607
86200.000000, 41.158, 32.9531
87500.000000, 41.181, -64.0176
88500.000000, 41.172, 44.7031
90000.000000, 40.996, -106.1953
91200.000000, 40.525, 56.1621
92500.000000, 39.273, -102.1953
93800.000000, 36.911, 84.0684
95000.000000, 34.064, -108.8691
