* Measurement data measured by REW V5.31.3
* Source: Analog 1/2 (2- E2x2), LINE_IN (Master Volume), L, volume: 1.000. Timing signal peak level -37.0 dBFS, measurement signal peak level -32.3 dBFS
* Format: 2M Log Swept Sine, 1 sweep at -19.2 dBFS using an acoustic timing reference
* Dated: Apr 9, 2025 11:37:07 AM
* REW Settings:
*  C-weighting compensation: Off
*  Target level: 85.0 dB
* Note: ; E2x2 Delay -0.1144 ms (-39 mm, -1.54 in) using estimated IR delay relative to Acoustic reference played from SPEAKER L with no timing offset Clock adjustment: 30.8 ppm
* Measurement: Custom EQ L
* Smoothing: 1/24 octave
* Frequency Step: 1/48 octave
* Start Frequency: 1.000 Hz
*
* Freq(Hz), SPL(dB), Phase(degrees)
1.000000, 54.119, 29.1350
1.015000, 54.236, 28.5464
1.030000, 54.354, 27.8773
1.044000, 54.465, 27.1762
1.060000, 54.591, 26.2796
1.075000, 54.710, 25.3419
1.090000, 54.828, 24.3076
1.106000, 54.954, 23.1085
1.120000, 55.062, 22.0041
1.138000, 55.200, 20.5318
1.150000, 55.291, 19.5217
1.172000, 55.456, 17.6160
1.180000, 55.516, 16.9067
1.206000, 55.710, 14.5453
1.220000, 55.816, 13.2393
1.241000, 55.975, 11.2361
1.250000, 56.045, 10.3613
1.265000, 56.161, 8.8813
1.280000, 56.280, 7.3730
1.315000, 56.568, 3.7368
1.320000, 56.610, 3.2032
1.340000, 56.784, 1.0307
1.360000, 56.964, -1.2061
1.380000, 57.153, -3.5124
1.400000, 57.351, -5.8931
1.430000, 57.665, -9.6146
1.450000, 57.889, -12.2002
1.475000, 58.186, -15.5294
1.500000, 58.501, -18.8873
1.525000, 58.835, -22.2113
1.550000, 59.184, -25.4724
1.575000, 59.548, -28.6550
1.600000, 59.923, -31.7523
1.625000, 60.309, -34.7641
1.650000, 60.702, -37.6948
1.675000, 61.102, -40.5526
1.700000, 61.506, -43.3477
1.725000, 61.911, -46.0911
1.750000, 62.317, -48.7944
1.775000, 62.722, -51.4687
1.800000, 63.122, -54.1238
1.825000, 63.518, -56.7625
1.850000, 63.914, -59.3613
1.875000, 64.313, -61.8794
1.900000, 64.719, -64.2999
1.925000, 65.128, -66.6213
1.950000, 65.541, -68.8478
1.975000, 65.955, -70.9864
2.000000, 66.369, -73.0454
2.030000, 66.864, -75.4244
2.060000, 67.356, -77.7189
2.090000, 67.841, -79.9455
2.120000, 68.317, -82.1201
2.140000, 68.628, -83.5483
2.180000, 69.234, -86.3689
2.200000, 69.528, -87.7632
2.240000, 70.103, -90.4948
2.270000, 70.525, -92.4751
2.300000, 70.939, -94.3927
2.330000, 71.345, -96.2494
2.360000, 71.745, -98.0489
2.400000, 72.266, -100.3684
2.430000, 72.648, -102.0559
2.470000, 73.146, -104.2490
2.500000, 73.511, -105.8599
2.540000, 73.987, -107.9752
2.580000, 74.450, -110.0634
2.620000, 74.898, -112.1213
2.650000, 75.224, -113.6383
2.690000, 75.648, -115.6195
2.720000, 75.958, -117.0721
2.760000, 76.360, -118.9636
2.800000, 76.751, -120.8048
2.850000, 77.225, -123.0408
2.900000, 77.685, -125.2141
2.950000, 78.131, -127.3423
3.000000, 78.560, -129.4439
3.040000, 78.891, -131.1028
3.070000, 79.132, -132.3295
3.110000, 79.446, -133.9372
3.150000, 79.750, -135.5094
3.200000, 80.120, -137.4214
3.250000, 80.479, -139.2729
3.300000, 80.828, -141.0705
3.350000, 81.165, -142.8350
3.400000, 81.490, -144.5771
3.450000, 81.802, -146.2899
3.500000, 82.103, -147.9645
3.550000, 82.396, -149.5935
3.600000, 82.681, -151.1715
3.650000, 82.959, -152.6972
3.700000, 83.230, -154.1804
3.750000, 83.492, -155.6352
3.820000, 83.845, -157.6267
3.870000, 84.088, -159.0125
3.950000, 84.466, -161.1562
4.000000, 84.697, -162.4460
4.060000, 84.969, -163.9444
4.120000, 85.233, -165.3989
4.180000, 85.490, -166.8166
4.250000, 85.783, -168.4285
4.310000, 86.029, -169.7762
4.370000, 86.272, -171.0937
4.440000, 86.552, -172.5914
4.500000, 86.788, -173.8416
4.550000, 86.982, -174.8637
4.620000, 87.249, -176.2733
4.680000, 87.475, -177.4688
4.750000, 87.736, -178.8554
4.820000, 87.993, 179.7691
4.870000, 88.176, 178.7967
4.940000, 88.428, 177.4462
5.000000, 88.640, 176.2933
5.080000, 88.918, 174.7528
5.150000, 89.157, 173.3955
5.220000, 89.391, 172.0312
5.300000, 89.653, 170.4690
5.380000, 89.908, 168.9064
5.450000, 90.124, 167.5377
5.520000, 90.333, 166.1625
5.600000, 90.565, 164.5767
5.700000, 90.842, 162.5866
5.800000, 91.104, 160.6136
5.900000, 91.350, 158.6628
6.000000, 91.581, 156.7123
6.080000, 91.754, 155.1639
6.150000, 91.899, 153.8348
6.220000, 92.037, 152.5378
6.300000, 92.185, 151.0855
6.400000, 92.358, 149.3021
6.500000, 92.519, 147.5766
6.600000, 92.671, 145.9365
6.700000, 92.814, 144.3770
6.800000, 92.948, 142.8852
6.900000, 93.079, 141.4686
7.000000, 93.209, 140.1383
7.100000, 93.338, 138.8907
7.200000, 93.466, 137.7091
7.300000, 93.599, 136.5796
7.400000, 93.737, 135.5029
7.500000, 93.881, 134.4771
7.620000, 94.060, 133.2762
7.750000, 94.265, 131.9765
7.880000, 94.482, 130.6817
8.000000, 94.688, 129.4611
8.120000, 94.897, 128.1866
8.250000, 95.128, 126.7526
8.380000, 95.358, 125.2596
8.500000, 95.564, 123.8176
8.620000, 95.765, 122.3209
8.750000, 95.974, 120.6580
8.850000, 96.126, 119.3536
9.000000, 96.340, 117.3586
9.120000, 96.499, 115.7570
9.250000, 96.657, 114.0312
9.380000, 96.803, 112.3148
9.500000, 96.926, 110.7596
9.620000, 97.042, 109.2419
9.750000, 97.156, 107.6359
9.880000, 97.255, 106.0791
10.000000, 97.331, 104.6895
10.150000, 97.408, 103.0095
10.300000, 97.474, 101.3898
10.440000, 97.527, 99.9288
10.600000, 97.583, 98.3104
10.750000, 97.634, 96.8358
10.900000, 97.683, 95.4007
11.060000, 97.729, 93.9133
11.200000, 97.764, 92.6482
11.380000, 97.801, 91.0847
11.500000, 97.821, 90.0854
11.720000, 97.851, 88.3567
11.800000, 97.860, 87.7663
12.060000, 97.893, 85.9882
12.200000, 97.914, 85.1217
12.410000, 97.954, 83.9249
12.500000, 97.974, 83.4418
12.650000, 98.014, 82.6691
12.800000, 98.060, 81.9170
13.150000, 98.193, 80.1535
13.200000, 98.214, 79.8926
13.400000, 98.302, 78.8156
13.600000, 98.390, 77.6823
13.800000, 98.473, 76.4966
14.000000, 98.546, 75.2832
14.300000, 98.631, 73.4644
14.500000, 98.674, 72.2943
14.750000, 98.717, 70.9116
15.000000, 98.759, 69.6271
15.250000, 98.809, 68.4236
15.500000, 98.870, 67.2593
15.750000, 98.939, 66.0888
16.000000, 99.013, 64.8718
16.250000, 99.086, 63.5910
16.500000, 99.151, 62.2519
16.750000, 99.205, 60.8792
17.000000, 99.247, 59.5090
17.250000, 99.277, 58.1739
17.500000, 99.299, 56.8983
17.750000, 99.317, 55.6910
18.000000, 99.334, 54.5465
18.250000, 99.353, 53.4509
18.500000, 99.375, 52.3872
18.750000, 99.398, 51.3441
19.000000, 99.422, 50.3178
19.250000, 99.445, 49.3135
19.500000, 99.467, 48.3406
19.750000, 99.487, 47.4077
20.000000, 99.508, 46.5184
20.299999, 99.536, 45.5018
20.600000, 99.571, 44.5193
20.900000, 99.611, 43.5431
21.200001, 99.653, 42.5506
21.400000, 99.680, 41.8757
21.799999, 99.727, 40.5061
22.000000, 99.745, 39.8235
22.400000, 99.772, 38.4954
22.700001, 99.787, 37.5462
23.000000, 99.802, 36.6335
23.299999, 99.818, 35.7389
23.600000, 99.836, 34.8408
24.000000, 99.857, 33.6169
24.299999, 99.865, 32.6883
24.700001, 99.863, 31.4839
25.000000, 99.855, 30.6423
25.400000, 99.844, 29.6246
25.799999, 99.846, 28.6860
26.200001, 99.864, 27.7320
26.500000, 99.884, 26.9559
26.900000, 99.903, 25.8315
27.200001, 99.905, 24.9600
27.600000, 99.888, 23.8537
28.000000, 99.861, 22.8918
28.500000, 99.841, 21.8886
29.000000, 99.851, 20.9376
29.500000, 99.876, 19.8684
30.000000, 99.886, 18.6988
30.400000, 99.876, 17.7899
30.700001, 99.865, 17.1622
31.100000, 99.854, 16.3896
31.500000, 99.852, 15.6370
32.000000, 99.857, 14.6357
32.500000, 99.853, 13.5558
33.000000, 99.831, 12.4784
33.500000, 99.796, 11.4846
34.000000, 99.763, 10.5866
34.500000, 99.738, 9.7438
35.000000, 99.719, 8.9096
35.500000, 99.701, 8.0597
36.000000, 99.678, 7.2031
36.500000, 99.647, 6.3813
37.000000, 99.615, 5.6321
37.500000, 99.592, 4.9366
38.200001, 99.578, 3.8998
38.700001, 99.564, 3.0465
39.500000, 99.506, 1.6646
40.000000, 99.458, 0.9399
40.599998, 99.415, 0.2065
41.200001, 99.395, -0.5264
41.799999, 99.383, -1.3434
42.500000, 99.358, -2.3292
43.099998, 99.332, -3.1258
43.700001, 99.303, -3.8783
44.400002, 99.263, -4.7157
45.000000, 99.221, -5.3911
45.500000, 99.181, -5.9336
46.200001, 99.116, -6.6902
46.799999, 99.048, -7.3258
47.500000, 98.961, -8.0320
48.200001, 98.876, -8.7380
48.700001, 98.818, -9.2631
49.400002, 98.743, -10.0309
50.000000, 98.690, -10.7411
50.799999, 98.628, -11.7809
51.500000, 98.575, -12.6910
52.200001, 98.528, -13.5157
53.000000, 98.484, -14.3070
53.799999, 98.455, -14.9182
54.500000, 98.440, -15.3976
55.200001, 98.415, -15.8450
56.000000, 98.377, -16.2372
57.000000, 98.325, -16.8488
58.000000, 98.206, -17.5054
59.000000, 98.105, -18.0149
60.000000, 97.988, -18.9045
60.799999, 97.875, -19.3218
61.500000, 97.844, -19.6855
62.200001, 97.808, -20.4315
63.000000, 97.683, -20.9867
64.000000, 97.648, -20.7789
65.000000, 97.685, -21.8679
66.000000, 97.439, -22.5921
67.000000, 97.373, -21.5002
68.000000, 97.507, -22.6592
69.000000, 97.226, -24.7587
70.000000, 96.879, -23.7033
71.000000, 97.043, -22.4072
72.000000, 97.273, -24.3734
73.000000, 97.065, -27.2117
74.000000, 96.583, -27.3216
75.000000, 96.370, -24.7034
76.199997, 96.647, -22.9062
77.500000, 96.904, -25.0983
78.800003, 96.676, -28.1329
80.000000, 96.293, -29.0787
81.199997, 96.039, -28.7487
82.500000, 95.900, -28.4114
83.800003, 95.758, -28.0790
85.000000, 95.647, -27.7043
86.199997, 95.525, -27.7518
87.500000, 95.362, -27.9689
88.500000, 95.261, -28.1843
90.000000, 95.193, -28.3651
91.199997, 95.265, -28.5789
92.500000, 95.333, -29.2909
93.800003, 95.261, -29.6188
95.000000, 95.117, -28.8787
96.199997, 95.019, -27.4902
97.500000, 94.998, -26.4769
98.800003, 94.977, -26.5104
100.000000, 94.910, -27.1445
101.500000, 94.766, -27.8458
103.000000, 94.632, -27.9274
104.400002, 94.554, -27.5306
106.000000, 94.475, -27.0172
107.500000, 94.397, -26.7461
109.000000, 94.293, -26.5706
110.599998, 94.185, -26.3325
112.000000, 94.156, -25.7360
113.800003, 94.179, -25.5284
115.000000, 94.135, -25.6815
117.199997, 93.912, -25.2589
118.000000, 93.852, -24.9041
120.599998, 93.756, -24.2189
122.000000, 93.718, -24.1296
124.099998, 93.647, -23.8406
125.000000, 93.614, -23.6516
126.500000, 93.575, -23.2506
128.000000, 93.553, -22.9965
131.500000, 93.486, -22.3405
132.000000, 93.477, -22.2327
134.000000, 93.442, -21.7953
136.000000, 93.407, -21.4158
138.000000, 93.376, -21.0314
140.000000, 93.370, -20.5259
143.000000, 93.345, -19.9445
145.000000, 93.311, -19.4348
147.500000, 93.286, -18.8025
150.000000, 93.288, -18.3743
152.500000, 93.299, -18.0057
155.000000, 93.291, -17.7705
157.500000, 93.276, -17.3549
160.000000, 93.286, -16.9081
162.500000, 93.291, -16.4905
165.000000, 93.279, -15.9813
167.500000, 93.266, -15.4733
170.000000, 93.251, -15.0527
172.500000, 93.240, -14.6857
175.000000, 93.247, -14.3580
177.500000, 93.269, -14.0698
180.000000, 93.279, -13.7351
182.500000, 93.267, -13.3984
185.000000, 93.262, -13.0853
187.500000, 93.283, -12.8412
190.000000, 93.310, -12.5999
192.500000, 93.313, -12.5090
195.000000, 93.285, -12.4171
197.500000, 93.269, -12.0097
200.000000, 93.286, -11.4114
203.000000, 93.325, -10.8221
206.000000, 93.375, -10.4332
209.000000, 93.430, -10.1024
212.000000, 93.461, -9.8054
214.000000, 93.474, -9.6766
218.000000, 93.513, -9.5739
220.000000, 93.530, -9.4969
224.000000, 93.545, -9.1110
227.000000, 93.552, -8.8492
230.000000, 93.565, -8.7098
233.000000, 93.580, -8.6259
236.000000, 93.597, -8.4745
240.000000, 93.621, -8.2383
243.000000, 93.639, -8.0853
247.000000, 93.658, -7.7762
250.000000, 93.660, -7.4802
254.000000, 93.666, -7.1649
258.000000, 93.671, -7.0664
262.000000, 93.677, -7.1573
265.000000, 93.720, -6.9857
269.000000, 93.760, -6.5600
272.000000, 93.730, -6.3168
276.000000, 93.718, -6.0527
280.000000, 93.749, -5.6678
285.000000, 93.766, -5.3260
290.000000, 93.775, -5.1943
295.000000, 93.786, -4.9874
300.000000, 93.790, -4.6088
304.000000, 93.790, -4.3231
307.000000, 93.793, -4.1501
311.000000, 93.806, -3.9463
315.000000, 93.823, -3.7302
320.000000, 93.827, -3.3698
325.000000, 93.814, -2.9406
330.000000, 93.815, -2.5215
335.000000, 93.821, -2.1715
340.000000, 93.824, -1.8363
345.000000, 93.824, -1.3546
350.000000, 93.830, -0.8555
355.000000, 93.834, -0.5413
360.000000, 93.825, -0.2626
365.000000, 93.812, 0.1856
370.000000, 93.802, 0.7748
375.000000, 93.812, 1.4319
382.000000, 93.835, 1.6064
387.000000, 93.813, 1.8767
395.000000, 93.765, 2.7618
400.000000, 93.743, 3.2306
406.000000, 93.714, 3.8456
412.000000, 93.699, 4.5232
418.000000, 93.700, 5.0708
425.000000, 93.683, 5.6135
431.000000, 93.662, 6.2014
437.000000, 93.647, 6.7878
444.000000, 93.638, 7.4120
450.000000, 93.630, 7.9472
455.000000, 93.617, 8.4409
462.000000, 93.588, 9.1739
468.000000, 93.563, 9.8202
475.000000, 93.551, 10.6268
482.000000, 93.546, 11.3713
487.000000, 93.544, 11.8888
494.000000, 93.539, 12.6436
500.000000, 93.531, 13.3409
508.000000, 93.516, 14.2712
515.000000, 93.500, 15.0834
522.000000, 93.489, 15.8866
530.000000, 93.476, 16.8214
538.000000, 93.459, 17.8040
545.000000, 93.445, 18.6586
552.000000, 93.434, 19.5198
560.000000, 93.424, 20.5110
570.000000, 93.418, 21.7283
580.000000, 93.414, 22.9829
590.000000, 93.403, 24.2937
600.000000, 93.383, 25.6508
608.000000, 93.368, 26.7224
615.000000, 93.354, 27.6703
622.000000, 93.339, 28.6250
630.000000, 93.321, 29.7262
640.000000, 93.300, 31.1514
650.000000, 93.282, 32.5890
660.000000, 93.276, 34.0238
670.000000, 93.282, 35.4173
680.000000, 93.287, 36.8143
690.000000, 93.281, 38.3029
700.000000, 93.268, 39.8951
710.000000, 93.249, 41.4664
720.000000, 93.243, 42.9529
730.000000, 93.252, 44.4079
740.000000, 93.263, 45.9232
750.000000, 93.272, 47.5438
762.000000, 93.285, 49.4525
775.000000, 93.308, 51.4392
788.000000, 93.336, 53.4366
800.000000, 93.360, 55.3445
812.000000, 93.370, 57.2787
825.000000, 93.375, 59.3868
838.000000, 93.387, 61.4874
850.000000, 93.411, 63.3765
862.000000, 93.447, 65.2427
875.000000, 93.481, 67.2960
885.000000, 93.502, 68.9209
900.000000, 93.532, 71.3538
912.000000, 93.557, 73.2658
925.000000, 93.588, 75.3375
938.000000, 93.621, 77.4266
950.000000, 93.652, 79.3440
962.000000, 93.686, 81.2514
975.000000, 93.723, 83.3112
988.000000, 93.753, 85.3683
1000.000000, 93.774, 87.2926
1015.000000, 93.792, 89.7185
1030.000000, 93.812, 92.1186
1044.000000, 93.843, 94.3194
1060.000000, 93.892, 96.8266
1075.000000, 93.938, 99.1864
1090.000000, 93.982, 101.5598
1106.000000, 94.027, 104.1154
1120.000000, 94.061, 106.3674
1138.000000, 94.102, 109.2605
1150.000000, 94.129, 111.1933
1172.000000, 94.183, 114.7793
1180.000000, 94.202, 116.0881
1206.000000, 94.263, 120.3529
1220.000000, 94.302, 122.6845
1241.000000, 94.366, 126.2009
1250.000000, 94.393, 127.7190
1265.000000, 94.432, 130.2818
1280.000000, 94.467, 132.8988
1315.000000, 94.551, 139.0293
1320.000000, 94.565, 139.8937
1340.000000, 94.618, 143.3200
1360.000000, 94.653, 146.7172
1380.000000, 94.682, 150.1190
1400.000000, 94.728, 153.5147
1430.000000, 94.819, 158.5705
1450.000000, 94.881, 161.9462
1475.000000, 94.952, 166.1760
1500.000000, 95.027, 170.4228
1525.000000, 95.119, 174.5987
1550.000000, 95.221, 178.7383
1575.000000, 95.321, -177.1339
1600.000000, 95.422, -173.0787
1625.000000, 95.525, -169.0833
1650.000000, 95.626, -165.1267
1675.000000, 95.733, -161.2122
1700.000000, 95.856, -157.3674
1725.000000, 95.990, -153.5903
1750.000000, 96.127, -149.8533
1775.000000, 96.262, -146.1749
1800.000000, 96.401, -142.5626
1825.000000, 96.545, -139.0136
1850.000000, 96.697, -135.5265
1875.000000, 96.856, -132.1137
1900.000000, 97.022, -128.7698
1925.000000, 97.189, -125.5028
1950.000000, 97.356, -122.3140
1975.000000, 97.524, -119.2078
2000.000000, 97.695, -116.1864
2030.000000, 97.908, -112.6951
2060.000000, 98.123, -109.3155
2090.000000, 98.335, -106.0323
2120.000000, 98.548, -102.8200
2140.000000, 98.690, -100.6894
2180.000000, 98.993, -96.3888
2200.000000, 99.167, -94.2469
2240.000000, 99.579, -90.2343
2270.000000, 99.923, -87.6939
2300.000000, 100.256, -85.5989
2330.000000, 100.559, -83.8015
2360.000000, 100.841, -82.1797
2400.000000, 101.221, -80.3889
2430.000000, 101.502, -79.4123
2470.000000, 101.837, -78.5536
2500.000000, 102.045, -78.1296
2540.000000, 102.262, -77.7367
2580.000000, 102.419, -77.5029
2620.000000, 102.530, -77.4279
2650.000000, 102.584, -77.4406
2690.000000, 102.611, -77.4870
2720.000000, 102.595, -77.4886
2760.000000, 102.539, -77.4216
2800.000000, 102.465, -77.3001
2850.000000, 102.356, -77.1100
2900.000000, 102.216, -76.8046
2950.000000, 102.038, -76.2688
3000.000000, 101.838, -75.4473
3040.000000, 101.672, -74.6465
3070.000000, 101.546, -73.9661
3110.000000, 101.378, -72.9395
3150.000000, 101.218, -71.7882
3200.000000, 101.037, -70.2511
3250.000000, 100.861, -68.7676
3300.000000, 100.664, -67.3096
3350.000000, 100.447, -65.7170
3400.000000, 100.234, -63.8658
3450.000000, 100.048, -61.7616
3500.000000, 99.897, -59.5747
3550.000000, 99.779, -57.4635
3600.000000, 99.680, -55.4930
3650.000000, 99.581, -53.6099
3700.000000, 99.470, -51.7628
3750.000000, 99.349, -49.9267
3820.000000, 99.176, -47.3141
3870.000000, 99.056, -45.4209
3950.000000, 98.860, -42.3249
4000.000000, 98.734, -40.3639
4060.000000, 98.591, -38.0181
4120.000000, 98.466, -35.6898
4180.000000, 98.357, -33.3731
4250.000000, 98.243, -30.6786
4310.000000, 98.146, -28.4002
4370.000000, 98.036, -26.1539
4440.000000, 97.892, -23.5809
4500.000000, 97.767, -21.3937
4550.000000, 97.672, -19.5821
4620.000000, 97.555, -17.0448
4680.000000, 97.462, -14.8674
4750.000000, 97.350, -12.3619
4820.000000, 97.243, -9.9319
4870.000000, 97.175, -8.2548
4940.000000, 97.093, -6.0002
5000.000000, 97.031, -4.1433
5080.000000, 96.950, -1.7672
5150.000000, 96.866, 0.2495
5220.000000, 96.773, 2.2204
5300.000000, 96.662, 4.4166
5380.000000, 96.548, 6.5613
5450.000000, 96.445, 8.4026
5520.000000, 96.335, 10.2393
5600.000000, 96.199, 12.3468
5700.000000, 96.015, 15.0091
5800.000000, 95.835, 17.6896
5900.000000, 95.669, 20.4292
6000.000000, 95.510, 23.2347
6080.000000, 95.382, 25.5290
6150.000000, 95.277, 27.5629
6220.000000, 95.183, 29.6190
6300.000000, 95.093, 31.9890
6400.000000, 95.010, 34.9605
6500.000000, 94.959, 37.9300
6600.000000, 94.940, 40.8640
6700.000000, 94.956, 43.7256
6800.000000, 95.014, 46.4727
6900.000000, 95.128, 49.0780
7000.000000, 95.308, 51.4878
7100.000000, 95.549, 53.6414
7200.000000, 95.838, 55.4814
7300.000000, 96.164, 56.8990
7400.000000, 96.523, 57.7915
7500.000000, 96.906, 58.0658
7620.000000, 97.392, 57.4570
7750.000000, 97.910, 55.5016
7880.000000, 98.273, 52.1285
8000.000000, 98.415, 47.8774
8120.000000, 98.330, 42.8452
8250.000000, 97.945, 37.0914
8380.000000, 97.273, 31.6941
8500.000000, 96.434, 27.6002
8620.000000, 95.428, 24.7579
8750.000000, 94.209, 23.2809
8850.000000, 93.216, 23.1471
9000.000000, 91.709, 24.3559
9120.000000, 90.544, 26.6222
9250.000000, 89.353, 30.2695
9380.000000, 88.254, 34.9715
9500.000000, 87.334, 40.1345
9620.000000, 86.525, 46.0011
9750.000000, 85.806, 53.0563
9880.000000, 85.290, 60.6722
10000.000000, 85.031, 67.8674
10150.000000, 85.014, 76.2735
10300.000000, 85.255, 83.1165
10440.000000, 85.554, 87.8261
10600.000000, 85.834, 91.7843
10750.000000, 86.005, 94.9133
10900.000000, 86.126, 98.0329
11060.000000, 86.259, 101.5630
11200.000000, 86.421, 104.7939
11380.000000, 86.736, 109.0186
11500.000000, 87.032, 111.7961
11720.000000, 87.801, 116.3628
11800.000000, 88.157, 117.6876
12060.000000, 89.595, 120.0839
12200.000000, 90.537, 119.6631
12410.000000, 92.065, 115.6938
12500.000000, 92.700, 112.4943
12650.000000, 93.596, 105.0845
12800.000000, 94.136, 95.5092
13150.000000, 93.430, 71.4746
13200.000000, 93.127, 68.5718
13400.000000, 91.627, 59.4076
13600.000000, 89.981, 54.1292
13800.000000, 88.454, 51.8854
14000.000000, 87.143, 51.6711
14300.000000, 85.593, 53.5544
14500.000000, 84.833, 55.5713
14750.000000, 84.177, 58.3722
15000.000000, 83.821, 61.0995
15250.000000, 83.763, 63.4006
15500.000000, 84.048, 64.7686
15750.000000, 84.674, 64.4871
16000.000000, 85.555, 61.7988
16250.000000, 86.539, 55.9899
16500.000000, 87.390, 46.6352
16750.000000, 87.812, 34.2296
17000.000000, 87.598, 20.5013
17250.000000, 86.784, 7.6274
17500.000000, 85.612, -3.0807
17750.000000, 84.345, -11.5822
18000.000000, 83.140, -18.5418
18250.000000, 82.069, -24.7524
18500.000000, 81.180, -30.9946
18750.000000, 80.445, -37.6601
19000.000000, 79.745, -44.2280
19250.000000, 78.890, -50.1220
19500.000000, 77.698, -54.8919
19750.000000, 76.195, -58.2186
20000.000000, 74.496, -60.0060
20300.000000, 72.388, -60.3248
20600.000000, 70.369, -58.9576
20900.000000, 68.342, -53.8705
21200.000000, 67.016, -42.7079
21400.000000, 66.964, -36.0546
21800.000000, 67.718, -32.4047
22000.000000, 68.010, -35.0948
22400.000000, 67.664, -47.0959
22700.000000, 66.202, -58.9276
23000.000000, 63.553, -70.1504
23300.000000, 59.719, -78.8835
23600.000000, 54.697, -83.9296
24000.000000, 47.476, -82.6456
