* Measurement data measured by REW V5.31.3
* Source: Analog 1/2 (2- E2x2), LINE_IN (Master Volume), L, volume: 1.000. Timing signal peak level -34.0 dBFS, measurement signal peak level -34.2 dBFS
* Format: 2M Log Swept Sine, 1 sweep at -19.2 dBFS using an acoustic timing reference
* Dated: Apr 9, 2025 12:25:27 PM
* REW Settings:
*  C-weighting compensation: Off
*  Target level: 85.0 dB
* Note: ; E2x2 Delay -0.1274 ms (-44 mm, -1.72 in) using estimated IR delay relative to Acoustic reference played from SPEAKER L with no timing offset Clock adjustment: -13.5 ppm
* Measurement: Balanced L
* Smoothing: 1/24 octave
* Frequency Step: 1/48 octave
* Start Frequency: 1.000 Hz
*
* Freq(Hz), SPL(dB), Phase(degrees)
1.000000, 48.846, 16.6262
1.015000, 48.846, 16.0923
1.030000, 48.852, 15.4448
1.044000, 48.864, 14.7290
1.060000, 48.884, 13.7683
1.075000, 48.911, 12.7185
1.090000, 48.945, 11.5164
1.106000, 48.987, 10.0788
1.120000, 49.027, 8.7297
1.138000, 49.080, 6.9010
1.150000, 49.117, 5.6234
1.172000, 49.187, 3.1527
1.180000, 49.215, 2.2113
1.206000, 49.310, -1.0136
1.220000, 49.366, -2.8570
1.241000, 49.459, -5.7631
1.250000, 49.502, -7.0597
1.265000, 49.579, -9.2864
1.280000, 49.662, -11.5916
1.315000, 49.886, -17.2379
1.320000, 49.922, -18.0704
1.340000, 50.074, -21.4489
1.360000, 50.245, -24.8829
1.380000, 50.433, -28.3403
1.400000, 50.642, -31.7875
1.430000, 50.996, -36.8709
1.450000, 51.262, -40.1879
1.475000, 51.634, -44.4506
1.500000, 52.056, -48.8122
1.525000, 52.529, -52.9247
1.550000, 53.046, -56.7271
1.575000, 53.599, -60.2345
1.600000, 54.183, -63.4776
1.625000, 54.790, -66.4917
1.650000, 55.413, -69.3133
1.675000, 56.045, -71.9762
1.700000, 56.679, -74.5109
1.725000, 57.310, -76.9442
1.750000, 57.928, -79.2984
1.775000, 58.529, -81.5924
1.800000, 59.105, -83.8401
1.825000, 59.652, -86.0431
1.850000, 60.178, -88.1642
1.875000, 60.695, -90.1537
1.900000, 61.206, -92.0075
1.925000, 61.711, -93.7424
1.950000, 62.211, -95.3774
1.975000, 62.704, -96.9300
2.000000, 63.190, -98.4164
2.030000, 63.765, -100.1326
2.060000, 64.328, -101.7954
2.090000, 64.879, -103.4233
2.120000, 65.417, -105.0321
2.140000, 65.769, -106.1003
2.180000, 66.452, -108.2382
2.200000, 66.784, -109.3047
2.240000, 67.428, -111.3881
2.270000, 67.893, -112.8860
2.300000, 68.345, -114.3307
2.330000, 68.784, -115.7293
2.360000, 69.211, -117.0892
2.400000, 69.764, -118.8557
2.430000, 70.167, -120.1549
2.470000, 70.690, -121.8660
2.500000, 71.074, -123.1416
2.540000, 71.575, -124.8424
2.580000, 72.064, -126.5440
2.620000, 72.536, -128.2270
2.650000, 72.879, -129.4684
2.690000, 73.322, -131.0932
2.720000, 73.645, -132.2897
2.760000, 74.063, -133.8577
2.800000, 74.469, -135.3986
2.850000, 74.960, -137.2944
2.900000, 75.437, -139.1677
2.950000, 75.900, -141.0296
3.000000, 76.345, -142.8815
3.040000, 76.688, -144.3491
3.070000, 76.937, -145.4385
3.110000, 77.261, -146.8733
3.150000, 77.576, -148.2865
3.200000, 77.957, -150.0219
3.250000, 78.327, -151.7247
3.300000, 78.686, -153.4016
3.350000, 79.033, -155.0665
3.400000, 79.366, -156.7229
3.450000, 79.687, -158.3629
3.500000, 79.996, -159.9784
3.550000, 80.295, -161.5639
3.600000, 80.584, -163.1158
3.650000, 80.866, -164.6351
3.700000, 81.140, -166.1321
3.750000, 81.403, -167.6186
3.820000, 81.755, -169.6778
3.870000, 81.997, -171.1246
3.950000, 82.369, -173.3833
4.000000, 82.593, -174.7554
4.060000, 82.855, -176.3675
4.120000, 83.106, -177.9583
4.180000, 83.347, -179.5298
4.250000, 83.618, 178.6689
4.310000, 83.842, 177.1597
4.370000, 84.060, 175.6862
4.440000, 84.306, 174.0066
4.500000, 84.510, 172.5894
4.550000, 84.674, 171.4229
4.620000, 84.897, 169.8151
4.680000, 85.083, 168.4637
4.750000, 85.294, 166.9205
4.820000, 85.499, 165.4078
4.870000, 85.641, 164.3412
4.940000, 85.834, 162.8667
5.000000, 85.995, 161.6215
5.080000, 86.205, 159.9899
5.150000, 86.383, 158.5880
5.220000, 86.556, 157.2047
5.300000, 86.748, 155.6434
5.380000, 86.933, 154.1051
5.450000, 87.091, 152.7795
5.520000, 87.245, 151.4713
5.600000, 87.416, 149.9919
5.700000, 87.622, 148.1653
5.800000, 87.819, 146.3699
5.900000, 88.009, 144.6066
6.000000, 88.191, 142.8654
6.080000, 88.331, 141.4896
6.150000, 88.450, 140.3022
6.220000, 88.566, 139.1317
6.300000, 88.694, 137.8106
6.400000, 88.847, 136.1794
6.500000, 88.994, 134.5775
6.600000, 89.135, 133.0117
6.700000, 89.269, 131.4768
6.800000, 89.398, 129.9697
6.900000, 89.521, 128.4982
7.000000, 89.640, 127.0661
7.100000, 89.754, 125.6676
7.200000, 89.863, 124.3033
7.300000, 89.970, 122.9794
7.400000, 90.073, 121.6968
7.500000, 90.172, 120.4514
7.620000, 90.290, 119.0063
7.750000, 90.416, 117.5059
7.880000, 90.540, 116.0697
8.000000, 90.655, 114.7916
8.120000, 90.773, 113.5561
8.250000, 90.903, 112.2634
8.380000, 91.038, 110.9970
8.500000, 91.166, 109.8398
8.620000, 91.299, 108.6924
8.750000, 91.446, 107.4365
8.850000, 91.561, 106.4492
9.000000, 91.737, 104.9348
9.120000, 91.876, 103.6814
9.250000, 92.024, 102.2672
9.380000, 92.167, 100.7996
9.500000, 92.290, 99.4042
9.620000, 92.404, 97.9660
9.750000, 92.514, 96.3690
9.880000, 92.600, 94.7612
10.000000, 92.653, 93.2737
10.150000, 92.687, 91.4266
10.300000, 92.690, 89.6516
10.440000, 92.667, 88.0719
10.600000, 92.618, 86.3982
10.750000, 92.559, 84.9989
10.900000, 92.493, 83.7654
11.060000, 92.421, 82.6522
11.200000, 92.363, 81.8477
11.380000, 92.306, 80.9924
11.500000, 92.284, 80.5176
11.720000, 92.280, 79.7414
11.800000, 92.292, 79.4595
12.060000, 92.373, 78.4627
12.200000, 92.434, 77.8137
12.410000, 92.536, 76.6758
12.500000, 92.577, 76.1269
12.650000, 92.640, 75.1379
12.800000, 92.691, 74.0916
13.150000, 92.754, 71.5875
13.200000, 92.758, 71.2421
13.400000, 92.763, 69.9238
13.600000, 92.763, 68.7311
13.800000, 92.768, 67.6728
14.000000, 92.787, 66.7016
14.300000, 92.853, 65.2813
14.500000, 92.918, 64.2508
14.750000, 93.005, 62.7924
15.000000, 93.078, 61.1410
15.250000, 93.119, 59.3786
15.500000, 93.115, 57.6583
15.750000, 93.068, 56.1369
16.000000, 92.995, 54.9563
16.250000, 92.925, 54.1661
16.500000, 92.887, 53.7195
16.750000, 92.901, 53.4756
17.000000, 92.970, 53.2466
17.250000, 93.080, 52.8864
17.500000, 93.206, 52.3193
17.750000, 93.326, 51.5658
18.000000, 93.426, 50.7019
18.250000, 93.505, 49.8199
18.500000, 93.567, 48.9915
18.750000, 93.625, 48.2385
19.000000, 93.686, 47.5413
19.250000, 93.754, 46.8470
19.500000, 93.825, 46.1088
19.750000, 93.891, 45.3036
20.000000, 93.943, 44.4420
20.299999, 93.981, 43.3875
20.600000, 93.995, 42.3789
20.900000, 93.994, 41.4610
21.200001, 93.986, 40.6317
21.400000, 93.979, 40.1107
21.799999, 93.963, 39.1080
22.000000, 93.951, 38.6259
22.400000, 93.918, 37.7427
22.700001, 93.895, 37.1827
23.000000, 93.885, 36.6910
23.299999, 93.896, 36.1907
23.600000, 93.923, 35.5852
24.000000, 93.957, 34.5302
24.299999, 93.955, 33.6163
24.700001, 93.896, 32.4971
25.000000, 93.823, 31.9274
25.400000, 93.740, 31.6496
25.799999, 93.729, 31.7300
26.200001, 93.803, 31.7442
26.500000, 93.887, 31.5205
26.900000, 93.989, 30.9104
27.200001, 94.041, 30.3429
27.600000, 94.082, 29.6283
28.000000, 94.119, 29.0127
28.500000, 94.176, 28.2029
29.000000, 94.207, 27.1936
29.500000, 94.173, 26.2181
30.000000, 94.102, 25.6334
30.400000, 94.071, 25.4196
30.700001, 94.076, 25.2517
31.100000, 94.103, 24.8391
31.500000, 94.114, 24.1925
32.000000, 94.075, 23.3490
32.500000, 94.013, 22.8159
33.000000, 93.998, 22.5206
33.500000, 94.039, 22.0389
34.000000, 94.072, 21.2016
34.500000, 94.052, 20.3063
35.000000, 94.000, 19.7258
35.500000, 93.977, 19.4677
36.000000, 93.999, 19.2348
36.500000, 94.032, 18.8347
37.000000, 94.042, 18.3640
37.500000, 94.034, 17.9993
38.200001, 94.033, 17.6661
38.700001, 94.043, 17.4025
39.500000, 94.044, 16.8866
40.000000, 94.039, 16.5674
40.599998, 94.039, 16.1412
41.200001, 94.037, 15.5874
41.799999, 94.016, 14.9471
42.500000, 93.970, 14.2507
43.099998, 93.927, 13.7734
43.700001, 93.893, 13.4025
44.400002, 93.872, 13.0514
45.000000, 93.868, 12.7599
45.500000, 93.871, 12.4968
46.200001, 93.872, 12.1024
46.799999, 93.867, 11.7626
47.500000, 93.853, 11.3757
48.200001, 93.827, 11.0203
48.700001, 93.801, 10.8168
49.400002, 93.769, 10.6202
50.000000, 93.756, 10.4816
50.799999, 93.766, 10.1608
51.500000, 93.780, 9.6393
52.200001, 93.772, 8.9733
53.000000, 93.737, 8.2643
53.799999, 93.695, 7.6733
54.500000, 93.648, 7.3185
55.200001, 93.615, 7.2374
56.000000, 93.629, 7.2014
57.000000, 93.649, 6.9318
58.000000, 93.657, 6.7921
59.000000, 93.652, 6.5579
60.000000, 93.646, 6.7690
60.799999, 93.735, 6.5624
61.500000, 93.755, 5.6810
62.200001, 93.672, 4.8921
63.000000, 93.553, 4.5060
64.000000, 93.422, 4.5007
65.000000, 93.393, 4.7883
66.000000, 93.379, 4.3875
67.000000, 93.312, 4.6500
68.000000, 93.390, 4.4425
69.000000, 93.265, 3.7058
70.000000, 93.187, 4.5600
71.000000, 93.267, 4.1645
72.000000, 93.100, 3.5179
73.000000, 93.021, 4.4575
74.000000, 93.133, 4.3024
75.000000, 93.079, 3.1603
76.199997, 92.906, 3.2499
77.500000, 92.959, 3.7020
78.800003, 92.959, 2.5827
80.000000, 92.754, 2.2484
81.199997, 92.635, 3.2903
82.500000, 92.713, 3.9598
83.800003, 92.762, 3.3257
85.000000, 92.690, 2.6751
86.199997, 92.589, 2.3371
87.500000, 92.464, 2.2999
88.500000, 92.410, 2.6012
90.000000, 92.403, 2.7445
91.199997, 92.395, 2.7468
92.500000, 92.372, 2.7677
93.800003, 92.355, 3.0784
95.000000, 92.362, 3.2173
96.199997, 92.341, 3.2095
97.500000, 92.292, 3.1907
98.800003, 92.227, 3.2399
100.000000, 92.176, 3.2966
101.500000, 92.102, 3.1945
103.000000, 92.002, 3.2147
104.400002, 91.929, 3.3906
106.000000, 91.880, 3.4384
107.500000, 91.841, 3.3102
109.000000, 91.790, 3.1745
110.599998, 91.737, 3.3280
112.000000, 91.706, 3.4988
113.800003, 91.655, 3.7379
115.000000, 91.617, 3.8845
117.199997, 91.549, 4.0586
118.000000, 91.523, 4.1177
120.599998, 91.407, 4.5046
122.000000, 91.359, 4.9395
124.099998, 91.300, 5.4376
125.000000, 91.283, 5.5777
126.500000, 91.253, 5.5743
128.000000, 91.201, 5.4988
131.500000, 91.088, 5.7789
132.000000, 91.076, 5.8331
134.000000, 91.030, 5.9716
136.000000, 90.953, 6.0737
138.000000, 90.840, 6.4464
140.000000, 90.764, 7.1733
143.000000, 90.738, 7.3627
145.000000, 90.701, 7.2498
147.500000, 90.662, 7.5454
150.000000, 90.665, 7.9507
152.500000, 90.586, 8.3839
155.000000, 90.506, 9.1194
157.500000, 90.476, 9.8149
160.000000, 90.525, 10.3516
162.500000, 90.542, 10.3611
165.000000, 90.473, 10.5197
167.500000, 90.384, 10.8755
170.000000, 90.312, 11.2549
172.500000, 90.263, 11.6288
175.000000, 90.224, 11.8743
177.500000, 90.185, 12.1318
180.000000, 90.162, 12.4501
182.500000, 90.149, 12.6923
185.000000, 90.122, 12.8231
187.500000, 90.081, 13.0581
190.000000, 90.047, 13.5593
192.500000, 90.017, 14.0897
195.000000, 89.973, 14.5236
197.500000, 89.934, 14.8126
200.000000, 89.910, 14.9779
203.000000, 89.884, 15.2706
206.000000, 89.859, 15.7575
209.000000, 89.847, 16.3201
212.000000, 89.860, 16.9011
214.000000, 89.875, 17.1841
218.000000, 89.889, 17.3790
220.000000, 89.896, 17.4973
224.000000, 89.943, 17.7939
227.000000, 89.966, 17.9943
230.000000, 89.984, 18.2680
233.000000, 89.994, 18.4517
236.000000, 89.984, 18.5377
240.000000, 89.985, 18.5793
243.000000, 89.986, 18.6533
247.000000, 89.984, 18.9075
250.000000, 89.987, 19.1222
254.000000, 89.980, 19.3525
258.000000, 89.987, 19.5073
262.000000, 90.025, 19.6351
265.000000, 90.049, 19.7189
269.000000, 90.073, 19.7725
272.000000, 90.096, 19.8582
276.000000, 90.123, 19.9535
280.000000, 90.139, 20.0042
285.000000, 90.162, 20.1527
290.000000, 90.175, 20.1949
295.000000, 90.189, 20.3076
300.000000, 90.212, 20.3575
304.000000, 90.238, 20.2956
307.000000, 90.263, 20.1956
311.000000, 90.293, 20.0759
315.000000, 90.316, 20.1104
320.000000, 90.339, 20.1080
325.000000, 90.342, 20.0585
330.000000, 90.341, 20.0453
335.000000, 90.373, 19.9751
340.000000, 90.412, 19.9042
345.000000, 90.452, 19.7815
350.000000, 90.488, 19.6106
355.000000, 90.517, 19.3510
360.000000, 90.546, 19.1472
365.000000, 90.576, 18.9926
370.000000, 90.602, 18.8502
375.000000, 90.605, 18.7067
382.000000, 90.618, 18.4219
387.000000, 90.639, 18.2094
395.000000, 90.679, 17.8304
400.000000, 90.697, 17.6118
406.000000, 90.714, 17.3427
412.000000, 90.734, 17.1041
418.000000, 90.746, 16.8525
425.000000, 90.754, 16.4149
431.000000, 90.767, 16.0714
437.000000, 90.783, 15.7363
444.000000, 90.810, 15.3638
450.000000, 90.839, 14.9715
455.000000, 90.859, 14.6033
462.000000, 90.873, 14.1031
468.000000, 90.875, 13.7383
475.000000, 90.869, 13.3848
482.000000, 90.871, 13.0543
487.000000, 90.882, 12.7113
494.000000, 90.910, 12.1396
500.000000, 90.938, 11.6428
508.000000, 90.969, 10.9808
515.000000, 90.989, 10.4755
522.000000, 90.998, 10.0370
530.000000, 91.001, 9.5107
538.000000, 91.009, 8.9308
545.000000, 91.022, 8.3696
552.000000, 91.040, 7.8210
560.000000, 91.059, 7.1870
570.000000, 91.078, 6.3649
580.000000, 91.095, 5.5062
590.000000, 91.114, 4.6823
600.000000, 91.117, 3.8815
608.000000, 91.113, 3.2068
615.000000, 91.123, 2.6212
622.000000, 91.138, 2.0098
630.000000, 91.146, 1.3051
640.000000, 91.148, 0.4765
650.000000, 91.154, -0.2985
660.000000, 91.158, -1.1583
670.000000, 91.166, -2.0812
680.000000, 91.173, -2.9961
690.000000, 91.184, -3.8323
700.000000, 91.202, -4.6499
710.000000, 91.225, -5.6091
720.000000, 91.245, -6.5961
730.000000, 91.262, -7.4660
740.000000, 91.276, -8.3196
750.000000, 91.295, -9.2948
762.000000, 91.325, -10.4911
775.000000, 91.356, -11.6973
788.000000, 91.385, -12.9197
800.000000, 91.419, -14.0726
812.000000, 91.451, -15.2184
825.000000, 91.483, -16.4523
838.000000, 91.517, -17.6760
850.000000, 91.550, -18.8397
862.000000, 91.582, -20.0408
875.000000, 91.621, -21.3591
885.000000, 91.657, -22.4037
900.000000, 91.716, -24.0232
912.000000, 91.761, -25.3381
925.000000, 91.796, -26.7069
938.000000, 91.829, -28.0770
950.000000, 91.860, -29.4111
962.000000, 91.904, -30.7935
975.000000, 91.963, -32.3249
988.000000, 92.019, -33.8881
1000.000000, 92.066, -35.3147
1015.000000, 92.117, -37.1199
1030.000000, 92.164, -38.9892
1044.000000, 92.203, -40.7504
1060.000000, 92.240, -42.7850
1075.000000, 92.274, -44.7039
1090.000000, 92.317, -46.6337
1106.000000, 92.388, -48.7445
1120.000000, 92.468, -50.6616
1138.000000, 92.577, -53.1743
1150.000000, 92.641, -54.8413
1172.000000, 92.725, -57.8483
1180.000000, 92.749, -58.9299
1206.000000, 92.833, -62.5262
1220.000000, 92.900, -64.5380
1241.000000, 93.016, -67.5804
1250.000000, 93.064, -68.8693
1265.000000, 93.136, -70.9991
1280.000000, 93.205, -73.1389
1315.000000, 93.387, -78.2196
1320.000000, 93.415, -78.9631
1340.000000, 93.517, -81.9591
1360.000000, 93.580, -84.8905
1380.000000, 93.630, -87.8177
1400.000000, 93.712, -90.8216
1430.000000, 93.892, -95.4537
1450.000000, 94.024, -98.5784
1475.000000, 94.174, -102.4987
1500.000000, 94.304, -106.4344
1525.000000, 94.438, -110.4278
1550.000000, 94.591, -114.4590
1575.000000, 94.755, -118.4490
1600.000000, 94.913, -122.4276
1625.000000, 95.063, -126.3669
1650.000000, 95.212, -130.2931
1675.000000, 95.374, -134.2557
1700.000000, 95.535, -138.2117
1725.000000, 95.676, -142.0828
1750.000000, 95.806, -145.9181
1775.000000, 95.949, -149.7746
1800.000000, 96.109, -153.6326
1825.000000, 96.272, -157.4687
1850.000000, 96.420, -161.2568
1875.000000, 96.552, -164.9764
1900.000000, 96.684, -168.6812
1925.000000, 96.831, -172.4105
1950.000000, 96.981, -176.1252
1975.000000, 97.116, -179.7645
2000.000000, 97.234, 176.6505
2030.000000, 97.366, 172.3842
2060.000000, 97.500, 168.1774
2090.000000, 97.638, 164.0482
2120.000000, 97.771, 160.0694
2140.000000, 97.851, 157.5384
2180.000000, 98.008, 152.8603
2200.000000, 98.102, 150.6891
2240.000000, 98.371, 146.4034
2270.000000, 98.641, 142.8703
2300.000000, 98.922, 138.8909
2330.000000, 99.166, 134.6266
2360.000000, 99.357, 130.3209
2400.000000, 99.547, 124.7446
2430.000000, 99.659, 120.7665
2470.000000, 99.794, 115.6127
2500.000000, 99.884, 111.8197
2540.000000, 99.993, 106.7784
2580.000000, 100.085, 101.8247
2620.000000, 100.144, 97.1132
2650.000000, 100.164, 93.7979
2690.000000, 100.174, 89.6707
2720.000000, 100.185, 86.7346
2760.000000, 100.207, 82.9720
2800.000000, 100.228, 79.3420
2850.000000, 100.227, 75.0104
2900.000000, 100.195, 70.9747
2950.000000, 100.150, 67.2697
3000.000000, 100.118, 63.8268
3040.000000, 100.096, 61.2434
3070.000000, 100.074, 59.4390
3110.000000, 100.038, 57.1640
3150.000000, 99.996, 54.9907
3200.000000, 99.930, 52.3024
3250.000000, 99.859, 49.6322
3300.000000, 99.779, 47.0743
3350.000000, 99.683, 44.7316
3400.000000, 99.579, 42.6633
3450.000000, 99.496, 40.8497
3500.000000, 99.459, 39.1454
3550.000000, 99.471, 37.3553
3600.000000, 99.493, 35.4798
3650.000000, 99.497, 33.5893
3700.000000, 99.485, 31.6976
3750.000000, 99.467, 29.8329
3820.000000, 99.435, 27.3311
3870.000000, 99.401, 25.7012
3950.000000, 99.364, 23.2759
4000.000000, 99.358, 21.7996
4060.000000, 99.346, 20.0443
4120.000000, 99.326, 18.2855
4180.000000, 99.299, 16.5687
4250.000000, 99.267, 14.6422
4310.000000, 99.241, 13.0844
4370.000000, 99.211, 11.6115
4440.000000, 99.164, 10.0000
4500.000000, 99.124, 8.6673
4550.000000, 99.095, 7.5754
4620.000000, 99.065, 6.0675
4680.000000, 99.045, 4.7850
4750.000000, 99.017, 3.3078
4820.000000, 98.976, 1.8615
4870.000000, 98.939, 0.8470
4940.000000, 98.881, -0.5418
5000.000000, 98.832, -1.7075
5080.000000, 98.780, -3.2445
5150.000000, 98.728, -4.5280
5220.000000, 98.646, -5.7325
5300.000000, 98.528, -7.0292
5380.000000, 98.404, -8.2382
5450.000000, 98.294, -9.1972
5520.000000, 98.186, -10.0632
5600.000000, 98.050, -10.8955
5700.000000, 97.861, -11.7020
5800.000000, 97.645, -12.2263
5900.000000, 97.393, -12.4283
6000.000000, 97.160, -12.3528
6080.000000, 97.007, -12.0728
6150.000000, 96.886, -11.6624
6220.000000, 96.766, -11.0912
6300.000000, 96.624, -10.2504
6400.000000, 96.461, -8.9754
6500.000000, 96.330, -7.4623
6600.000000, 96.238, -5.7429
6700.000000, 96.189, -3.8467
6800.000000, 96.194, -1.8304
6900.000000, 96.267, 0.2512
7000.000000, 96.428, 2.2455
7100.000000, 96.658, 4.0657
7200.000000, 96.937, 5.6295
7300.000000, 97.253, 6.7492
7400.000000, 97.613, 7.4036
7500.000000, 98.023, 7.5229
7620.000000, 98.570, 6.8275
7750.000000, 99.158, 4.8809
7880.000000, 99.567, 1.6538
8000.000000, 99.721, -2.2673
8120.000000, 99.635, -6.6810
8250.000000, 99.252, -11.3517
8380.000000, 98.597, -15.2350
8500.000000, 97.806, -17.6923
8620.000000, 96.897, -18.8785
8750.000000, 95.836, -18.6755
8850.000000, 94.995, -17.4860
9000.000000, 93.735, -14.1016
9120.000000, 92.761, -10.0987
9250.000000, 91.771, -4.5983
9380.000000, 90.865, 1.9941
9500.000000, 90.134, 8.9379
9620.000000, 89.531, 16.6174
9750.000000, 89.045, 25.7025
9880.000000, 88.775, 35.4195
10000.000000, 88.746, 44.5980
10150.000000, 88.995, 55.5050
10300.000000, 89.451, 64.8913
10440.000000, 89.922, 72.0498
10600.000000, 90.381, 78.9608
10750.000000, 90.725, 85.0238
10900.000000, 91.033, 91.2188
11060.000000, 91.350, 98.2123
11200.000000, 91.651, 104.6457
11380.000000, 92.123, 113.1768
11500.000000, 92.508, 118.9478
11720.000000, 93.408, 129.3088
11800.000000, 93.803, 132.8469
12060.000000, 95.341, 142.9270
12200.000000, 96.322, 147.0134
12410.000000, 97.907, 150.3425
12500.000000, 98.571, 150.4558
12650.000000, 99.548, 148.6968
12800.000000, 100.224, 144.7159
13150.000000, 99.937, 132.5347
13200.000000, 99.682, 131.2240
13400.000000, 98.308, 128.5272
13600.000000, 96.679, 130.2595
13800.000000, 95.103, 135.7258
14000.000000, 93.722, 143.8543
14300.000000, 92.047, 159.2360
14500.000000, 91.176, 170.8355
14750.000000, 90.355, -173.7651
15000.000000, 89.843, -157.8658
15250.000000, 89.644, -141.8593
15500.000000, 89.820, -126.3321
15750.000000, 90.346, -112.1333
16000.000000, 91.092, -100.1749
16250.000000, 91.887, -91.3579
16500.000000, 92.463, -86.0952
16750.000000, 92.517, -83.4308
17000.000000, 91.903, -81.0068
17250.000000, 90.739, -76.3934
17500.000000, 89.315, -68.4976
17750.000000, 87.891, -57.6565
18000.000000, 86.589, -44.8569
18250.000000, 85.454, -31.1252
18500.000000, 84.518, -17.5255
18750.000000, 83.750, -4.5040
19000.000000, 83.044, 8.6323
19250.000000, 82.198, 22.5431
19500.000000, 81.008, 37.7547
19750.000000, 79.478, 54.7479
20000.000000, 77.724, 73.7540
20300.000000, 75.527, 99.0171
20600.000000, 73.418, 126.3090
20900.000000, 71.326, 158.3342
21200.000000, 69.964, -159.6688
21400.000000, 69.866, -132.8603
21800.000000, 70.452, -93.2022
22000.000000, 70.616, -79.1298
22400.000000, 69.952, -59.0570
22700.000000, 68.271, -47.3193
23000.000000, 65.524, -35.3582
23300.000000, 61.826, -21.0056
23600.000000, 57.398, -1.7124
24000.000000, 52.082, 21.4184
