* Measurement data measured by REW V5.31.3
* Source: E2x2, MICROPHONE (Analogue 1), 1, volume: 1.000. Timing signal peak level -34.7 dBFS, measurement signal peak level -31.8 dBFS
* Format: 512k Log Swept Sine, 1 sweep at -38.3 dBFS using an acoustic timing reference
* Dated: Apr 19, 2025 4:37:19 PM
* REW Settings:
*  C-weighting compensation: Off
*  Target level: 75.0 dB
* Note: ; Fosi DS1 + E2x2 MacBook Delay -0.0322 ms (-11 mm, -0.44 in) using estimated IR delay relative to Acoustic reference played from SPEAKER L with no timing offset Clock adjustment: -29.1 ppm
* Measurement: L
* Smoothing: 1/24 octave
* Frequency Step: 1/48 octave
* Start Frequency: 1.000 Hz
*
* Freq(Hz), SPL(dB), Phase(degrees)
1.000000, 68.013, 111.3175
1.015000, 67.811, 116.4681
1.030000, 67.636, 121.3776
1.044000, 67.498, 125.7093
1.060000, 67.375, 130.3399
1.075000, 67.293, 134.3632
1.090000, 67.248, 138.0854
1.106000, 67.242, 141.7610
1.120000, 67.277, 144.7832
1.138000, 67.374, 148.4459
1.150000, 67.469, 150.7567
1.172000, 67.703, 154.6459
1.180000, 67.804, 155.8889
1.206000, 68.191, 159.6676
1.220000, 68.430, 161.5434
1.241000, 68.823, 164.1661
1.250000, 69.001, 165.2244
1.265000, 69.311, 166.9062
1.280000, 69.633, 168.4913
1.315000, 70.412, 171.8473
1.320000, 70.525, 172.2906
1.340000, 70.976, 173.9806
1.360000, 71.422, 175.5494
1.380000, 71.853, 176.8742
1.400000, 72.264, 178.0425
1.430000, 72.827, 179.6102
1.450000, 73.156, -179.4574
1.475000, 73.518, -178.3891
1.500000, 73.850, -177.3718
1.525000, 74.166, -176.3816
1.550000, 74.469, -175.4191
1.575000, 74.760, -174.5595
1.600000, 75.040, -173.8630
1.625000, 75.311, -173.2017
1.650000, 75.573, -172.5780
1.675000, 75.827, -171.9935
1.700000, 76.074, -171.4497
1.725000, 76.316, -170.9480
1.750000, 76.553, -170.4891
1.775000, 76.786, -170.1274
1.800000, 77.017, -169.9147
1.825000, 77.246, -169.7431
1.850000, 77.472, -169.6053
1.875000, 77.691, -169.4851
1.900000, 77.904, -169.3753
1.925000, 78.111, -169.2736
1.950000, 78.312, -169.1777
1.975000, 78.507, -169.1380
2.000000, 78.698, -169.2032
2.030000, 78.921, -169.2852
2.060000, 79.139, -169.3780
2.090000, 79.351, -169.4830
2.120000, 79.560, -169.6021
2.140000, 79.697, -169.6904
2.180000, 79.968, -169.9435
2.200000, 80.101, -170.1324
2.240000, 80.362, -170.5343
2.270000, 80.552, -170.8516
2.300000, 80.737, -171.1769
2.330000, 80.917, -171.5064
2.360000, 81.092, -171.8381
2.400000, 81.320, -172.3979
2.430000, 81.487, -172.8316
2.470000, 81.706, -173.4043
2.500000, 81.867, -173.8298
2.540000, 82.078, -174.3929
2.580000, 82.285, -174.9981
2.620000, 82.487, -175.6979
2.650000, 82.635, -176.2285
2.690000, 82.827, -176.9400
2.720000, 82.968, -177.4723
2.760000, 83.152, -178.1717
2.800000, 83.332, -178.9477
2.850000, 83.553, -179.9079
2.900000, 83.769, 179.1623
2.950000, 83.982, 178.2572
3.000000, 84.189, 177.2864
3.040000, 84.350, 176.4850
3.070000, 84.468, 175.8876
3.110000, 84.624, 175.0997
3.150000, 84.777, 174.3251
3.200000, 84.966, 173.3240
3.250000, 85.154, 172.3282
3.300000, 85.341, 171.3669
3.350000, 85.526, 170.4339
3.400000, 85.708, 169.4610
3.450000, 85.887, 168.4816
3.500000, 86.065, 167.5220
3.550000, 86.242, 166.5852
3.600000, 86.419, 165.6257
3.650000, 86.597, 164.6718
3.700000, 86.776, 163.7440
3.750000, 86.954, 162.8403
3.820000, 87.203, 161.5475
3.870000, 87.381, 160.6299
3.950000, 87.667, 159.1873
4.000000, 87.847, 158.2642
4.060000, 88.064, 157.1533
4.120000, 88.283, 156.0662
4.180000, 88.503, 154.9896
4.250000, 88.761, 153.6998
4.310000, 88.982, 152.6009
4.370000, 89.202, 151.4944
4.440000, 89.459, 150.1565
4.500000, 89.679, 149.0141
4.550000, 89.863, 148.0688
4.620000, 90.119, 146.7146
4.680000, 90.336, 145.5466
4.750000, 90.585, 144.1796
4.820000, 90.831, 142.7688
4.870000, 91.005, 141.7501
4.940000, 91.245, 140.3270
5.000000, 91.447, 139.0948
5.080000, 91.709, 137.4485
5.150000, 91.930, 136.0144
5.220000, 92.145, 134.5476
5.300000, 92.382, 132.8607
5.380000, 92.609, 131.1921
5.450000, 92.800, 129.7394
5.520000, 92.982, 128.3153
5.600000, 93.180, 126.6836
5.700000, 93.413, 124.6455
5.800000, 93.629, 122.6745
5.900000, 93.829, 120.7786
6.000000, 94.012, 118.9317
6.080000, 94.147, 117.4840
6.150000, 94.258, 116.2743
6.220000, 94.364, 115.1106
6.300000, 94.476, 113.8441
6.400000, 94.606, 112.3320
6.500000, 94.725, 110.9032
6.600000, 94.839, 109.5932
6.700000, 94.946, 108.3889
6.800000, 95.048, 107.2835
6.900000, 95.147, 106.2656
7.000000, 95.248, 105.3502
7.100000, 95.349, 104.5264
7.200000, 95.452, 103.7859
7.300000, 95.560, 103.1040
7.400000, 95.673, 102.4861
7.500000, 95.792, 101.9232
7.620000, 95.941, 101.2994
7.750000, 96.114, 100.6552
7.880000, 96.296, 100.0364
8.000000, 96.473, 99.4712
8.120000, 96.656, 98.8819
8.250000, 96.861, 98.2218
8.380000, 97.071, 97.5222
8.500000, 97.267, 96.8218
8.620000, 97.465, 96.0765
8.750000, 97.679, 95.2066
8.850000, 97.842, 94.4847
9.000000, 98.083, 93.3282
9.120000, 98.270, 92.3333
9.250000, 98.465, 91.1820
9.380000, 98.652, 89.9630
9.500000, 98.813, 88.7816
9.620000, 98.964, 87.5508
9.750000, 99.113, 86.1667
9.880000, 99.238, 84.7511
10.000000, 99.328, 83.4262
10.150000, 99.410, 81.7289
10.300000, 99.461, 80.0639
10.440000, 99.483, 78.5451
10.600000, 99.485, 76.8864
10.750000, 99.470, 75.4375
10.900000, 99.441, 74.0966
11.060000, 99.400, 72.7987
11.200000, 99.358, 71.7674
11.380000, 99.303, 70.6089
11.500000, 99.270, 69.9403
11.720000, 99.225, 68.8816
11.800000, 99.216, 68.5372
12.060000, 99.215, 67.4989
12.200000, 99.232, 66.9311
12.410000, 99.274, 66.0630
12.500000, 99.296, 65.6734
12.650000, 99.335, 64.9977
12.800000, 99.374, 64.2936
13.150000, 99.456, 62.5470
13.200000, 99.466, 62.2911
13.400000, 99.504, 61.2773
13.600000, 99.538, 60.2980
13.800000, 99.572, 59.3656
14.000000, 99.607, 58.4727
14.300000, 99.666, 57.1495
14.500000, 99.709, 56.2710
14.750000, 99.763, 55.1563
15.000000, 99.812, 54.0210
15.250000, 99.853, 52.8662
15.500000, 99.883, 51.7616
15.750000, 99.902, 50.7465
16.000000, 99.919, 49.8413
16.250000, 99.941, 49.0052
16.500000, 99.973, 48.2136
16.750000, 100.016, 47.4058
17.000000, 100.064, 46.5337
17.250000, 100.106, 45.5749
17.500000, 100.131, 44.5722
17.750000, 100.134, 43.5926
18.000000, 100.119, 42.7006
18.250000, 100.096, 41.9314
18.500000, 100.079, 41.2973
18.750000, 100.078, 40.7464
19.000000, 100.101, 40.1944
19.250000, 100.140, 39.5351
19.500000, 100.183, 38.7346
19.750000, 100.212, 37.8019
20.000000, 100.216, 36.8059
20.299999, 100.182, 35.6650
20.600000, 100.122, 34.7606
20.900000, 100.067, 34.1714
21.200001, 100.056, 33.8056
21.400000, 100.083, 33.5747
21.799999, 100.207, 32.8068
22.000000, 100.283, 32.1640
22.400000, 100.400, 30.3476
22.700001, 100.415, 28.7456
23.000000, 100.357, 27.2355
23.299999, 100.245, 26.0694
23.600000, 100.117, 25.4045
24.000000, 100.003, 25.2319
24.299999, 99.996, 25.3584
24.700001, 100.082, 25.3826
25.000000, 100.180, 25.1013
25.400000, 100.296, 24.3494
25.799999, 100.365, 23.4365
26.200001, 100.398, 22.6128
26.500000, 100.416, 22.0953
26.900000, 100.447, 21.4692
27.200001, 100.471, 20.9813
27.600000, 100.487, 20.2941
28.000000, 100.478, 19.6515
28.500000, 100.446, 19.0460
29.000000, 100.430, 18.6207
29.500000, 100.436, 18.1350
30.000000, 100.433, 17.4916
30.400000, 100.410, 16.9517
30.700001, 100.386, 16.5970
31.100000, 100.361, 16.1961
31.500000, 100.355, 15.7997
32.000000, 100.366, 15.1697
32.500000, 100.371, 14.3695
33.000000, 100.356, 13.5577
33.500000, 100.339, 12.8606
34.000000, 100.341, 12.2482
34.500000, 100.361, 11.6020
35.000000, 100.380, 10.8797
35.500000, 100.379, 10.1540
36.000000, 100.356, 9.5613
36.500000, 100.325, 9.1859
37.000000, 100.308, 8.9776
37.500000, 100.309, 8.7603
38.200001, 100.295, 8.2686
38.700001, 100.249, 7.9243
39.500000, 100.170, 7.4617
40.000000, 100.116, 6.8911
40.599998, 99.945, 5.9986
41.200001, 99.645, 5.9827
41.799999, 99.454, 7.5059
42.500000, 99.665, 8.9874
43.099998, 99.965, 7.9263
43.700001, 100.047, 5.5357
44.400002, 99.898, 3.4625
45.000000, 99.810, 2.7376
45.500000, 99.820, 2.2094
46.200001, 99.837, 1.1656
46.799999, 99.817, 0.4544
47.500000, 99.829, -0.0407
48.200001, 99.863, -0.6575
48.700001, 99.852, -1.1177
49.400002, 99.805, -1.4492
50.000000, 99.785, -1.4949
50.799999, 99.788, -1.6958
51.500000, 99.777, -2.1074
52.200001, 99.741, -2.5844
53.000000, 99.691, -3.1165
53.799999, 99.645, -3.6867
54.500000, 99.602, -4.2218
55.200001, 99.556, -4.6790
56.000000, 99.523, -5.0686
57.000000, 99.512, -5.5854
58.000000, 99.487, -6.1595
59.000000, 99.439, -6.6214
60.000000, 99.381, -6.9273
60.799999, 99.344, -7.1562
61.500000, 99.310, -7.4622
62.200001, 99.260, -7.7961
63.000000, 99.196, -8.0517
64.000000, 99.153, -8.3248
65.000000, 99.122, -8.7662
66.000000, 99.094, -9.1802
67.000000, 99.084, -9.7400
68.000000, 99.033, -10.3903
69.000000, 98.978, -10.7112
70.000000, 98.963, -11.1551
71.000000, 98.911, -11.6919
72.000000, 98.872, -11.9966
73.000000, 98.838, -12.5776
74.000000, 98.736, -12.9400
75.000000, 98.674, -12.8515
76.199997, 98.633, -12.9566
77.500000, 98.607, -13.0854
78.800003, 98.558, -13.6147
80.000000, 98.481, -13.7704
81.199997, 98.457, -13.9621
82.500000, 98.392, -14.6021
83.800003, 98.264, -14.7730
85.000000, 98.223, -14.7469
86.199997, 98.197, -15.1987
87.500000, 98.146, -15.7414
88.500000, 98.105, -16.1357
90.000000, 98.037, -16.6018
91.199997, 97.963, -16.8707
92.500000, 97.875, -16.9052
93.800003, 97.800, -17.0742
95.000000, 97.703, -17.2956
96.199997, 97.631, -17.2741
97.500000, 97.633, -17.3195
98.800003, 97.661, -17.7334
100.000000, 97.637, -18.1943
101.500000, 97.564, -18.1375
103.000000, 97.535, -18.1349
104.400002, 97.485, -18.5955
106.000000, 97.412, -19.1739
107.500000, 97.397, -19.6018
109.000000, 97.371, -19.9474
110.599998, 97.307, -19.8370
112.000000, 97.198, -19.5186
113.800003, 97.035, -19.2257
115.000000, 96.934, -19.2587
117.199997, 96.890, -19.7942
118.000000, 96.909, -20.1807
120.599998, 96.884, -20.7742
122.000000, 96.859, -20.3505
124.099998, 96.791, -19.9683
125.000000, 96.740, -19.9197
126.500000, 96.659, -19.9433
128.000000, 96.576, -20.0708
131.500000, 96.469, -19.8277
132.000000, 96.450, -19.9109
134.000000, 96.334, -20.2758
136.000000, 96.231, -20.6097
138.000000, 96.150, -20.8091
140.000000, 96.089, -20.4795
143.000000, 95.995, -19.7340
145.000000, 95.955, -19.3695
147.500000, 95.982, -19.9281
150.000000, 95.991, -20.5917
152.500000, 96.075, -21.1723
155.000000, 96.064, -22.1675
157.500000, 95.818, -22.4325
160.000000, 95.646, -21.0241
162.500000, 95.615, -20.5241
165.000000, 95.536, -20.5466
167.500000, 95.463, -20.1988
170.000000, 95.412, -19.7146
172.500000, 95.315, -19.7823
175.000000, 95.135, -19.9062
177.500000, 95.046, -19.6200
180.000000, 95.082, -19.5060
182.500000, 95.111, -19.5249
185.000000, 95.090, -19.6514
187.500000, 94.996, -19.6801
190.000000, 94.866, -19.2384
192.500000, 94.732, -18.8650
195.000000, 94.628, -19.0079
197.500000, 94.572, -19.6243
200.000000, 94.546, -19.6076
203.000000, 94.575, -18.7994
206.000000, 94.532, -18.3903
209.000000, 94.462, -17.9499
212.000000, 94.469, -17.4535
214.000000, 94.469, -17.2314
218.000000, 94.341, -17.6940
220.000000, 94.278, -18.1098
224.000000, 94.195, -18.2019
227.000000, 94.066, -17.6445
230.000000, 94.010, -17.2734
233.000000, 94.085, -17.0412
236.000000, 94.115, -16.7402
240.000000, 94.024, -16.5192
243.000000, 93.977, -16.1645
247.000000, 93.900, -15.2250
250.000000, 93.833, -15.1288
254.000000, 93.791, -15.1253
258.000000, 93.711, -14.8906
262.000000, 93.591, -14.9728
265.000000, 93.563, -14.8116
269.000000, 93.541, -14.6178
272.000000, 93.509, -14.3897
276.000000, 93.506, -13.8169
280.000000, 93.523, -13.3794
285.000000, 93.514, -13.5375
290.000000, 93.485, -13.7714
295.000000, 93.417, -13.3653
300.000000, 93.342, -12.6588
304.000000, 93.264, -12.0417
307.000000, 93.244, -11.5907
311.000000, 93.268, -11.2651
315.000000, 93.229, -11.2640
320.000000, 93.131, -10.9478
325.000000, 93.069, -10.3211
330.000000, 93.048, -9.9830
335.000000, 93.002, -9.6937
340.000000, 92.952, -9.4040
345.000000, 92.914, -8.9484
350.000000, 92.877, -8.4208
355.000000, 92.841, -7.9490
360.000000, 92.802, -7.5694
365.000000, 92.753, -7.0913
370.000000, 92.708, -6.5101
375.000000, 92.665, -6.2065
382.000000, 92.644, -5.7788
387.000000, 92.627, -5.5208
395.000000, 92.592, -5.1077
400.000000, 92.578, -4.6485
406.000000, 92.562, -4.0181
412.000000, 92.549, -3.3926
418.000000, 92.505, -2.9126
425.000000, 92.432, -2.4168
431.000000, 92.401, -1.8021
437.000000, 92.395, -1.4103
444.000000, 92.380, -1.1261
450.000000, 92.367, -0.6989
455.000000, 92.347, -0.2478
462.000000, 92.300, 0.4609
468.000000, 92.264, 1.0157
475.000000, 92.249, 1.5242
482.000000, 92.243, 1.9610
487.000000, 92.230, 2.3106
494.000000, 92.216, 2.6983
500.000000, 92.222, 3.0231
508.000000, 92.190, 3.4968
515.000000, 92.153, 4.0265
522.000000, 92.133, 4.6585
530.000000, 92.096, 5.3659
538.000000, 92.052, 6.0338
545.000000, 92.024, 6.6783
552.000000, 92.016, 7.3969
560.000000, 92.026, 8.3163
570.000000, 92.060, 9.2559
580.000000, 92.082, 9.9385
590.000000, 92.099, 10.6640
600.000000, 92.111, 11.3698
608.000000, 92.127, 11.9783
615.000000, 92.149, 12.6050
622.000000, 92.158, 13.1583
630.000000, 92.161, 13.7164
640.000000, 92.164, 14.4344
650.000000, 92.171, 15.2148
660.000000, 92.185, 16.1663
670.000000, 92.205, 17.0745
680.000000, 92.238, 17.9118
690.000000, 92.278, 18.6151
700.000000, 92.325, 19.2360
710.000000, 92.377, 19.9115
720.000000, 92.424, 20.6115
730.000000, 92.474, 21.3561
740.000000, 92.532, 22.0502
750.000000, 92.583, 22.5565
762.000000, 92.635, 23.3043
775.000000, 92.694, 24.1695
788.000000, 92.730, 24.9660
800.000000, 92.773, 25.7616
812.000000, 92.819, 26.5228
825.000000, 92.878, 27.3101
838.000000, 92.957, 28.1162
850.000000, 93.035, 28.8575
862.000000, 93.119, 29.6442
875.000000, 93.210, 30.3912
885.000000, 93.276, 30.8592
900.000000, 93.371, 31.6549
912.000000, 93.441, 32.3443
925.000000, 93.515, 33.0036
938.000000, 93.598, 33.6423
950.000000, 93.682, 34.2485
962.000000, 93.763, 34.7647
975.000000, 93.848, 35.2858
988.000000, 93.939, 35.8701
1000.000000, 94.024, 36.3980
1015.000000, 94.132, 37.0260
1030.000000, 94.248, 37.6244
1044.000000, 94.358, 38.0658
1060.000000, 94.477, 38.5225
1075.000000, 94.589, 39.0304
1090.000000, 94.712, 39.5127
1106.000000, 94.852, 39.9660
1120.000000, 94.967, 40.3265
1138.000000, 95.103, 40.7094
1150.000000, 95.187, 40.9469
1172.000000, 95.346, 41.4589
1180.000000, 95.408, 41.6218
1206.000000, 95.626, 42.0878
1220.000000, 95.758, 42.3565
1241.000000, 95.956, 42.6423
1250.000000, 96.034, 42.7834
1265.000000, 96.149, 43.0759
1280.000000, 96.253, 43.3157
1315.000000, 96.495, 43.8203
1320.000000, 96.530, 43.8951
1340.000000, 96.668, 44.1506
1360.000000, 96.797, 44.3878
1380.000000, 96.931, 44.5939
1400.000000, 97.084, 44.7914
1430.000000, 97.343, 45.0707
1450.000000, 97.504, 45.2104
1475.000000, 97.675, 45.4903
1500.000000, 97.839, 45.6615
1525.000000, 98.017, 45.8396
1550.000000, 98.215, 45.8980
1575.000000, 98.409, 45.9496
1600.000000, 98.586, 46.0120
1625.000000, 98.752, 45.9890
1650.000000, 98.914, 45.9970
1675.000000, 99.096, 45.9052
1700.000000, 99.295, 45.7500
1725.000000, 99.497, 45.5762
1750.000000, 99.699, 45.3235
1775.000000, 99.892, 45.0414
1800.000000, 100.070, 44.7219
1825.000000, 100.236, 44.3263
1850.000000, 100.395, 43.8724
1875.000000, 100.550, 43.3658
1900.000000, 100.713, 42.7900
1925.000000, 100.887, 42.1024
1950.000000, 101.057, 41.3661
1975.000000, 101.217, 40.6206
2000.000000, 101.369, 39.7718
2030.000000, 101.532, 38.7133
2060.000000, 101.681, 37.6189
2090.000000, 101.831, 36.3748
2120.000000, 101.956, 35.1185
2140.000000, 102.021, 34.2814
2180.000000, 102.131, 32.4922
2200.000000, 102.173, 31.5857
2240.000000, 102.234, 29.7779
2270.000000, 102.267, 28.3731
2300.000000, 102.276, 27.0193
2330.000000, 102.267, 25.6943
2360.000000, 102.250, 24.3561
2400.000000, 102.192, 22.6993
2430.000000, 102.131, 21.5232
2470.000000, 102.044, 20.0198
2500.000000, 101.967, 18.9865
2540.000000, 101.853, 17.7145
2580.000000, 101.720, 16.5871
2620.000000, 101.569, 15.6014
2650.000000, 101.449, 14.9394
2690.000000, 101.275, 14.2053
2720.000000, 101.142, 13.7230
2760.000000, 100.958, 13.1993
2800.000000, 100.767, 12.8348
2850.000000, 100.530, 12.5223
2900.000000, 100.288, 12.4803
2950.000000, 100.067, 12.6493
3000.000000, 99.880, 13.0728
3040.000000, 99.760, 13.5551
3070.000000, 99.691, 13.9290
3110.000000, 99.611, 14.4145
3150.000000, 99.538, 14.8047
3200.000000, 99.462, 15.0173
3250.000000, 99.367, 15.1307
3300.000000, 99.252, 15.2606
3350.000000, 99.129, 15.5028
3400.000000, 99.002, 15.9087
3450.000000, 98.896, 16.4104
3500.000000, 98.817, 16.9360
3550.000000, 98.747, 17.4512
3600.000000, 98.677, 17.9226
3650.000000, 98.612, 18.3372
3700.000000, 98.540, 18.7226
3750.000000, 98.434, 19.2228
3820.000000, 98.252, 20.8914
3870.000000, 98.255, 22.6614
3950.000000, 98.458, 23.8782
4000.000000, 98.550, 23.8684
4060.000000, 98.597, 23.8716
4120.000000, 98.615, 23.9215
4180.000000, 98.628, 23.9585
4250.000000, 98.633, 23.9967
4310.000000, 98.642, 23.9504
4370.000000, 98.636, 23.8448
4440.000000, 98.607, 23.6704
4500.000000, 98.576, 23.4267
4550.000000, 98.535, 23.2032
4620.000000, 98.462, 22.8377
4680.000000, 98.393, 22.4376
4750.000000, 98.280, 21.9375
4820.000000, 98.122, 21.4266
4870.000000, 97.986, 21.0875
4940.000000, 97.766, 20.7344
5000.000000, 97.563, 20.5862
5080.000000, 97.279, 20.6856
5150.000000, 97.024, 21.0585
5220.000000, 96.779, 21.5894
5300.000000, 96.516, 22.3219
5380.000000, 96.286, 23.1046
5450.000000, 96.106, 23.8230
5520.000000, 95.913, 24.6400
5600.000000, 95.685, 25.6827
5700.000000, 95.386, 27.1787
5800.000000, 95.080, 28.9128
5900.000000, 94.813, 30.8261
6000.000000, 94.573, 32.9746
6080.000000, 94.422, 34.7946
6150.000000, 94.312, 36.4537
6220.000000, 94.209, 38.2115
6300.000000, 94.119, 40.2674
6400.000000, 94.060, 42.8835
6500.000000, 94.043, 45.5632
6600.000000, 94.075, 48.2423
6700.000000, 94.143, 50.9179
6800.000000, 94.253, 53.5521
6900.000000, 94.431, 56.1097
7000.000000, 94.694, 58.5698
7100.000000, 95.049, 60.8578
7200.000000, 95.505, 62.8355
7300.000000, 96.051, 64.3510
7400.000000, 96.668, 65.2368
7500.000000, 97.359, 65.2528
7620.000000, 98.268, 63.7391
7750.000000, 99.235, 59.7389
7880.000000, 99.937, 52.9964
8000.000000, 100.174, 44.8512
8120.000000, 99.921, 36.0465
8250.000000, 99.133, 27.4454
8380.000000, 97.954, 21.1539
8500.000000, 96.705, 17.7332
8620.000000, 95.438, 16.3873
8750.000000, 94.105, 16.7660
8850.000000, 93.131, 18.0525
9000.000000, 91.777, 21.2701
9120.000000, 90.806, 24.7510
9250.000000, 89.895, 29.1359
9380.000000, 89.113, 33.9282
9500.000000, 88.490, 38.5782
9620.000000, 87.951, 43.3834
9750.000000, 87.444, 48.7383
9880.000000, 87.021, 54.1981
10000.000000, 86.703, 59.3017
10150.000000, 86.398, 65.7454
10300.000000, 86.212, 72.1903
10440.000000, 86.125, 78.1844
10600.000000, 86.116, 84.9996
10750.000000, 86.217, 91.2797
10900.000000, 86.421, 97.3772
11060.000000, 86.760, 103.5924
11200.000000, 87.175, 108.7144
11380.000000, 87.873, 114.7317
11500.000000, 88.462, 118.2045
11720.000000, 89.804, 122.8542
11800.000000, 90.367, 123.7742
12060.000000, 92.367, 122.4707
12200.000000, 93.352, 118.4234
12410.000000, 94.251, 108.2581
12500.000000, 94.327, 103.0418
12650.000000, 94.009, 94.5622
12800.000000, 93.222, 87.7051
13150.000000, 90.602, 81.6328
13200.000000, 90.234, 81.7864
13400.000000, 88.897, 84.1688
13600.000000, 87.843, 88.4111
13800.000000, 87.100, 93.5681
14000.000000, 86.627, 99.0381
14300.000000, 86.336, 107.1292
14500.000000, 86.417, 112.1082
14750.000000, 86.841, 117.2968
15000.000000, 87.640, 120.4285
15250.000000, 88.738, 119.8276
15500.000000, 89.798, 113.6318
15750.000000, 90.172, 102.4630
16000.000000, 89.408, 91.2056
16250.000000, 87.920, 84.8039
16500.000000, 86.492, 83.8234
16750.000000, 85.629, 85.2182
17000.000000, 85.417, 85.1636
17250.000000, 85.517, 80.4541
17500.000000, 85.249, 70.0966
17750.000000, 83.942, 57.1572
18000.000000, 81.472, 46.9575
18250.000000, 78.302, 42.7576
18500.000000, 75.009, 44.6265
18750.000000, 71.950, 50.8836
19000.000000, 69.253, 59.7983
19250.000000, 66.875, 70.5289
19500.000000, 64.745, 82.4061
19750.000000, 62.859, 95.2955
20000.000000, 61.167, 108.7684
20300.000000, 59.396, 125.4347
20600.000000, 57.974, 142.5361
20900.000000, 56.791, 161.1618
21200.000000, 55.494, -179.2453
21400.000000, 54.259, -165.8553
21800.000000, 51.019, -138.2924
22000.000000, 49.278, 158.2181
22400.000000, 46.108, -147.6831
22700.000000, 47.971, -146.0780
23000.000000, 56.045, -132.0565
23300.000000, 64.940, -107.5793
23600.000000, 72.390, -100.2047
24000.000000, 77.848, -87.5651
