* Measurement data measured by REW V5.31.3
* Source: E2x2, MICROPHONE (Analogue 1), 1, volume: 1.000. Timing signal peak level -35.5 dBFS, measurement signal peak level -31.4 dBFS
* Format: 512k Log Swept Sine, 1 sweep at -38.3 dBFS using an acoustic timing reference
* Dated: Apr 19, 2025 4:42:22 PM
* REW Settings:
*  C-weighting compensation: Off
*  Target level: 75.0 dB
* Note: ; Fosi DS1 + E2x2 MacBook Delay -0.0314 ms (-11 mm, -0.42 in) using estimated IR delay relative to Acoustic reference played from SPEAKER R with no timing offset Clock adjustment: -29.1 ppm
* Measurement: Sancai R
* Smoothing: 1/24 octave
* Frequency Step: 1/48 octave
* Start Frequency: 1.000 Hz
*
* Freq(Hz), SPL(dB), Phase(degrees)
1.000000, 70.559, 91.1414
1.015000, 70.305, 93.7334
1.030000, 70.069, 96.3527
1.044000, 69.865, 98.8188
1.060000, 69.656, 101.6581
1.075000, 69.483, 104.3355
1.090000, 69.335, 107.0234
1.106000, 69.205, 109.8999
1.120000, 69.112, 112.4273
1.138000, 69.018, 115.6902
1.150000, 68.969, 117.8706
1.172000, 68.909, 121.7782
1.180000, 68.895, 123.1038
1.206000, 68.881, 127.3955
1.220000, 68.890, 129.6837
1.241000, 68.924, 133.0729
1.250000, 68.946, 134.5062
1.265000, 68.990, 136.8652
1.280000, 69.044, 139.1823
1.315000, 69.201, 144.3995
1.320000, 69.226, 145.1209
1.340000, 69.334, 147.9419
1.360000, 69.450, 150.6582
1.380000, 69.572, 153.1324
1.400000, 69.697, 155.4401
1.430000, 69.884, 158.6779
1.450000, 70.007, 160.6883
1.475000, 70.162, 163.0606
1.500000, 70.331, 165.3397
1.525000, 70.522, 167.5481
1.550000, 70.732, 169.6788
1.575000, 70.959, 171.6523
1.600000, 71.199, 173.4052
1.625000, 71.449, 175.0641
1.650000, 71.707, 176.6263
1.675000, 71.969, 178.0910
1.700000, 72.232, 179.4581
1.725000, 72.494, -179.2721
1.750000, 72.751, -178.0979
1.775000, 73.000, -177.0714
1.800000, 73.239, -176.2416
1.825000, 73.465, -175.4961
1.850000, 73.682, -174.8173
1.875000, 73.895, -174.1782
1.900000, 74.105, -173.5692
1.925000, 74.313, -172.9891
1.950000, 74.518, -172.4365
1.975000, 74.721, -171.9626
2.000000, 74.920, -171.6166
2.030000, 75.157, -171.2354
2.060000, 75.388, -170.8978
2.090000, 75.615, -170.6052
2.120000, 75.837, -170.3587
2.140000, 75.982, -170.2207
2.180000, 76.264, -170.0618
2.200000, 76.402, -170.0632
2.240000, 76.669, -170.1176
2.270000, 76.862, -170.1934
2.300000, 77.051, -170.2921
2.330000, 77.234, -170.4092
2.360000, 77.412, -170.5421
2.400000, 77.643, -170.8573
2.430000, 77.812, -171.1223
2.470000, 78.031, -171.4894
2.500000, 78.192, -171.7749
2.540000, 78.401, -172.1700
2.580000, 78.605, -172.6292
2.620000, 78.802, -173.2053
2.650000, 78.945, -173.6564
2.690000, 79.130, -174.2764
2.720000, 79.264, -174.7491
2.760000, 79.438, -175.3785
2.800000, 79.607, -176.0928
2.850000, 79.813, -176.9844
2.900000, 80.013, -177.8517
2.950000, 80.208, -178.7029
3.000000, 80.394, -179.6377
3.040000, 80.538, 179.5764
3.070000, 80.643, 178.9849
3.110000, 80.780, 178.2000
3.150000, 80.914, 177.4261
3.200000, 81.078, 176.4276
3.250000, 81.241, 175.4416
3.300000, 81.402, 174.5002
3.350000, 81.561, 173.5906
3.400000, 81.716, 172.6381
3.450000, 81.868, 171.6775
3.500000, 82.018, 170.7383
3.550000, 82.168, 169.8280
3.600000, 82.320, 168.9058
3.650000, 82.475, 168.0040
3.700000, 82.632, 167.1449
3.750000, 82.789, 166.3237
3.820000, 83.011, 165.1617
3.870000, 83.171, 164.3450
3.950000, 83.435, 163.0732
4.000000, 83.605, 162.2635
4.060000, 83.816, 161.3028
4.120000, 84.033, 160.3900
4.180000, 84.256, 159.5047
4.250000, 84.522, 158.4417
4.310000, 84.755, 157.5276
4.370000, 84.992, 156.5909
4.440000, 85.276, 155.4436
4.500000, 85.525, 154.4749
4.550000, 85.737, 153.6779
4.620000, 86.037, 152.5203
4.680000, 86.295, 151.4973
4.750000, 86.595, 150.2616
4.820000, 86.896, 148.9548
4.870000, 87.112, 148.0059
4.940000, 87.415, 146.6718
5.000000, 87.672, 145.4993
5.080000, 88.009, 143.8938
5.150000, 88.295, 142.4539
5.220000, 88.576, 140.9549
5.300000, 88.889, 139.2118
5.380000, 89.193, 137.4657
5.450000, 89.448, 135.9223
5.520000, 89.692, 134.3807
5.600000, 89.958, 132.5841
5.700000, 90.272, 130.3115
5.800000, 90.564, 128.0899
5.900000, 90.833, 125.9240
6.000000, 91.078, 123.7742
6.080000, 91.257, 122.0723
6.150000, 91.404, 120.6432
6.220000, 91.540, 119.2675
6.300000, 91.684, 117.7597
6.400000, 91.844, 115.9386
6.500000, 91.989, 114.2118
6.600000, 92.121, 112.6367
6.700000, 92.241, 111.1960
6.800000, 92.349, 109.8735
6.900000, 92.453, 108.6664
7.000000, 92.556, 107.6001
7.100000, 92.659, 106.6619
7.200000, 92.763, 105.8308
7.300000, 92.873, 105.0717
7.400000, 92.993, 104.3904
7.500000, 93.120, 103.7771
7.620000, 93.283, 103.0831
7.750000, 93.473, 102.3210
7.880000, 93.677, 101.5439
8.000000, 93.871, 100.7877
8.120000, 94.065, 99.9471
8.250000, 94.276, 98.9523
8.380000, 94.481, 97.8809
8.500000, 94.657, 96.8102
8.620000, 94.822, 95.6712
8.750000, 94.984, 94.3952
8.850000, 95.095, 93.3934
9.000000, 95.239, 91.8633
9.120000, 95.336, 90.6481
9.250000, 95.423, 89.3666
9.380000, 95.492, 88.1210
9.500000, 95.543, 87.0196
9.620000, 95.585, 85.9834
9.750000, 95.619, 84.9252
9.880000, 95.638, 83.9354
10.000000, 95.642, 83.0913
10.150000, 95.633, 82.0909
10.300000, 95.615, 81.1718
10.440000, 95.595, 80.3821
10.600000, 95.571, 79.5478
10.750000, 95.552, 78.8212
10.900000, 95.536, 78.1473
11.060000, 95.521, 77.4688
11.200000, 95.511, 76.8987
11.380000, 95.503, 76.2333
11.500000, 95.502, 75.8329
11.720000, 95.517, 75.1660
11.800000, 95.530, 74.9397
12.060000, 95.603, 74.2030
12.200000, 95.664, 73.7508
12.410000, 95.777, 72.9825
12.500000, 95.831, 72.6010
12.650000, 95.926, 71.8888
12.800000, 96.023, 71.0753
13.150000, 96.227, 68.7652
13.200000, 96.251, 68.3967
13.400000, 96.334, 66.8660
13.600000, 96.389, 65.3140
13.800000, 96.416, 63.8066
14.000000, 96.421, 62.4148
14.300000, 96.403, 60.5972
14.500000, 96.392, 59.6079
14.750000, 96.396, 58.5670
15.000000, 96.433, 57.6474
15.250000, 96.503, 56.6925
15.500000, 96.592, 55.6360
15.750000, 96.678, 54.4500
16.000000, 96.746, 53.1681
16.250000, 96.787, 51.8600
16.500000, 96.800, 50.6399
16.750000, 96.795, 49.5905
17.000000, 96.790, 48.7376
17.250000, 96.798, 48.0384
17.500000, 96.827, 47.4335
17.750000, 96.876, 46.8306
18.000000, 96.939, 46.1604
18.250000, 97.001, 45.3820
18.500000, 97.052, 44.5290
18.750000, 97.087, 43.6552
19.000000, 97.107, 42.8166
19.250000, 97.117, 42.0397
19.500000, 97.127, 41.3367
19.750000, 97.139, 40.6771
20.000000, 97.154, 40.0129
20.299999, 97.165, 39.1544
20.600000, 97.150, 38.2711
20.900000, 97.096, 37.4880
21.200001, 97.004, 36.9909
21.400000, 96.934, 36.9110
21.799999, 96.838, 37.4245
22.000000, 96.840, 37.9314
22.400000, 96.988, 38.9357
22.700001, 97.205, 39.2287
23.000000, 97.455, 38.8611
23.299999, 97.682, 37.8329
23.600000, 97.841, 36.3360
24.000000, 97.922, 34.0731
24.299999, 97.895, 32.4731
24.700001, 97.786, 30.7412
25.000000, 97.679, 29.7831
25.400000, 97.527, 28.9150
25.799999, 97.379, 28.5347
26.200001, 97.268, 28.7154
26.500000, 97.254, 29.1596
26.900000, 97.382, 29.7309
27.200001, 97.586, 29.6701
27.600000, 97.914, 28.3993
28.000000, 98.155, 25.7654
28.500000, 98.143, 21.5726
29.000000, 97.747, 18.3107
29.500000, 97.192, 17.7827
30.000000, 96.894, 19.9397
30.400000, 96.988, 21.9967
30.700001, 97.192, 22.8821
31.100000, 97.492, 22.9514
31.500000, 97.712, 22.1608
32.000000, 97.835, 20.9323
32.500000, 97.862, 20.0803
33.000000, 97.867, 19.6329
33.500000, 97.863, 19.3572
34.000000, 97.838, 19.2013
34.500000, 97.804, 19.1949
35.000000, 97.782, 19.1983
35.500000, 97.763, 18.9487
36.000000, 97.699, 18.4096
36.500000, 97.567, 17.8910
37.000000, 97.416, 17.7127
37.500000, 97.334, 17.6987
38.200001, 97.352, 16.7930
38.700001, 97.326, 15.2880
39.500000, 97.117, 13.1562
40.000000, 97.068, 12.4887
40.599998, 97.207, 11.0246
41.200001, 97.285, 7.9579
41.799999, 97.011, 4.9537
42.500000, 96.477, 5.0305
43.099998, 96.424, 7.7580
43.700001, 96.793, 9.3738
44.400002, 97.168, 8.6790
45.000000, 97.270, 7.7706
45.500000, 97.306, 7.4369
46.200001, 97.362, 7.0744
46.799999, 97.352, 6.6211
47.500000, 97.273, 6.4053
48.200001, 97.222, 6.4714
48.700001, 97.205, 6.4037
49.400002, 97.175, 6.1532
50.000000, 97.157, 5.9431
50.799999, 97.175, 5.5269
51.500000, 97.201, 4.9124
52.200001, 97.210, 4.2152
53.000000, 97.197, 3.5094
53.799999, 97.159, 3.0658
54.500000, 97.128, 2.9444
55.200001, 97.116, 2.8980
56.000000, 97.101, 2.7563
57.000000, 97.063, 2.5776
58.000000, 97.053, 2.2934
59.000000, 97.042, 1.4910
60.000000, 96.971, 0.5441
60.799999, 96.905, 0.1191
61.500000, 96.892, -0.0780
62.200001, 96.914, -0.4271
63.000000, 96.916, -1.0458
64.000000, 96.860, -1.4941
65.000000, 96.835, -1.5705
66.000000, 96.832, -1.8114
67.000000, 96.815, -2.3520
68.000000, 96.744, -2.9670
69.000000, 96.682, -3.2871
70.000000, 96.670, -3.7001
71.000000, 96.674, -4.1574
72.000000, 96.700, -4.7955
73.000000, 96.644, -5.5007
74.000000, 96.547, -5.3375
75.000000, 96.537, -4.8750
76.199997, 96.519, -4.7921
77.500000, 96.473, -4.6033
78.800003, 96.481, -4.9517
80.000000, 96.422, -5.8904
81.199997, 96.327, -6.3970
82.500000, 96.312, -6.6106
83.800003, 96.347, -7.0409
85.000000, 96.337, -7.4673
86.199997, 96.294, -7.6591
87.500000, 96.222, -7.7547
88.500000, 96.161, -7.8443
90.000000, 96.052, -8.1434
91.199997, 95.981, -8.2501
92.500000, 95.953, -8.3888
93.800003, 95.974, -8.5116
95.000000, 96.004, -8.9942
96.199997, 95.962, -9.5812
97.500000, 95.860, -9.9747
98.800003, 95.759, -9.9871
100.000000, 95.742, -9.9889
101.500000, 95.747, -10.6855
103.000000, 95.671, -11.1714
104.400002, 95.618, -10.8024
106.000000, 95.631, -10.3595
107.500000, 95.657, -10.6821
109.000000, 95.520, -11.7560
110.599998, 95.494, -9.5588
112.000000, 95.842, -10.4317
113.800003, 95.639, -12.9030
115.000000, 95.460, -12.1203
117.199997, 95.392, -11.0007
118.000000, 95.321, -11.1434
120.599998, 95.050, -11.2661
122.000000, 95.037, -11.7083
124.099998, 95.116, -12.6084
125.000000, 95.142, -13.1300
126.500000, 95.077, -13.5574
128.000000, 94.990, -13.0257
131.500000, 94.864, -12.5247
132.000000, 94.852, -12.4528
134.000000, 94.814, -12.6773
136.000000, 94.655, -12.7005
138.000000, 94.575, -12.1524
140.000000, 94.582, -12.6767
143.000000, 94.576, -13.4361
145.000000, 94.683, -13.5782
147.500000, 94.666, -14.8118
150.000000, 94.398, -14.5809
152.500000, 94.272, -13.5975
155.000000, 94.240, -13.0360
157.500000, 94.121, -12.8299
160.000000, 93.976, -11.9031
162.500000, 93.885, -11.5977
165.000000, 93.818, -12.0779
167.500000, 93.794, -13.6491
170.000000, 93.861, -14.2758
172.500000, 94.013, -14.4999
175.000000, 94.089, -13.9968
177.500000, 94.104, -13.5952
180.000000, 94.092, -13.2645
182.500000, 93.977, -14.1696
185.000000, 93.753, -14.0187
187.500000, 93.704, -12.9338
190.000000, 93.732, -12.3539
192.500000, 93.693, -12.1081
195.000000, 93.573, -12.2955
197.500000, 93.395, -12.6179
200.000000, 93.283, -12.0991
203.000000, 93.315, -11.6106
206.000000, 93.265, -11.1453
209.000000, 93.221, -11.4582
212.000000, 93.089, -12.8716
214.000000, 93.041, -12.7937
218.000000, 93.228, -11.9665
220.000000, 93.294, -12.3032
224.000000, 93.202, -12.1594
227.000000, 93.086, -11.3160
230.000000, 92.979, -11.2230
233.000000, 92.937, -11.2654
236.000000, 92.917, -11.7781
240.000000, 92.737, -12.2288
243.000000, 92.590, -11.0987
247.000000, 92.822, -8.9171
250.000000, 93.023, -9.6102
254.000000, 92.859, -10.8089
258.000000, 92.584, -10.5371
262.000000, 92.571, -9.8144
265.000000, 92.631, -9.4327
269.000000, 92.636, -9.4824
272.000000, 92.550, -9.4402
276.000000, 92.436, -8.8806
280.000000, 92.389, -8.0096
285.000000, 92.368, -8.1057
290.000000, 92.266, -8.0146
295.000000, 92.202, -7.0727
300.000000, 92.196, -7.1739
304.000000, 92.185, -7.2478
307.000000, 92.217, -7.2466
311.000000, 92.284, -6.9169
315.000000, 92.255, -6.1079
320.000000, 92.196, -5.5653
325.000000, 92.154, -5.4969
330.000000, 92.019, -5.6781
335.000000, 91.946, -5.1822
340.000000, 91.920, -4.5044
345.000000, 91.951, -4.1592
350.000000, 91.955, -4.6499
355.000000, 91.923, -4.8723
360.000000, 91.879, -4.1058
365.000000, 91.758, -3.2342
370.000000, 91.796, -2.1455
375.000000, 91.934, -2.3716
382.000000, 91.912, -2.3737
387.000000, 91.859, -1.7552
395.000000, 91.817, -0.5440
400.000000, 91.734, 0.0859
406.000000, 91.645, 0.3725
412.000000, 91.627, 0.4290
418.000000, 91.612, 1.0071
425.000000, 91.586, 1.5808
431.000000, 91.553, 2.0565
437.000000, 91.527, 2.6784
444.000000, 91.495, 3.0301
450.000000, 91.496, 3.1651
455.000000, 91.491, 3.5197
462.000000, 91.480, 4.4870
468.000000, 91.463, 5.2122
475.000000, 91.421, 5.4514
482.000000, 91.389, 5.6485
487.000000, 91.379, 5.8856
494.000000, 91.380, 6.2633
500.000000, 91.389, 6.6976
508.000000, 91.378, 7.2295
515.000000, 91.361, 7.6585
522.000000, 91.356, 8.1608
530.000000, 91.349, 8.7005
538.000000, 91.337, 9.1587
545.000000, 91.318, 9.5128
552.000000, 91.292, 10.0061
560.000000, 91.292, 10.5264
570.000000, 91.296, 11.8678
580.000000, 91.297, 12.9104
590.000000, 91.304, 13.6764
600.000000, 91.318, 14.2428
608.000000, 91.334, 14.7345
615.000000, 91.340, 15.2779
622.000000, 91.341, 15.8778
630.000000, 91.334, 16.6167
640.000000, 91.362, 17.5894
650.000000, 91.407, 18.1912
660.000000, 91.430, 18.6138
670.000000, 91.476, 19.2151
680.000000, 91.521, 19.8899
690.000000, 91.537, 20.5927
700.000000, 91.561, 21.3507
710.000000, 91.577, 21.9723
720.000000, 91.578, 22.4660
730.000000, 91.581, 23.2984
740.000000, 91.617, 24.3308
750.000000, 91.663, 24.9977
762.000000, 91.726, 25.6344
775.000000, 91.783, 26.3409
788.000000, 91.828, 27.2087
800.000000, 91.865, 28.0312
812.000000, 91.935, 28.7357
825.000000, 92.013, 29.6166
838.000000, 92.076, 30.5151
850.000000, 92.149, 31.2866
862.000000, 92.229, 31.9910
875.000000, 92.316, 32.6743
885.000000, 92.378, 33.3134
900.000000, 92.473, 34.2445
912.000000, 92.534, 34.9011
925.000000, 92.601, 35.6115
938.000000, 92.675, 36.4126
950.000000, 92.737, 37.0655
962.000000, 92.798, 37.5702
975.000000, 92.900, 38.1030
988.000000, 93.035, 38.6405
1000.000000, 93.160, 38.9845
1015.000000, 93.270, 39.4184
1030.000000, 93.366, 40.2149
1044.000000, 93.469, 40.6809
1060.000000, 93.544, 41.3688
1075.000000, 93.628, 42.0165
1090.000000, 93.737, 42.5548
1106.000000, 93.889, 42.9961
1120.000000, 94.020, 43.3526
1138.000000, 94.191, 43.8324
1150.000000, 94.299, 44.1674
1172.000000, 94.460, 44.7766
1180.000000, 94.510, 45.0215
1206.000000, 94.682, 45.5835
1220.000000, 94.796, 45.8615
1241.000000, 94.981, 46.2519
1250.000000, 95.059, 46.3914
1265.000000, 95.184, 46.6985
1280.000000, 95.309, 47.0298
1315.000000, 95.602, 47.5731
1320.000000, 95.641, 47.6766
1340.000000, 95.788, 48.0896
1360.000000, 95.909, 48.4059
1380.000000, 96.044, 48.7067
1400.000000, 96.204, 48.9922
1430.000000, 96.410, 49.3423
1450.000000, 96.548, 49.5471
1475.000000, 96.737, 49.8304
1500.000000, 96.937, 50.1164
1525.000000, 97.165, 50.2512
1550.000000, 97.370, 50.4142
1575.000000, 97.545, 50.5955
1600.000000, 97.709, 50.7249
1625.000000, 97.889, 50.8329
1650.000000, 98.092, 50.8629
1675.000000, 98.298, 50.8596
1700.000000, 98.488, 50.8413
1725.000000, 98.667, 50.8076
1750.000000, 98.850, 50.6999
1775.000000, 99.042, 50.5426
1800.000000, 99.238, 50.3291
1825.000000, 99.429, 50.0454
1850.000000, 99.608, 49.7228
1875.000000, 99.784, 49.3800
1900.000000, 99.963, 48.9078
1925.000000, 100.135, 48.4235
1950.000000, 100.307, 47.8664
1975.000000, 100.492, 47.2192
2000.000000, 100.674, 46.5602
2030.000000, 100.874, 45.6881
2060.000000, 101.064, 44.7146
2090.000000, 101.241, 43.6473
2120.000000, 101.406, 42.5220
2140.000000, 101.509, 41.7055
2180.000000, 101.689, 40.0439
2200.000000, 101.764, 39.1582
2240.000000, 101.873, 37.3489
2270.000000, 101.923, 35.9880
2300.000000, 101.958, 34.5887
2330.000000, 101.986, 33.2172
2360.000000, 102.016, 31.7983
2400.000000, 102.044, 29.9753
2430.000000, 102.043, 28.6651
2470.000000, 102.010, 27.0339
2500.000000, 101.968, 25.8605
2540.000000, 101.870, 24.4270
2580.000000, 101.726, 23.1580
2620.000000, 101.557, 22.0446
2650.000000, 101.428, 21.2907
2690.000000, 101.264, 20.4197
2720.000000, 101.150, 19.8883
2760.000000, 101.027, 19.1718
2800.000000, 100.911, 18.5314
2850.000000, 100.743, 17.8195
2900.000000, 100.525, 17.2677
2950.000000, 100.239, 17.0968
3000.000000, 99.974, 17.3437
3040.000000, 99.828, 17.9601
3070.000000, 99.774, 18.5455
3110.000000, 99.773, 19.0847
3150.000000, 99.777, 19.2635
3200.000000, 99.707, 19.2361
3250.000000, 99.589, 19.1387
3300.000000, 99.452, 19.2132
3350.000000, 99.336, 19.3657
3400.000000, 99.235, 19.6354
3450.000000, 99.137, 20.0584
3500.000000, 99.060, 20.4799
3550.000000, 99.005, 20.8925
3600.000000, 98.984, 21.1548
3650.000000, 98.966, 21.3052
3700.000000, 98.925, 21.3441
3750.000000, 98.860, 21.2438
3820.000000, 98.670, 20.9705
3870.000000, 98.428, 21.4597
3950.000000, 98.278, 25.0927
4000.000000, 98.461, 26.6370
4060.000000, 98.645, 26.8887
4120.000000, 98.717, 26.7420
4180.000000, 98.740, 26.6420
4250.000000, 98.758, 26.5302
4310.000000, 98.763, 26.4115
4370.000000, 98.764, 26.2040
4440.000000, 98.750, 25.8699
4500.000000, 98.724, 25.5096
4550.000000, 98.692, 25.1651
4620.000000, 98.627, 24.6130
4680.000000, 98.552, 24.0991
4750.000000, 98.432, 23.4895
4820.000000, 98.267, 22.9547
4870.000000, 98.141, 22.6089
4940.000000, 97.953, 22.2293
5000.000000, 97.772, 22.0397
5080.000000, 97.527, 21.8921
5150.000000, 97.285, 21.9265
5220.000000, 97.018, 22.1239
5300.000000, 96.721, 22.5503
5380.000000, 96.428, 23.2566
5450.000000, 96.177, 24.0797
5520.000000, 95.953, 24.9901
5600.000000, 95.698, 26.1557
5700.000000, 95.393, 27.7330
5800.000000, 95.135, 29.4239
5900.000000, 94.903, 31.2679
6000.000000, 94.678, 33.2746
6080.000000, 94.490, 35.0196
6150.000000, 94.340, 36.6463
6220.000000, 94.221, 38.3381
6300.000000, 94.126, 40.3459
6400.000000, 94.054, 42.9471
6500.000000, 94.015, 45.6091
6600.000000, 94.007, 48.3171
6700.000000, 94.048, 50.9949
6800.000000, 94.154, 53.6119
6900.000000, 94.343, 56.1034
7000.000000, 94.595, 58.4953
7100.000000, 94.935, 60.6644
7200.000000, 95.365, 62.4811
7300.000000, 95.864, 63.7662
7400.000000, 96.418, 64.3421
7500.000000, 97.004, 64.1200
7620.000000, 97.732, 62.6383
7750.000000, 98.514, 59.1371
7880.000000, 99.070, 53.5741
8000.000000, 99.276, 46.9787
8120.000000, 99.102, 39.8487
8250.000000, 98.473, 32.6901
8380.000000, 97.494, 27.1704
8500.000000, 96.427, 23.9336
8620.000000, 95.308, 22.4772
8750.000000, 94.087, 22.6075
8850.000000, 93.167, 23.6921
9000.000000, 91.881, 26.5269
9120.000000, 90.963, 29.5847
9250.000000, 90.088, 33.4874
9380.000000, 89.332, 37.8260
9500.000000, 88.692, 42.1745
9620.000000, 88.124, 46.7638
9750.000000, 87.605, 51.9327
9880.000000, 87.169, 57.3021
10000.000000, 86.848, 62.3831
10150.000000, 86.547, 68.8287
10300.000000, 86.321, 75.3354
10440.000000, 86.199, 81.4162
10600.000000, 86.176, 88.2837
10750.000000, 86.245, 94.6163
10900.000000, 86.406, 100.8103
11060.000000, 86.682, 107.6193
11200.000000, 87.063, 113.4774
11380.000000, 87.743, 120.3764
11500.000000, 88.304, 124.5659
11720.000000, 89.592, 131.1279
11800.000000, 90.154, 132.9892
12060.000000, 92.300, 135.9384
12200.000000, 93.599, 134.6073
12410.000000, 95.380, 127.4562
12500.000000, 95.937, 122.5264
12650.000000, 96.413, 112.7146
12800.000000, 96.243, 102.5950
13150.000000, 94.089, 87.3609
13200.000000, 93.707, 86.4797
13400.000000, 92.260, 85.6292
13600.000000, 91.123, 87.7166
13800.000000, 90.361, 91.2875
14000.000000, 89.960, 95.2859
14300.000000, 89.988, 100.3610
14500.000000, 90.349, 101.9843
14750.000000, 91.092, 100.3029
15000.000000, 91.729, 93.2147
15250.000000, 91.666, 81.3741
15500.000000, 90.504, 68.9301
15750.000000, 88.360, 61.1621
16000.000000, 85.837, 61.5306
16250.000000, 83.843, 69.6715
16500.000000, 83.064, 80.1308
16750.000000, 83.330, 86.6826
17000.000000, 84.020, 86.8364
17250.000000, 84.518, 80.5895
17500.000000, 84.251, 69.7803
17750.000000, 82.957, 58.0659
18000.000000, 80.719, 49.4547
18250.000000, 77.934, 45.8783
18500.000000, 75.066, 47.3578
18750.000000, 72.396, 52.7229
19000.000000, 70.044, 60.5034
19250.000000, 68.000, 69.7944
19500.000000, 66.177, 79.8644
19750.000000, 64.582, 90.7077
20000.000000, 63.227, 101.8426
20300.000000, 61.963, 114.4793
20600.000000, 61.057, 124.3312
20900.000000, 59.958, 131.3191
21200.000000, 58.075, 135.7277
21400.000000, 56.054, 139.7962
21800.000000, 50.567, 161.7084
22000.000000, 47.879, 100.2560
22400.000000, 45.255, 161.6535
22700.000000, 49.079, -147.2845
23000.000000, 57.752, -112.8018
23300.000000, 66.692, -134.5620
23600.000000, 74.148, -135.8846
24000.000000, 79.606, -112.1299
