* Measurement data measured by REW V5.31.3
* Source: E2x2, MICROPHONE (Analogue 1), 1, volume: 1.000. Timing signal peak level -33.9 dBFS, measurement signal peak level -33.0 dBFS
* Format: 512k Log Swept Sine, 1 sweep at -38.5 dBFS using an acoustic timing reference
* Dated: May 4, 2025 12:28:42 PM
* REW Settings:
*  C-weighting compensation: Off
*  Target level: 75.0 dB
* Note: ; Fosi DS1 4.4mm + E2x2 MacBook Delay -0.0330 ms (-11 mm, -0.45 in) using estimated IR delay relative to Acoustic reference played from SPEAKER R with no timing offset Clock adjustment: -29.5 ppm
* Measurement: CP145 R
* Smoothing: 1/24 octave
* Frequency Step: 1/48 octave
* Start Frequency: 1.000 Hz
*
* Freq(Hz), SPL(dB), Phase(degrees)
1.000000, 70.744, -149.4223
1.015000, 70.774, -150.5752
1.030000, 70.811, -151.6898
1.044000, 70.852, -152.7037
1.060000, 70.906, -153.8402
1.075000, 70.965, -154.8923
1.090000, 71.030, -155.9377
1.106000, 71.110, -157.0438
1.120000, 71.190, -157.9897
1.138000, 71.308, -159.1580
1.150000, 71.395, -159.9019
1.172000, 71.571, -161.2754
1.180000, 71.640, -161.8408
1.206000, 71.881, -163.5694
1.220000, 72.019, -164.4360
1.241000, 72.237, -165.6540
1.250000, 72.334, -166.1470
1.265000, 72.499, -166.9318
1.280000, 72.668, -167.6726
1.315000, 73.073, -169.2460
1.320000, 73.132, -169.4546
1.340000, 73.368, -170.2533
1.360000, 73.603, -170.9957
1.380000, 73.837, -171.8211
1.400000, 74.066, -172.6571
1.430000, 74.399, -173.8521
1.450000, 74.610, -174.6183
1.475000, 74.864, -175.5416
1.500000, 75.114, -176.4066
1.525000, 75.364, -177.2013
1.550000, 75.615, -177.9260
1.575000, 75.865, -178.6561
1.600000, 76.116, -179.4544
1.625000, 76.365, 179.8034
1.650000, 76.614, 179.1102
1.675000, 76.861, 178.4594
1.700000, 77.106, 177.8442
1.725000, 77.350, 177.2579
1.750000, 77.590, 176.6945
1.775000, 77.829, 176.0948
1.800000, 78.064, 175.4021
1.825000, 78.296, 174.7195
1.850000, 78.525, 174.0477
1.875000, 78.751, 173.3974
1.900000, 78.975, 172.7744
1.925000, 79.198, 172.1804
1.950000, 79.418, 171.6171
1.975000, 79.636, 171.0325
2.000000, 79.851, 170.3767
2.030000, 80.107, 169.6281
2.060000, 80.360, 168.9116
2.090000, 80.610, 168.2227
2.120000, 80.856, 167.5564
2.140000, 81.018, 167.1222
2.180000, 81.339, 166.2191
2.200000, 81.497, 165.7251
2.240000, 81.808, 164.7529
2.270000, 82.037, 164.0429
2.300000, 82.263, 163.3530
2.330000, 82.486, 162.6852
2.360000, 82.705, 162.0394
2.400000, 82.993, 161.0943
2.430000, 83.206, 160.3940
2.470000, 83.484, 159.4910
2.500000, 83.690, 158.8340
2.540000, 83.960, 157.9805
2.580000, 84.226, 157.1049
2.620000, 84.486, 156.1594
2.650000, 84.677, 155.4617
2.690000, 84.928, 154.5497
2.720000, 85.113, 153.8819
2.760000, 85.355, 153.0193
2.800000, 85.593, 152.0966
2.850000, 85.883, 150.9705
2.900000, 86.166, 149.8875
2.950000, 86.442, 148.8364
3.000000, 86.711, 147.7290
3.040000, 86.920, 146.8281
3.070000, 87.074, 146.1624
3.110000, 87.275, 145.2918
3.150000, 87.472, 144.4440
3.200000, 87.712, 143.3625
3.250000, 87.947, 142.2954
3.300000, 88.176, 141.2661
3.350000, 88.399, 140.2595
3.400000, 88.615, 139.2065
3.450000, 88.825, 138.1473
3.500000, 89.030, 137.1148
3.550000, 89.229, 136.1168
3.600000, 89.423, 135.1110
3.650000, 89.613, 134.1248
3.700000, 89.798, 133.1672
3.750000, 89.977, 132.2244
3.820000, 90.220, 130.8687
3.870000, 90.388, 129.9136
3.950000, 90.648, 128.4476
4.000000, 90.806, 127.5417
4.060000, 90.991, 126.4766
4.120000, 91.170, 125.4381
4.180000, 91.343, 124.4117
4.250000, 91.539, 123.2000
4.310000, 91.703, 122.2016
4.370000, 91.862, 121.2384
4.440000, 92.044, 120.1162
4.500000, 92.194, 119.1800
4.550000, 92.317, 118.4180
4.620000, 92.484, 117.3437
4.680000, 92.625, 116.4452
4.750000, 92.785, 115.4370
4.820000, 92.942, 114.4332
4.870000, 93.051, 113.7277
4.940000, 93.201, 112.7651
5.000000, 93.327, 111.9440
5.080000, 93.491, 110.8676
5.150000, 93.632, 109.9585
5.220000, 93.769, 109.0497
5.300000, 93.922, 108.0296
5.380000, 94.072, 107.0354
5.450000, 94.200, 106.1659
5.520000, 94.325, 105.3209
5.600000, 94.465, 104.3652
5.700000, 94.636, 103.1802
5.800000, 94.801, 102.0247
5.900000, 94.962, 100.8854
6.000000, 95.117, 99.7684
6.080000, 95.238, 98.8795
6.150000, 95.341, 98.1222
6.220000, 95.441, 97.3664
6.300000, 95.553, 96.5184
6.400000, 95.689, 95.4753
6.500000, 95.821, 94.4448
6.600000, 95.948, 93.4420
6.700000, 96.071, 92.4538
6.800000, 96.191, 91.4869
6.900000, 96.306, 90.5347
7.000000, 96.419, 89.6084
7.100000, 96.528, 88.6963
7.200000, 96.633, 87.8053
7.300000, 96.737, 86.9286
7.400000, 96.837, 86.0734
7.500000, 96.936, 85.2297
7.620000, 97.050, 84.2407
7.750000, 97.171, 83.1956
7.880000, 97.288, 82.1667
8.000000, 97.393, 81.2409
8.120000, 97.495, 80.3306
8.250000, 97.603, 79.3619
8.380000, 97.707, 78.4143
8.500000, 97.801, 77.5532
8.620000, 97.891, 76.7078
8.750000, 97.987, 75.8086
8.850000, 98.058, 75.1274
9.000000, 98.161, 74.1277
9.120000, 98.242, 73.3424
9.250000, 98.326, 72.5079
9.380000, 98.409, 71.6919
9.500000, 98.483, 70.9493
9.620000, 98.556, 70.2222
9.750000, 98.631, 69.4487
9.880000, 98.698, 68.6876
10.000000, 98.748, 68.0013
10.150000, 98.797, 67.1350
10.300000, 98.839, 66.2933
10.440000, 98.871, 65.5291
10.600000, 98.904, 64.6803
10.750000, 98.937, 63.9079
10.900000, 98.969, 63.1571
11.060000, 99.003, 62.3632
11.200000, 99.031, 61.6633
11.380000, 99.065, 60.7895
11.500000, 99.087, 60.2228
11.720000, 99.127, 59.2148
11.800000, 99.142, 58.8577
12.060000, 99.194, 57.7161
12.200000, 99.223, 57.0969
12.410000, 99.268, 56.1907
12.500000, 99.287, 55.8101
12.650000, 99.317, 55.1856
12.800000, 99.346, 54.5734
13.150000, 99.409, 53.1667
13.200000, 99.418, 52.9665
13.400000, 99.453, 52.1799
13.600000, 99.488, 51.4171
13.800000, 99.522, 50.6789
14.000000, 99.555, 49.9629
14.300000, 99.602, 48.8983
14.500000, 99.632, 48.2146
14.750000, 99.669, 47.3873
15.000000, 99.707, 46.5854
15.250000, 99.749, 45.7808
15.500000, 99.791, 44.9957
15.750000, 99.832, 44.2304
16.000000, 99.870, 43.4843
16.250000, 99.907, 42.7370
16.500000, 99.942, 42.0102
16.750000, 99.976, 41.3045
17.000000, 100.010, 40.6175
17.250000, 100.044, 39.9339
17.500000, 100.078, 39.2661
17.750000, 100.111, 38.6142
18.000000, 100.142, 37.9755
18.250000, 100.172, 37.3378
18.500000, 100.201, 36.7126
18.750000, 100.230, 36.1017
19.000000, 100.258, 35.5046
19.250000, 100.286, 34.9081
19.500000, 100.314, 34.3248
19.750000, 100.341, 33.7540
20.000000, 100.367, 33.1949
20.299999, 100.397, 32.5254
20.600000, 100.425, 31.8723
20.900000, 100.452, 31.2361
21.200001, 100.477, 30.6093
21.400000, 100.493, 30.1985
21.799999, 100.523, 29.3995
22.000000, 100.537, 29.0096
22.400000, 100.566, 28.2353
22.700001, 100.586, 27.6675
23.000000, 100.606, 27.1094
23.299999, 100.624, 26.5546
23.600000, 100.642, 26.0101
24.000000, 100.665, 25.3016
24.299999, 100.681, 24.7771
24.700001, 100.703, 24.0948
25.000000, 100.718, 23.5954
25.400000, 100.738, 22.9352
25.799999, 100.757, 22.2891
26.200001, 100.775, 21.6510
26.500000, 100.787, 21.1771
26.900000, 100.802, 20.5574
27.200001, 100.813, 20.0994
27.600000, 100.826, 19.5012
28.000000, 100.838, 18.9205
28.500000, 100.852, 18.2101
29.000000, 100.866, 17.5178
29.500000, 100.879, 16.8329
30.000000, 100.890, 16.1613
30.400000, 100.896, 15.6306
30.700001, 100.900, 15.2398
31.100000, 100.904, 14.7273
31.500000, 100.907, 14.2213
32.000000, 100.910, 13.6025
32.500000, 100.913, 12.9935
33.000000, 100.914, 12.3991
33.500000, 100.915, 11.8148
34.000000, 100.916, 11.2426
34.500000, 100.918, 10.6779
35.000000, 100.920, 10.1241
35.500000, 100.920, 9.5798
36.000000, 100.921, 9.0483
36.500000, 100.920, 8.5247
37.000000, 100.920, 8.0079
37.500000, 100.918, 7.4940
38.200001, 100.913, 6.7896
38.700001, 100.908, 6.2983
39.500000, 100.898, 5.5280
40.000000, 100.892, 5.0550
40.599998, 100.883, 4.4973
41.200001, 100.873, 3.9561
41.799999, 100.864, 3.4248
42.500000, 100.854, 2.8105
43.099998, 100.845, 2.2935
43.700001, 100.836, 1.7869
44.400002, 100.825, 1.2075
45.000000, 100.815, 0.7198
45.500000, 100.806, 0.3208
46.200001, 100.793, -0.2264
46.799999, 100.782, -0.6916
47.500000, 100.767, -1.2311
48.200001, 100.751, -1.7597
48.700001, 100.739, -2.1290
49.400002, 100.721, -2.6368
50.000000, 100.706, -3.0635
50.799999, 100.684, -3.6210
51.500000, 100.666, -4.1018
52.200001, 100.647, -4.5779
53.000000, 100.624, -5.1138
53.799999, 100.599, -5.6378
54.500000, 100.576, -6.0850
55.200001, 100.553, -6.5220
56.000000, 100.526, -7.0124
57.000000, 100.491, -7.6147
58.000000, 100.456, -8.2045
59.000000, 100.419, -8.7816
60.000000, 100.381, -9.3428
60.799999, 100.351, -9.7834
61.500000, 100.325, -10.1639
62.200001, 100.298, -10.5361
63.000000, 100.267, -10.9520
64.000000, 100.227, -11.4625
65.000000, 100.187, -11.9567
66.000000, 100.147, -12.4427
67.000000, 100.106, -12.9194
68.000000, 100.063, -13.3785
69.000000, 100.021, -13.8312
70.000000, 99.978, -14.2783
71.000000, 99.934, -14.7098
72.000000, 99.890, -15.1358
73.000000, 99.845, -15.5557
74.000000, 99.799, -15.9639
75.000000, 99.752, -16.3615
76.199997, 99.696, -16.8260
77.500000, 99.635, -17.3140
78.800003, 99.574, -17.7853
80.000000, 99.517, -18.2130
81.199997, 99.460, -18.6288
82.500000, 99.397, -19.0609
83.800003, 99.335, -19.4747
85.000000, 99.278, -19.8484
86.199997, 99.222, -20.2163
87.500000, 99.160, -20.6027
88.500000, 99.113, -20.8898
90.000000, 99.042, -21.3096
91.199997, 98.984, -21.6375
92.500000, 98.922, -21.9752
93.800003, 98.860, -22.2970
95.000000, 98.802, -22.5868
96.199997, 98.743, -22.8646
97.500000, 98.678, -23.1571
98.800003, 98.614, -23.4435
100.000000, 98.554, -23.7006
101.500000, 98.480, -24.0118
103.000000, 98.406, -24.3086
104.400002, 98.336, -24.5701
106.000000, 98.257, -24.8468
107.500000, 98.183, -25.1000
109.000000, 98.106, -25.3411
110.599998, 98.025, -25.5842
112.000000, 97.956, -25.7924
113.800003, 97.867, -26.0519
115.000000, 97.808, -26.2161
117.199997, 97.700, -26.4963
118.000000, 97.661, -26.5920
120.599998, 97.535, -26.8821
122.000000, 97.469, -27.0284
124.099998, 97.372, -27.2323
125.000000, 97.330, -27.3105
126.500000, 97.262, -27.4301
128.000000, 97.194, -27.5404
131.500000, 97.035, -27.7703
132.000000, 97.012, -27.7997
134.000000, 96.922, -27.9091
136.000000, 96.835, -28.0059
138.000000, 96.750, -28.0879
140.000000, 96.665, -28.1520
143.000000, 96.538, -28.2072
145.000000, 96.454, -28.2095
147.500000, 96.350, -28.1722
150.000000, 96.251, -28.0846
152.500000, 96.162, -27.9652
155.000000, 96.081, -27.8627
157.500000, 96.005, -27.8030
160.000000, 95.929, -27.7722
162.500000, 95.853, -27.7725
165.000000, 95.772, -27.7930
167.500000, 95.685, -27.7991
170.000000, 95.592, -27.7682
172.500000, 95.497, -27.6948
175.000000, 95.402, -27.5872
177.500000, 95.311, -27.4573
180.000000, 95.223, -27.3078
182.500000, 95.138, -27.1385
185.000000, 95.056, -26.9550
187.500000, 94.978, -26.7723
190.000000, 94.904, -26.5991
192.500000, 94.832, -26.4298
195.000000, 94.761, -26.2594
197.500000, 94.690, -26.0853
200.000000, 94.620, -25.9022
203.000000, 94.537, -25.6698
206.000000, 94.455, -25.4183
209.000000, 94.376, -25.1548
212.000000, 94.300, -24.8837
214.000000, 94.250, -24.6974
218.000000, 94.153, -24.3112
220.000000, 94.106, -24.1146
224.000000, 94.015, -23.7136
227.000000, 93.950, -23.4039
230.000000, 93.887, -23.0891
233.000000, 93.827, -22.7723
236.000000, 93.769, -22.4540
240.000000, 93.694, -22.0321
243.000000, 93.641, -21.7180
247.000000, 93.572, -21.2996
250.000000, 93.522, -20.9836
254.000000, 93.457, -20.5546
258.000000, 93.396, -20.1293
262.000000, 93.337, -19.7079
265.000000, 93.296, -19.3883
269.000000, 93.242, -18.9611
272.000000, 93.204, -18.6425
276.000000, 93.157, -18.2194
280.000000, 93.111, -17.7969
285.000000, 93.059, -17.2758
290.000000, 93.010, -16.7552
295.000000, 92.962, -16.2378
300.000000, 92.918, -15.7261
304.000000, 92.885, -15.3206
307.000000, 92.861, -15.0195
311.000000, 92.831, -14.6242
315.000000, 92.803, -14.2311
320.000000, 92.770, -13.7434
325.000000, 92.738, -13.2621
330.000000, 92.709, -12.7849
335.000000, 92.681, -12.3123
340.000000, 92.654, -11.8490
345.000000, 92.626, -11.3948
350.000000, 92.600, -10.9454
355.000000, 92.574, -10.5027
360.000000, 92.550, -10.0712
365.000000, 92.528, -9.6421
370.000000, 92.506, -9.2226
375.000000, 92.485, -8.8087
382.000000, 92.455, -8.2329
387.000000, 92.434, -7.8258
395.000000, 92.402, -7.1852
400.000000, 92.383, -6.7879
406.000000, 92.361, -6.3188
412.000000, 92.340, -5.8558
418.000000, 92.319, -5.3964
425.000000, 92.296, -4.8687
431.000000, 92.278, -4.4193
437.000000, 92.261, -3.9762
444.000000, 92.241, -3.4659
450.000000, 92.224, -3.0311
455.000000, 92.211, -2.6698
462.000000, 92.194, -2.1693
468.000000, 92.180, -1.7466
475.000000, 92.165, -1.2580
482.000000, 92.151, -0.7726
487.000000, 92.143, -0.4283
494.000000, 92.132, 0.0513
500.000000, 92.123, 0.4609
508.000000, 92.111, 1.0019
515.000000, 92.101, 1.4724
522.000000, 92.092, 1.9412
530.000000, 92.082, 2.4802
538.000000, 92.074, 3.0159
545.000000, 92.068, 3.4822
552.000000, 92.063, 3.9484
560.000000, 92.057, 4.4853
570.000000, 92.051, 5.1565
580.000000, 92.046, 5.8306
590.000000, 92.043, 6.5145
600.000000, 92.042, 7.2023
608.000000, 92.042, 7.7520
615.000000, 92.042, 8.2317
622.000000, 92.043, 8.7092
630.000000, 92.045, 9.2435
640.000000, 92.050, 9.8987
650.000000, 92.056, 10.5452
660.000000, 92.062, 11.1872
670.000000, 92.068, 11.8180
680.000000, 92.076, 12.4481
690.000000, 92.086, 13.0794
700.000000, 92.097, 13.7108
710.000000, 92.110, 14.3447
720.000000, 92.124, 14.9807
730.000000, 92.139, 15.6148
740.000000, 92.156, 16.2450
750.000000, 92.175, 16.8722
762.000000, 92.199, 17.6205
775.000000, 92.226, 18.4266
788.000000, 92.256, 19.2300
800.000000, 92.285, 19.9641
812.000000, 92.317, 20.6908
825.000000, 92.354, 21.4669
838.000000, 92.394, 22.2321
850.000000, 92.434, 22.9288
862.000000, 92.475, 23.6107
875.000000, 92.521, 24.3353
885.000000, 92.558, 24.8834
900.000000, 92.616, 25.6862
912.000000, 92.665, 26.3102
925.000000, 92.719, 26.9709
938.000000, 92.774, 27.6108
950.000000, 92.826, 28.1862
962.000000, 92.878, 28.7452
975.000000, 92.933, 29.3326
988.000000, 92.988, 29.9009
1000.000000, 93.039, 30.4077
1015.000000, 93.103, 31.0219
1030.000000, 93.168, 31.6147
1044.000000, 93.229, 32.1508
1060.000000, 93.297, 32.7418
1075.000000, 93.362, 33.2752
1090.000000, 93.432, 33.7906
1106.000000, 93.515, 34.3195
1120.000000, 93.590, 34.7661
1138.000000, 93.687, 35.3239
1150.000000, 93.750, 35.6812
1172.000000, 93.864, 36.3141
1180.000000, 93.905, 36.5426
1206.000000, 94.037, 37.2625
1220.000000, 94.110, 37.6414
1241.000000, 94.221, 38.2028
1250.000000, 94.268, 38.4398
1265.000000, 94.346, 38.8316
1280.000000, 94.423, 39.2210
1315.000000, 94.600, 40.1272
1320.000000, 94.624, 40.2558
1340.000000, 94.716, 40.7701
1360.000000, 94.789, 41.2837
1380.000000, 94.861, 41.7963
1400.000000, 94.948, 42.3055
1430.000000, 95.086, 43.0621
1450.000000, 95.179, 43.5649
1475.000000, 95.294, 44.1953
1500.000000, 95.411, 44.8242
1525.000000, 95.526, 45.4556
1550.000000, 95.638, 46.0902
1575.000000, 95.749, 46.7269
1600.000000, 95.864, 47.3645
1625.000000, 95.981, 48.0025
1650.000000, 96.101, 48.6399
1675.000000, 96.224, 49.2755
1700.000000, 96.352, 49.9060
1725.000000, 96.483, 50.5309
1750.000000, 96.619, 51.1451
1775.000000, 96.759, 51.7469
1800.000000, 96.904, 52.3342
1825.000000, 97.055, 52.9014
1850.000000, 97.211, 53.4454
1875.000000, 97.374, 53.9626
1900.000000, 97.542, 54.4551
1925.000000, 97.717, 54.9233
1950.000000, 97.899, 55.3581
1975.000000, 98.091, 55.7486
2000.000000, 98.294, 56.0736
2030.000000, 98.550, 56.3448
2060.000000, 98.816, 56.4443
2090.000000, 99.085, 56.3480
2120.000000, 99.346, 56.0614
2140.000000, 99.514, 55.7797
2180.000000, 99.829, 55.0460
2200.000000, 99.974, 54.6112
2240.000000, 100.243, 53.6360
2270.000000, 100.427, 52.8275
2300.000000, 100.596, 51.9663
2330.000000, 100.751, 51.0657
2360.000000, 100.893, 50.1374
2400.000000, 101.064, 48.8640
2430.000000, 101.181, 47.8768
2470.000000, 101.318, 46.5042
2500.000000, 101.407, 45.4291
2540.000000, 101.500, 43.9594
2580.000000, 101.565, 42.4941
2620.000000, 101.605, 41.0768
2650.000000, 101.622, 40.0645
2690.000000, 101.631, 38.7920
2720.000000, 101.630, 37.8926
2760.000000, 101.623, 36.7543
2800.000000, 101.613, 35.6773
2850.000000, 101.602, 34.3792
2900.000000, 101.597, 33.0760
2950.000000, 101.599, 31.6986
3000.000000, 101.605, 30.1497
3040.000000, 101.606, 28.7043
3070.000000, 101.597, 27.4628
3110.000000, 101.553, 25.5806
3150.000000, 101.455, 23.4720
3200.000000, 101.219, 20.7012
3250.000000, 100.839, 18.1558
3300.000000, 100.326, 16.3093
3350.000000, 99.734, 15.5529
3400.000000, 99.147, 16.0044
3450.000000, 98.644, 17.4496
3500.000000, 98.270, 19.4681
3550.000000, 98.022, 21.6173
3600.000000, 97.868, 23.5865
3650.000000, 97.767, 25.2466
3700.000000, 97.679, 26.6437
3750.000000, 97.581, 27.9417
3820.000000, 97.422, 29.9966
3870.000000, 97.321, 31.8571
3950.000000, 97.281, 35.5516
4000.000000, 97.381, 38.0467
4060.000000, 97.645, 40.7616
4120.000000, 98.042, 42.7559
4180.000000, 98.519, 43.7412
4250.000000, 99.097, 43.4813
4310.000000, 99.545, 42.1122
4370.000000, 99.899, 39.8517
4440.000000, 100.153, 36.4061
4500.000000, 100.221, 33.0785
4550.000000, 100.170, 30.2531
4620.000000, 99.948, 26.5162
4680.000000, 99.641, 23.7255
4750.000000, 99.182, 21.1163
4820.000000, 98.654, 19.2770
4870.000000, 98.255, 18.4393
4940.000000, 97.688, 17.8884
5000.000000, 97.210, 17.9333
5080.000000, 96.606, 18.6155
5150.000000, 96.117, 19.6855
5220.000000, 95.671, 21.0988
5300.000000, 95.215, 23.0325
5380.000000, 94.815, 25.2164
5450.000000, 94.512, 27.2644
5520.000000, 94.250, 29.3866
5600.000000, 93.995, 31.8489
5700.000000, 93.727, 34.9023
5800.000000, 93.494, 37.8463
5900.000000, 93.258, 40.6290
6000.000000, 92.942, 43.4109
6080.000000, 92.570, 46.1585
6150.000000, 92.162, 49.8044
6220.000000, 91.765, 55.6517
6300.000000, 91.769, 66.8465
6400.000000, 93.197, 79.8558
6500.000000, 94.984, 83.0892
6600.000000, 96.279, 81.9310
6700.000000, 97.255, 80.1429
6800.000000, 98.123, 78.1308
6900.000000, 98.957, 75.5063
7000.000000, 99.731, 71.9748
7100.000000, 100.371, 67.5184
7200.000000, 100.813, 62.4138
7300.000000, 101.033, 57.1982
7400.000000, 101.051, 52.4155
7500.000000, 100.923, 48.4602
7620.000000, 100.698, 45.0524
7750.000000, 100.503, 42.8556
7880.000000, 100.378, 41.6430
8000.000000, 100.390, 40.6849
8120.000000, 100.545, 39.1342
8250.000000, 100.797, 35.9872
8380.000000, 100.968, 30.8712
8500.000000, 100.869, 24.7023
8620.000000, 100.402, 18.1616
8750.000000, 99.472, 12.1306
8850.000000, 98.540, 8.9894
9000.000000, 97.004, 7.2212
9120.000000, 95.815, 8.1105
9250.000000, 94.679, 10.7587
9380.000000, 93.741, 14.5009
9500.000000, 93.050, 18.4471
9620.000000, 92.511, 22.5228
9750.000000, 92.072, 26.8197
9880.000000, 91.748, 30.8311
10000.000000, 91.515, 34.2213
10150.000000, 91.270, 38.0673
10300.000000, 91.045, 41.6073
10440.000000, 90.839, 44.7958
10600.000000, 90.614, 48.4739
10750.000000, 90.429, 52.0536
10900.000000, 90.297, 55.7700
11060.000000, 90.244, 59.7774
11200.000000, 90.296, 63.1227
11380.000000, 90.520, 66.6516
11500.000000, 90.744, 68.0387
11720.000000, 91.114, 67.7875
11800.000000, 91.171, 66.8406
12060.000000, 90.830, 61.8187
12200.000000, 90.231, 58.9301
12410.000000, 88.793, 56.4031
12500.000000, 88.027, 56.4481
12650.000000, 86.650, 58.3376
12800.000000, 85.246, 62.4786
13150.000000, 82.373, 80.1846
13200.000000, 82.056, 83.5062
13400.000000, 81.154, 98.0991
13600.000000, 80.964, 112.7655
13800.000000, 81.291, 123.4915
14000.000000, 81.382, 130.1167
14300.000000, 80.991, 143.4544
14500.000000, 81.061, 155.5849
14750.000000, 81.911, 170.7390
15000.000000, 83.536, -177.4290
15250.000000, 85.698, -171.7139
15500.000000, 87.919, -174.0975
15750.000000, 89.575, 175.6786
16000.000000, 90.148, 159.6057
16250.000000, 89.156, 141.0506
16500.000000, 86.333, 126.6080
16750.000000, 82.160, 123.6954
17000.000000, 77.788, 135.6507
17250.000000, 74.578, 158.0894
17500.000000, 73.022, -179.4274
17750.000000, 72.372, -161.7685
18000.000000, 71.922, -147.4930
18250.000000, 71.442, -134.6080
18500.000000, 70.929, -121.9049
18750.000000, 70.430, -108.9183
19000.000000, 69.989, -95.6953
19250.000000, 69.617, -82.2175
19500.000000, 69.313, -68.8134
19750.000000, 69.116, -55.4780
20000.000000, 68.983, -42.7437
20300.000000, 68.919, -28.9246
20600.000000, 68.931, -17.1027
20900.000000, 68.696, -7.2417
21200.000000, 67.483, -1.0669
21400.000000, 65.677, 3.2201
21800.000000, 59.722, 26.7405
22000.000000, 56.026, -30.2545
22400.000000, 48.687, 37.7866
22700.000000, 44.982, 49.5905
23000.000000, 42.872, 108.1790
23300.000000, 42.080, 123.5248
23600.000000, 44.674, 144.3789
24000.000000, 48.842, -164.8152
