* Measurement data measured by REW V5.31.3
* Source: E2x2, MICROPHONE (Analogue 1), 1, volume: 1.000. Timing signal peak level -33.9 dBFS, measurement signal peak level -32.9 dBFS
* Format: 512k Log Swept Sine, 1 sweep at -38.5 dBFS using an acoustic timing reference
* Dated: May 4, 2025 12:11:06 PM
* REW Settings:
*  C-weighting compensation: Off
*  Target level: 75.0 dB
* Note: ; Fosi DS1 4.4mm + E2x2 MacBook Delay -0.1022 ms (-35 mm, -1.38 in) using estimated IR delay relative to Acoustic reference played from SPEAKER L with no timing offset Clock adjustment: -29.5 ppm
* Measurement: Spring L
* Smoothing: 1/24 octave
* Frequency Step: 1/48 octave
* Start Frequency: 1.000 Hz
*
* Freq(Hz), SPL(dB), Phase(degrees)
1.000000, 71.390, -175.3333
1.015000, 71.523, -176.2014
1.030000, 71.657, -177.0384
1.044000, 71.782, -177.7999
1.060000, 71.926, -178.6554
1.075000, 72.059, -179.4509
1.090000, 72.191, 179.7551
1.106000, 72.332, 178.9150
1.120000, 72.459, 178.2040
1.138000, 72.630, 177.3421
1.150000, 72.749, 176.8040
1.172000, 72.975, 175.8069
1.180000, 73.059, 175.3774
1.206000, 73.342, 174.0840
1.220000, 73.499, 173.4460
1.241000, 73.739, 172.5619
1.250000, 73.843, 172.2083
1.265000, 74.018, 171.6509
1.280000, 74.195, 171.1307
1.315000, 74.611, 170.0463
1.320000, 74.670, 169.9045
1.340000, 74.908, 169.3663
1.360000, 75.144, 168.8733
1.380000, 75.377, 168.2867
1.400000, 75.606, 167.6797
1.430000, 75.940, 166.8108
1.450000, 76.155, 166.2514
1.475000, 76.415, 165.5745
1.500000, 76.669, 164.9402
1.525000, 76.920, 164.3601
1.550000, 77.168, 163.8349
1.575000, 77.414, 163.2907
1.600000, 77.657, 162.6666
1.625000, 77.897, 162.0884
1.650000, 78.135, 161.5510
1.675000, 78.370, 161.0493
1.700000, 78.603, 160.5781
1.725000, 78.832, 160.1321
1.750000, 79.060, 159.7066
1.775000, 79.285, 159.2433
1.800000, 79.507, 158.6868
1.825000, 79.727, 158.1400
1.850000, 79.944, 157.6014
1.875000, 80.159, 157.0781
1.900000, 80.370, 156.5748
1.925000, 80.579, 156.0939
1.950000, 80.786, 155.6376
1.975000, 80.990, 155.1551
2.000000, 81.191, 154.5972
2.030000, 81.430, 153.9620
2.060000, 81.665, 153.3559
2.090000, 81.897, 152.7759
2.120000, 82.125, 152.2183
2.140000, 82.276, 151.8572
2.180000, 82.573, 151.1027
2.200000, 82.719, 150.6841
2.240000, 83.007, 149.8599
2.270000, 83.219, 149.2557
2.300000, 83.428, 148.6672
2.330000, 83.633, 148.0969
2.360000, 83.835, 147.5452
2.400000, 84.100, 146.7218
2.430000, 84.294, 146.1112
2.470000, 84.550, 145.3275
2.500000, 84.739, 144.7610
2.540000, 84.986, 144.0308
2.580000, 85.230, 143.2819
2.620000, 85.468, 142.4630
2.650000, 85.643, 141.8589
2.690000, 85.873, 141.0688
2.720000, 86.042, 140.4907
2.760000, 86.263, 139.7453
2.800000, 86.480, 138.9382
2.850000, 86.744, 137.9556
2.900000, 87.003, 137.0173
2.950000, 87.255, 136.1142
3.000000, 87.500, 135.1573
3.040000, 87.691, 134.3768
3.070000, 87.832, 133.8008
3.110000, 88.015, 133.0488
3.150000, 88.195, 132.3176
3.200000, 88.415, 131.3798
3.250000, 88.629, 130.4544
3.300000, 88.839, 129.5664
3.350000, 89.044, 128.7030
3.400000, 89.242, 127.7952
3.450000, 89.435, 126.8812
3.500000, 89.624, 125.9920
3.550000, 89.807, 125.1345
3.600000, 89.986, 124.2656
3.650000, 90.162, 123.4130
3.700000, 90.333, 122.5877
3.750000, 90.500, 121.7783
3.820000, 90.726, 120.6097
3.870000, 90.882, 119.7861
3.950000, 91.126, 118.5233
4.000000, 91.274, 117.7384
4.060000, 91.448, 116.8136
4.120000, 91.617, 115.9141
4.180000, 91.781, 115.0254
4.250000, 91.968, 113.9702
4.310000, 92.123, 113.1004
4.370000, 92.276, 112.2592
4.440000, 92.449, 111.2720
4.500000, 92.594, 110.4481
4.550000, 92.712, 109.7775
4.620000, 92.873, 108.8268
4.680000, 93.008, 108.0296
4.750000, 93.163, 107.1328
4.820000, 93.314, 106.2340
4.870000, 93.420, 105.6005
4.940000, 93.565, 104.7351
5.000000, 93.687, 103.9938
5.080000, 93.846, 103.0191
5.150000, 93.981, 102.1944
5.220000, 94.114, 101.3660
5.300000, 94.261, 100.4336
5.380000, 94.405, 99.5237
5.450000, 94.528, 98.7256
5.520000, 94.648, 97.9504
5.600000, 94.782, 97.0723
5.700000, 94.945, 95.9813
5.800000, 95.103, 94.9178
5.900000, 95.256, 93.8696
6.000000, 95.404, 92.8431
6.080000, 95.519, 92.0260
6.150000, 95.617, 91.3310
6.220000, 95.713, 90.6371
6.300000, 95.820, 89.8597
6.400000, 95.949, 88.9050
6.500000, 96.075, 87.9619
6.600000, 96.197, 87.0445
6.700000, 96.316, 86.1403
6.800000, 96.431, 85.2563
6.900000, 96.543, 84.3844
7.000000, 96.652, 83.5352
7.100000, 96.758, 82.6975
7.200000, 96.862, 81.8784
7.300000, 96.963, 81.0703
7.400000, 97.062, 80.2800
7.500000, 97.159, 79.4981
7.620000, 97.272, 78.5794
7.750000, 97.390, 77.6059
7.880000, 97.506, 76.6441
8.000000, 97.609, 75.7773
8.120000, 97.709, 74.9237
8.250000, 97.814, 74.0142
8.380000, 97.916, 73.1243
8.500000, 98.007, 72.3159
8.620000, 98.095, 71.5226
8.750000, 98.188, 70.6795
8.850000, 98.257, 70.0416
9.000000, 98.357, 69.1068
9.120000, 98.436, 68.3734
9.250000, 98.518, 67.5946
9.380000, 98.599, 66.8340
9.500000, 98.671, 66.1417
9.620000, 98.743, 65.4639
9.750000, 98.817, 64.7424
9.880000, 98.882, 64.0317
10.000000, 98.931, 63.3900
10.150000, 98.980, 62.5772
10.300000, 99.020, 61.7863
10.440000, 99.051, 61.0671
10.600000, 99.084, 60.2673
10.750000, 99.115, 59.5388
10.900000, 99.146, 58.8305
11.060000, 99.177, 58.0810
11.200000, 99.203, 57.4197
11.380000, 99.235, 56.5959
11.500000, 99.255, 56.0632
11.720000, 99.291, 55.1192
11.800000, 99.304, 54.7860
12.060000, 99.352, 53.7245
12.200000, 99.380, 53.1494
12.410000, 99.422, 52.3095
12.500000, 99.440, 51.9570
12.650000, 99.470, 51.3785
12.800000, 99.498, 50.8105
13.150000, 99.562, 49.4962
13.200000, 99.571, 49.3076
13.400000, 99.607, 48.5636
13.600000, 99.643, 47.8368
13.800000, 99.677, 47.1282
14.000000, 99.711, 46.4369
14.300000, 99.758, 45.4030
14.500000, 99.787, 44.7379
14.750000, 99.822, 43.9341
15.000000, 99.858, 43.1575
15.250000, 99.898, 42.3801
15.500000, 99.939, 41.6230
15.750000, 99.979, 40.8841
16.000000, 100.018, 40.1604
16.250000, 100.055, 39.4298
16.500000, 100.091, 38.7127
16.750000, 100.125, 38.0103
17.000000, 100.159, 37.3218
17.250000, 100.192, 36.6344
17.500000, 100.224, 35.9634
17.750000, 100.254, 35.3116
18.000000, 100.282, 34.6779
18.250000, 100.308, 34.0508
18.500000, 100.334, 33.4413
18.750000, 100.360, 32.8500
19.000000, 100.386, 32.2748
19.250000, 100.413, 31.7007
19.500000, 100.439, 31.1392
19.750000, 100.466, 30.5887
20.000000, 100.491, 30.0486
20.299999, 100.521, 29.3995
20.600000, 100.549, 28.7645
20.900000, 100.575, 28.1438
21.200001, 100.600, 27.5292
21.400000, 100.616, 27.1243
21.799999, 100.645, 26.3318
22.000000, 100.659, 25.9429
22.400000, 100.685, 25.1686
22.700001, 100.703, 24.6015
23.000000, 100.719, 24.0466
23.299999, 100.735, 23.4982
23.600000, 100.750, 22.9623
24.000000, 100.770, 22.2659
24.299999, 100.785, 21.7478
24.700001, 100.804, 21.0689
25.000000, 100.818, 20.5685
25.400000, 100.835, 19.9052
25.799999, 100.850, 19.2578
26.200001, 100.864, 18.6227
26.500000, 100.874, 18.1531
26.900000, 100.886, 17.5390
27.200001, 100.896, 17.0833
27.600000, 100.907, 16.4843
28.000000, 100.917, 15.8994
28.500000, 100.927, 15.1833
29.000000, 100.937, 14.4888
29.500000, 100.946, 13.8053
30.000000, 100.953, 13.1359
30.400000, 100.957, 12.6054
30.700001, 100.959, 12.2134
31.100000, 100.960, 11.6974
31.500000, 100.960, 11.1865
32.000000, 100.959, 10.5615
32.500000, 100.956, 9.9486
33.000000, 100.952, 9.3536
33.500000, 100.948, 8.7707
34.000000, 100.945, 8.1993
34.500000, 100.944, 7.6337
35.000000, 100.941, 7.0762
35.500000, 100.938, 6.5251
36.000000, 100.934, 5.9847
36.500000, 100.929, 5.4529
37.000000, 100.923, 4.9314
37.500000, 100.916, 4.4158
38.200001, 100.905, 3.7070
38.700001, 100.895, 3.2110
39.500000, 100.878, 2.4395
40.000000, 100.867, 1.9702
40.599998, 100.853, 1.4118
41.200001, 100.839, 0.8598
41.799999, 100.824, 0.3148
42.500000, 100.805, -0.3088
43.099998, 100.789, -0.8292
43.700001, 100.773, -1.3373
44.400002, 100.754, -1.9160
45.000000, 100.737, -2.4023
45.500000, 100.723, -2.8013
46.200001, 100.702, -3.3484
46.799999, 100.685, -3.8132
47.500000, 100.664, -4.3550
48.200001, 100.640, -4.8861
48.700001, 100.622, -5.2529
49.400002, 100.598, -5.7537
50.000000, 100.577, -6.1793
50.799999, 100.548, -6.7434
51.500000, 100.520, -7.2229
52.200001, 100.492, -7.6853
53.000000, 100.461, -8.2019
53.799999, 100.429, -8.7156
54.500000, 100.399, -9.1609
55.200001, 100.367, -9.5947
56.000000, 100.331, -10.0740
57.000000, 100.286, -10.6592
58.000000, 100.241, -11.2400
59.000000, 100.194, -11.8141
60.000000, 100.145, -12.3683
60.799999, 100.106, -12.7941
61.500000, 100.073, -13.1592
62.200001, 100.039, -13.5183
63.000000, 100.000, -13.9211
64.000000, 99.950, -14.4153
65.000000, 99.899, -14.8921
66.000000, 99.849, -15.3546
67.000000, 99.798, -15.8107
68.000000, 99.746, -16.2612
69.000000, 99.693, -16.6979
70.000000, 99.639, -17.1175
71.000000, 99.585, -17.5258
72.000000, 99.531, -17.9246
73.000000, 99.477, -18.3153
74.000000, 99.422, -18.6990
75.000000, 99.366, -19.0704
76.199997, 99.298, -19.4988
77.500000, 99.225, -19.9452
78.800003, 99.153, -20.3818
80.000000, 99.085, -20.7755
81.199997, 99.016, -21.1525
82.500000, 98.941, -21.5400
83.800003, 98.868, -21.9130
85.000000, 98.800, -22.2458
86.199997, 98.734, -22.5690
87.500000, 98.661, -22.9094
88.500000, 98.605, -23.1620
90.000000, 98.522, -23.5219
91.199997, 98.456, -23.8024
92.500000, 98.383, -24.0956
93.800003, 98.311, -24.3762
95.000000, 98.243, -24.6268
96.199997, 98.174, -24.8665
97.500000, 98.100, -25.1129
98.800003, 98.025, -25.3474
100.000000, 97.957, -25.5549
101.500000, 97.872, -25.7991
103.000000, 97.786, -26.0284
104.400002, 97.705, -26.2291
106.000000, 97.613, -26.4402
107.500000, 97.527, -26.6320
109.000000, 97.441, -26.8194
110.599998, 97.349, -27.0024
112.000000, 97.270, -27.1399
113.800003, 97.170, -27.3055
115.000000, 97.105, -27.4104
117.199997, 96.985, -27.5948
118.000000, 96.941, -27.6597
120.599998, 96.799, -27.8454
122.000000, 96.724, -27.9274
124.099998, 96.613, -28.0341
125.000000, 96.567, -28.0762
126.500000, 96.488, -28.1400
128.000000, 96.410, -28.1887
131.500000, 96.231, -28.2512
132.000000, 96.206, -28.2558
134.000000, 96.107, -28.2663
136.000000, 96.012, -28.2695
138.000000, 95.918, -28.2595
140.000000, 95.824, -28.2346
143.000000, 95.683, -28.1803
145.000000, 95.589, -28.1320
147.500000, 95.474, -28.0463
150.000000, 95.358, -27.9290
152.500000, 95.241, -27.7869
155.000000, 95.124, -27.6239
157.500000, 95.006, -27.4321
160.000000, 94.890, -27.2087
162.500000, 94.773, -26.9468
165.000000, 94.657, -26.6334
167.500000, 94.544, -26.2710
170.000000, 94.435, -25.8495
172.500000, 94.329, -25.3481
175.000000, 94.238, -24.7492
177.500000, 94.175, -24.0837
180.000000, 94.149, -23.5126
182.500000, 94.142, -23.2277
185.000000, 94.119, -23.2195
187.500000, 94.062, -23.3003
190.000000, 93.981, -23.3129
192.500000, 93.890, -23.2225
195.000000, 93.797, -23.0455
197.500000, 93.707, -22.8042
200.000000, 93.620, -22.5250
203.000000, 93.520, -22.1561
206.000000, 93.423, -21.7547
209.000000, 93.330, -21.3270
212.000000, 93.243, -20.8893
214.000000, 93.187, -20.5945
218.000000, 93.079, -19.9812
220.000000, 93.027, -19.6676
224.000000, 92.927, -19.0409
227.000000, 92.855, -18.5714
230.000000, 92.786, -18.0948
233.000000, 92.719, -17.6122
236.000000, 92.653, -17.1294
240.000000, 92.569, -16.4758
243.000000, 92.510, -15.9741
247.000000, 92.435, -15.3029
250.000000, 92.382, -14.8035
254.000000, 92.313, -14.1340
258.000000, 92.248, -13.4561
262.000000, 92.187, -12.7772
265.000000, 92.144, -12.2671
269.000000, 92.089, -11.5880
272.000000, 92.051, -11.0800
276.000000, 92.004, -10.4019
280.000000, 91.962, -9.7204
285.000000, 91.914, -8.8727
290.000000, 91.871, -8.0397
295.000000, 91.834, -7.2188
300.000000, 91.801, -6.4016
304.000000, 91.778, -5.7597
307.000000, 91.762, -5.2879
311.000000, 91.743, -4.6743
315.000000, 91.726, -4.0729
320.000000, 91.706, -3.3356
325.000000, 91.688, -2.6042
330.000000, 91.672, -1.8822
335.000000, 91.657, -1.1689
340.000000, 91.643, -0.4688
345.000000, 91.629, 0.2233
350.000000, 91.617, 0.9100
355.000000, 91.606, 1.5864
360.000000, 91.596, 2.2475
365.000000, 91.588, 2.8983
370.000000, 91.582, 3.5405
375.000000, 91.577, 4.1718
382.000000, 91.571, 5.0389
387.000000, 91.567, 5.6483
395.000000, 91.562, 6.6038
400.000000, 91.559, 7.1864
406.000000, 91.557, 7.8751
412.000000, 91.556, 8.5540
418.000000, 91.557, 9.2233
425.000000, 91.557, 9.9911
431.000000, 91.558, 10.6387
437.000000, 91.560, 11.2791
444.000000, 91.562, 12.0140
450.000000, 91.563, 12.6386
455.000000, 91.565, 13.1556
462.000000, 91.568, 13.8689
468.000000, 91.571, 14.4719
475.000000, 91.575, 15.1710
482.000000, 91.581, 15.8668
487.000000, 91.587, 16.3625
494.000000, 91.596, 17.0507
500.000000, 91.604, 17.6381
508.000000, 91.617, 18.4175
515.000000, 91.629, 19.0908
522.000000, 91.642, 19.7612
530.000000, 91.659, 20.5226
538.000000, 91.678, 21.2698
545.000000, 91.696, 21.9053
552.000000, 91.715, 22.5305
560.000000, 91.736, 23.2355
570.000000, 91.762, 24.0963
580.000000, 91.786, 24.9402
590.000000, 91.808, 25.7877
600.000000, 91.828, 26.6382
608.000000, 91.842, 27.3232
615.000000, 91.853, 27.9277
622.000000, 91.863, 28.5395
630.000000, 91.876, 29.2448
640.000000, 91.895, 30.1389
650.000000, 91.916, 31.0471
660.000000, 91.943, 31.9601
670.000000, 91.976, 32.8589
680.000000, 92.014, 33.7341
690.000000, 92.057, 34.5812
700.000000, 92.100, 35.3836
710.000000, 92.142, 36.1480
720.000000, 92.181, 36.8908
730.000000, 92.218, 37.6325
740.000000, 92.252, 38.3801
750.000000, 92.286, 39.1333
762.000000, 92.327, 40.0503
775.000000, 92.372, 41.0484
788.000000, 92.419, 42.0399
800.000000, 92.464, 42.9457
812.000000, 92.511, 43.8447
825.000000, 92.565, 44.8074
838.000000, 92.619, 45.7601
850.000000, 92.672, 46.6299
862.000000, 92.725, 47.4882
875.000000, 92.783, 48.4065
885.000000, 92.829, 49.1050
900.000000, 92.900, 50.1360
912.000000, 92.958, 50.9409
925.000000, 93.023, 51.7972
938.000000, 93.088, 52.6350
950.000000, 93.150, 53.3921
962.000000, 93.211, 54.1324
975.000000, 93.276, 54.9168
988.000000, 93.340, 55.6828
1000.000000, 93.399, 56.3737
1015.000000, 93.473, 57.2191
1030.000000, 93.548, 58.0374
1044.000000, 93.617, 58.7810
1060.000000, 93.695, 59.6111
1075.000000, 93.769, 60.3662
1090.000000, 93.847, 61.0956
1106.000000, 93.938, 61.8551
1120.000000, 94.019, 62.5037
1138.000000, 94.121, 63.3094
1150.000000, 94.188, 63.8327
1172.000000, 94.306, 64.7749
1180.000000, 94.348, 65.1144
1206.000000, 94.481, 66.2034
1220.000000, 94.553, 66.7863
1241.000000, 94.662, 67.6556
1250.000000, 94.708, 68.0273
1265.000000, 94.782, 68.6521
1280.000000, 94.855, 69.2867
1315.000000, 95.020, 70.8214
1320.000000, 95.044, 71.0480
1340.000000, 95.135, 71.9757
1360.000000, 95.216, 72.9254
1380.000000, 95.306, 73.8561
1400.000000, 95.420, 74.7133
1430.000000, 95.597, 75.8138
1450.000000, 95.705, 76.4554
1475.000000, 95.824, 77.2352
1500.000000, 95.929, 78.0405
1525.000000, 96.023, 78.8896
1550.000000, 96.109, 79.7883
1575.000000, 96.191, 80.7472
1600.000000, 96.273, 81.7694
1625.000000, 96.362, 82.8576
1650.000000, 96.464, 84.0005
1675.000000, 96.586, 85.1588
1700.000000, 96.728, 86.2509
1725.000000, 96.884, 87.1922
1750.000000, 97.038, 87.9644
1775.000000, 97.179, 88.6147
1800.000000, 97.305, 89.2141
1825.000000, 97.419, 89.8072
1850.000000, 97.527, 90.4167
1875.000000, 97.631, 91.0464
1900.000000, 97.735, 91.6878
1925.000000, 97.839, 92.3326
1950.000000, 97.945, 92.9635
1975.000000, 98.052, 93.5741
2000.000000, 98.159, 94.1554
2030.000000, 98.288, 94.8106
2060.000000, 98.416, 95.4157
2090.000000, 98.541, 95.9718
2120.000000, 98.663, 96.4837
2140.000000, 98.742, 96.8030
2180.000000, 98.893, 97.3942
2200.000000, 98.964, 97.6723
2240.000000, 99.097, 98.2005
2270.000000, 99.193, 98.5729
2300.000000, 99.287, 98.9181
2330.000000, 99.378, 99.2232
2360.000000, 99.464, 99.4835
2400.000000, 99.571, 99.7808
2430.000000, 99.645, 99.9776
2470.000000, 99.740, 100.1807
2500.000000, 99.806, 100.2546
2540.000000, 99.878, 100.2236
2580.000000, 99.917, 100.1061
2620.000000, 99.920, 100.0142
2650.000000, 99.905, 100.0185
2690.000000, 99.873, 100.1452
2720.000000, 99.846, 100.3145
2760.000000, 99.808, 100.5844
2800.000000, 99.765, 100.8732
2850.000000, 99.700, 101.2762
2900.000000, 99.624, 101.7641
2950.000000, 99.544, 102.3470
3000.000000, 99.463, 103.0059
3040.000000, 99.399, 103.5769
3070.000000, 99.351, 104.0298
3110.000000, 99.291, 104.6693
3150.000000, 99.239, 105.3498
3200.000000, 99.194, 106.2191
3250.000000, 99.181, 106.9830
3300.000000, 99.200, 107.4116
3350.000000, 99.220, 107.2652
3400.000000, 99.181, 106.4465
3450.000000, 99.013, 105.1520
3500.000000, 98.669, 103.9208
3550.000000, 98.156, 103.4607
3600.000000, 97.556, 104.3142
3650.000000, 96.986, 106.5304
3700.000000, 96.540, 109.6240
3750.000000, 96.236, 112.9051
3820.000000, 95.953, 116.9542
3870.000000, 95.760, 119.3795
3950.000000, 95.351, 123.1285
4000.000000, 95.035, 125.9080
4060.000000, 94.646, 130.1018
4120.000000, 94.328, 135.3192
4180.000000, 94.159, 141.3054
4250.000000, 94.207, 148.5747
4310.000000, 94.448, 154.4336
4370.000000, 94.824, 159.5395
4440.000000, 95.369, 164.3247
4500.000000, 95.876, 167.3969
4550.000000, 96.301, 169.2717
4620.000000, 96.866, 170.9601
4680.000000, 97.300, 171.6482
4750.000000, 97.723, 171.7205
4820.000000, 98.036, 171.1935
4870.000000, 98.184, 170.5742
4940.000000, 98.284, 169.5396
5000.000000, 98.272, 168.6513
5080.000000, 98.127, 167.6962
5150.000000, 97.899, 167.2415
5220.000000, 97.601, 167.2442
5300.000000, 97.207, 167.8558
5380.000000, 96.781, 169.1239
5450.000000, 96.401, 170.7519
5520.000000, 96.029, 172.8306
5600.000000, 95.630, 175.6848
5700.000000, 95.187, 179.8234
5800.000000, 94.811, -175.5464
5900.000000, 94.509, -170.5267
6000.000000, 94.289, -165.2896
6080.000000, 94.165, -161.0255
6150.000000, 94.093, -157.2458
6220.000000, 94.054, -153.4504
6300.000000, 94.048, -149.1296
6400.000000, 94.087, -143.8102
6500.000000, 94.152, -138.5690
6600.000000, 94.212, -133.1174
6700.000000, 94.313, -126.5937
6800.000000, 94.733, -118.5966
6900.000000, 95.670, -111.6938
7000.000000, 96.778, -108.0224
7100.000000, 97.777, -106.4885
7200.000000, 98.663, -106.0573
7300.000000, 99.468, -106.5620
7400.000000, 100.171, -108.0642
7500.000000, 100.722, -110.4628
7620.000000, 101.140, -114.0122
7750.000000, 101.289, -117.7625
7880.000000, 101.121, -120.5765
8000.000000, 100.816, -122.0469
8120.000000, 100.495, -122.5588
8250.000000, 100.204, -122.4955
8380.000000, 99.994, -122.4257
8500.000000, 99.837, -122.9133
8620.000000, 99.632, -124.2246
8750.000000, 99.228, -126.4504
8850.000000, 98.727, -128.2946
9000.000000, 97.664, -130.0510
9120.000000, 96.658, -129.9101
9250.000000, 95.556, -128.3744
9380.000000, 94.486, -125.8633
9500.000000, 93.533, -122.8750
9620.000000, 92.623, -119.4120
9750.000000, 91.687, -115.3496
9880.000000, 90.778, -111.1153
10000.000000, 89.931, -107.0466
10150.000000, 88.833, -101.5609
10300.000000, 87.688, -95.3645
10440.000000, 86.600, -88.7439
10600.000000, 85.374, -80.0961
10750.000000, 84.280, -70.9835
10900.000000, 83.270, -61.0175
11060.000000, 82.310, -49.5846
11200.000000, 81.591, -39.0263
11380.000000, 80.856, -25.1245
11500.000000, 80.471, -15.8845
11720.000000, 79.953, 0.8144
11800.000000, 79.820, 6.6856
12060.000000, 79.468, 24.5450
12200.000000, 79.261, 33.7562
12410.000000, 78.944, 47.3614
12500.000000, 78.799, 52.9807
12650.000000, 78.505, 62.1295
12800.000000, 78.110, 71.2933
13150.000000, 76.685, 96.5904
13200.000000, 76.478, 101.5399
13400.000000, 76.281, 125.5612
13600.000000, 77.285, 145.5951
13800.000000, 78.214, 157.9534
14000.000000, 78.670, 169.0010
14300.000000, 79.089, -169.8766
14500.000000, 80.088, -152.9326
14750.000000, 81.869, -139.4945
15000.000000, 82.957, -131.1991
15250.000000, 83.883, -121.5356
15500.000000, 85.135, -113.5980
15750.000000, 86.309, -110.7309
16000.000000, 86.713, -112.3741
16250.000000, 85.947, -114.3417
16500.000000, 84.211, -111.6450
16750.000000, 82.106, -102.1378
17000.000000, 80.184, -86.7754
17250.000000, 78.712, -67.8430
17500.000000, 77.732, -46.9407
17750.000000, 77.254, -25.0885
18000.000000, 77.264, -3.4437
18250.000000, 77.676, 16.6840
18500.000000, 78.336, 34.5452
18750.000000, 79.082, 49.8832
19000.000000, 79.753, 62.6433
19250.000000, 80.175, 73.3080
19500.000000, 80.211, 82.5692
19750.000000, 79.845, 91.9449
20000.000000, 79.103, 102.5601
20300.000000, 77.966, 117.8964
20600.000000, 76.931, 136.2111
20900.000000, 76.042, 156.3798
21200.000000, 74.687, 174.8545
21400.000000, 72.999, -172.4855
21800.000000, 67.601, -133.5867
22000.000000, 64.162, 177.0192
22400.000000, 57.299, -107.2959
22700.000000, 52.820, -104.1168
23000.000000, 48.205, -95.1628
23300.000000, 43.980, -93.7515
23600.000000, 43.810, -68.7664
24000.000000, 47.204, -14.3064
