* Measurement data measured by REW V5.31.3
* Source: E2x2, MICROPHONE (Analogue 1), 1, volume: 1.000. Timing signal peak level -32.5 dBFS, measurement signal peak level -32.2 dBFS
* Format: 512k Log Swept Sine, 1 sweep at -38.5 dBFS using an acoustic timing reference
* Dated: May 4, 2025 12:30:17 PM
* REW Settings:
*  C-weighting compensation: Off
*  Target level: 75.0 dB
* Note: ; Fosi DS1 4.4mm + E2x2 MacBook Delay 0.0474 ms (16 mm, 0.64 in) using estimated IR delay relative to Acoustic reference played from SPEAKER R with no timing offset Clock adjustment: -29.5 ppm
* Measurement: W1 R
* Smoothing: 1/24 octave
* Frequency Step: 1/48 octave
* Start Frequency: 1.000 Hz
*
* Freq(Hz), SPL(dB), Phase(degrees)
1.000000, 71.031, -148.0157
1.015000, 71.066, -149.2289
1.030000, 71.109, -150.3986
1.044000, 71.154, -151.4599
1.060000, 71.214, -152.6462
1.075000, 71.277, -153.7413
1.090000, 71.346, -154.8265
1.106000, 71.431, -155.9710
1.120000, 71.514, -156.9466
1.138000, 71.637, -158.1470
1.150000, 71.728, -158.9085
1.172000, 71.912, -160.3077
1.180000, 71.984, -160.8804
1.206000, 72.235, -162.6266
1.220000, 72.379, -163.4992
1.241000, 72.607, -164.7226
1.250000, 72.707, -165.2168
1.265000, 72.879, -166.0023
1.280000, 73.055, -166.7426
1.315000, 73.476, -168.3114
1.320000, 73.536, -168.5191
1.340000, 73.781, -169.3138
1.360000, 74.025, -170.0517
1.380000, 74.266, -170.8726
1.400000, 74.503, -171.7041
1.430000, 74.847, -172.8931
1.450000, 75.065, -173.6557
1.475000, 75.325, -174.5745
1.500000, 75.582, -175.4335
1.525000, 75.837, -176.2204
1.550000, 76.093, -176.9359
1.575000, 76.348, -177.6560
1.600000, 76.603, -178.4437
1.625000, 76.856, -179.1754
1.650000, 77.108, -179.8583
1.675000, 77.358, 179.5005
1.700000, 77.607, 178.8941
1.725000, 77.853, 178.3156
1.750000, 78.097, 177.7590
1.775000, 78.338, 177.1648
1.800000, 78.576, 176.4765
1.825000, 78.811, 175.7970
1.850000, 79.042, 175.1276
1.875000, 79.272, 174.4798
1.900000, 79.499, 173.8594
1.925000, 79.723, 173.2682
1.950000, 79.946, 172.7076
1.975000, 80.166, 172.1257
2.000000, 80.383, 171.4723
2.030000, 80.642, 170.7262
2.060000, 80.897, 170.0117
2.090000, 81.148, 169.3239
2.120000, 81.397, 168.6579
2.140000, 81.560, 168.2233
2.180000, 81.883, 167.3181
2.200000, 82.043, 166.8223
2.240000, 82.356, 165.8460
2.270000, 82.588, 165.1325
2.300000, 82.815, 164.4392
2.330000, 83.040, 163.7679
2.360000, 83.261, 163.1183
2.400000, 83.551, 162.1681
2.430000, 83.765, 161.4636
2.470000, 84.045, 160.5546
2.500000, 84.252, 159.8927
2.540000, 84.524, 159.0320
2.580000, 84.791, 158.1482
2.620000, 85.053, 157.1937
2.650000, 85.246, 156.4892
2.690000, 85.498, 155.5677
2.720000, 85.684, 154.8927
2.760000, 85.928, 154.0204
2.800000, 86.166, 153.0881
2.850000, 86.458, 151.9500
2.900000, 86.743, 150.8547
2.950000, 87.020, 149.7911
3.000000, 87.290, 148.6706
3.040000, 87.500, 147.7588
3.070000, 87.654, 147.0848
3.110000, 87.856, 146.2033
3.150000, 88.054, 145.3446
3.200000, 88.295, 144.2499
3.250000, 88.531, 143.1700
3.300000, 88.760, 142.1284
3.350000, 88.984, 141.1095
3.400000, 89.201, 140.0439
3.450000, 89.412, 138.9722
3.500000, 89.616, 137.9272
3.550000, 89.816, 136.9172
3.600000, 90.010, 135.9001
3.650000, 90.200, 134.9033
3.700000, 90.386, 133.9356
3.750000, 90.565, 132.9828
3.820000, 90.808, 131.6136
3.870000, 90.976, 130.6491
3.950000, 91.236, 129.1692
4.000000, 91.394, 128.2554
4.060000, 91.579, 127.1816
4.120000, 91.758, 126.1353
4.180000, 91.932, 125.1015
4.250000, 92.128, 123.8817
4.310000, 92.292, 122.8770
4.370000, 92.451, 121.9079
4.440000, 92.633, 120.7797
4.500000, 92.785, 119.8392
4.550000, 92.908, 119.0739
4.620000, 93.075, 117.9953
4.680000, 93.216, 117.0934
4.750000, 93.377, 116.0811
4.820000, 93.535, 115.0737
4.870000, 93.645, 114.3658
4.940000, 93.796, 113.4002
5.000000, 93.923, 112.5764
5.080000, 94.089, 111.4959
5.150000, 94.231, 110.5829
5.220000, 94.370, 109.6700
5.300000, 94.525, 108.6449
5.380000, 94.676, 107.6452
5.450000, 94.806, 106.7703
5.520000, 94.933, 105.9192
5.600000, 95.075, 104.9557
5.700000, 95.248, 103.7601
5.800000, 95.416, 102.5930
5.900000, 95.579, 101.4412
6.000000, 95.736, 100.3104
6.080000, 95.858, 99.4099
6.150000, 95.963, 98.6424
6.220000, 96.065, 97.8764
6.300000, 96.178, 97.0165
6.400000, 96.315, 95.9583
6.500000, 96.448, 94.9130
6.600000, 96.576, 93.8964
6.700000, 96.700, 92.8950
6.800000, 96.820, 91.9158
6.900000, 96.936, 90.9524
7.000000, 97.049, 90.0166
7.100000, 97.158, 89.0964
7.200000, 97.264, 88.1987
7.300000, 97.368, 87.3167
7.400000, 97.469, 86.4576
7.500000, 97.568, 85.6114
7.620000, 97.683, 84.6205
7.750000, 97.805, 83.5742
7.880000, 97.924, 82.5453
8.000000, 98.030, 81.6192
8.120000, 98.134, 80.7075
8.250000, 98.244, 79.7365
8.380000, 98.351, 78.7848
8.500000, 98.447, 77.9177
8.620000, 98.540, 77.0642
8.750000, 98.638, 76.1542
8.850000, 98.711, 75.4631
9.000000, 98.816, 74.4460
9.120000, 98.898, 73.6459
9.250000, 98.984, 72.7946
9.380000, 99.067, 71.9614
9.500000, 99.141, 71.2038
9.620000, 99.214, 70.4633
9.750000, 99.289, 69.6768
9.880000, 99.355, 68.9053
10.000000, 99.404, 68.2120
10.150000, 99.452, 67.3401
10.300000, 99.493, 66.4960
10.440000, 99.525, 65.7322
10.600000, 99.558, 64.8852
10.750000, 99.591, 64.1146
10.900000, 99.625, 63.3648
11.060000, 99.660, 62.5691
11.200000, 99.690, 61.8647
11.380000, 99.726, 60.9808
11.500000, 99.749, 60.4043
11.720000, 99.791, 59.3739
11.800000, 99.806, 59.0077
12.060000, 99.858, 57.8360
12.200000, 99.886, 57.2026
12.410000, 99.929, 56.2795
12.500000, 99.947, 55.8941
12.650000, 99.976, 55.2651
12.800000, 100.003, 54.6524
13.150000, 100.065, 53.2556
13.200000, 100.074, 53.0573
13.400000, 100.111, 52.2775
13.600000, 100.148, 51.5173
13.800000, 100.186, 50.7745
14.000000, 100.223, 50.0458
14.300000, 100.274, 48.9484
14.500000, 100.306, 48.2375
14.750000, 100.344, 47.3771
15.000000, 100.381, 46.5490
15.250000, 100.421, 45.7292
15.500000, 100.462, 44.9393
15.750000, 100.503, 44.1751
16.000000, 100.545, 43.4288
16.250000, 100.585, 42.6736
16.500000, 100.625, 41.9268
16.750000, 100.662, 41.1893
17.000000, 100.698, 40.4631
17.250000, 100.732, 39.7399
17.500000, 100.763, 39.0393
17.750000, 100.791, 38.3669
18.000000, 100.818, 37.7217
18.250000, 100.845, 37.0896
18.500000, 100.872, 36.4776
18.750000, 100.900, 35.8820
19.000000, 100.929, 35.2984
19.250000, 100.958, 34.7109
19.500000, 100.987, 34.1324
19.750000, 101.016, 33.5640
20.000000, 101.043, 33.0073
20.299999, 101.073, 32.3419
20.600000, 101.103, 31.6937
20.900000, 101.133, 31.0607
21.200001, 101.161, 30.4313
21.400000, 101.179, 30.0142
21.799999, 101.213, 29.1923
22.000000, 101.229, 28.7872
22.400000, 101.259, 27.9807
22.700001, 101.279, 27.3912
23.000000, 101.298, 26.8152
23.299999, 101.317, 26.2462
23.600000, 101.334, 25.6897
24.000000, 101.358, 24.9662
24.299999, 101.375, 24.4296
24.700001, 101.398, 23.7296
25.000000, 101.414, 23.2161
25.400000, 101.435, 22.5366
25.799999, 101.455, 21.8719
26.200001, 101.473, 21.2181
26.500000, 101.485, 20.7351
26.900000, 101.501, 20.1066
27.200001, 101.513, 19.6432
27.600000, 101.528, 19.0364
28.000000, 101.542, 18.4426
28.500000, 101.558, 17.7094
29.000000, 101.572, 16.9925
29.500000, 101.585, 16.2888
30.000000, 101.596, 15.6049
30.400000, 101.603, 15.0654
30.700001, 101.607, 14.6666
31.100000, 101.612, 14.1405
31.500000, 101.615, 13.6186
32.000000, 101.619, 12.9803
32.500000, 101.621, 12.3542
33.000000, 101.623, 11.7436
33.500000, 101.625, 11.1411
34.000000, 101.626, 10.5490
34.500000, 101.629, 9.9658
35.000000, 101.631, 9.3958
35.500000, 101.633, 8.8350
36.000000, 101.634, 8.2842
36.500000, 101.634, 7.7404
37.000000, 101.634, 7.2071
37.500000, 101.632, 6.6816
38.200001, 101.629, 5.9595
38.700001, 101.625, 5.4493
39.500000, 101.616, 4.6480
40.000000, 101.610, 4.1621
40.599998, 101.601, 3.5900
41.200001, 101.593, 3.0266
41.799999, 101.584, 2.4678
42.500000, 101.573, 1.8252
43.099998, 101.563, 1.2888
43.700001, 101.554, 0.7646
44.400002, 101.544, 0.1636
45.000000, 101.535, -0.3477
45.500000, 101.526, -0.7713
46.200001, 101.512, -1.3519
46.799999, 101.500, -1.8351
47.500000, 101.486, -2.3870
48.200001, 101.472, -2.9323
48.700001, 101.461, -3.3175
49.400002, 101.445, -3.8488
50.000000, 101.430, -4.2971
50.799999, 101.410, -4.8873
51.500000, 101.391, -5.3933
52.200001, 101.372, -5.8882
53.000000, 101.349, -6.4449
53.799999, 101.325, -6.9932
54.500000, 101.302, -7.4617
55.200001, 101.278, -7.9196
56.000000, 101.252, -8.4372
57.000000, 101.218, -9.0782
58.000000, 101.181, -9.6998
59.000000, 101.144, -10.3027
60.000000, 101.107, -10.8937
60.799999, 101.078, -11.3589
61.500000, 101.052, -11.7623
62.200001, 101.025, -12.1595
63.000000, 100.994, -12.6031
64.000000, 100.955, -13.1458
65.000000, 100.915, -13.6740
66.000000, 100.875, -14.1932
67.000000, 100.834, -14.7054
68.000000, 100.791, -15.2048
69.000000, 100.747, -15.6867
70.000000, 100.703, -16.1573
71.000000, 100.660, -16.6210
72.000000, 100.615, -17.0778
73.000000, 100.570, -17.5269
74.000000, 100.524, -17.9670
75.000000, 100.478, -18.3961
76.199997, 100.422, -18.8995
77.500000, 100.362, -19.4310
78.800003, 100.300, -19.9479
80.000000, 100.243, -20.4109
81.199997, 100.186, -20.8583
82.500000, 100.124, -21.3303
83.800003, 100.062, -21.7922
85.000000, 100.005, -22.2091
86.199997, 99.948, -22.6153
87.500000, 99.886, -23.0417
88.500000, 99.839, -23.3609
90.000000, 99.769, -23.8260
91.199997, 99.712, -24.1870
92.500000, 99.650, -24.5673
93.800003, 99.588, -24.9344
95.000000, 99.529, -25.2585
96.199997, 99.470, -25.5741
97.500000, 99.405, -25.9119
98.800003, 99.340, -26.2430
100.000000, 99.280, -26.5393
101.500000, 99.205, -26.8925
103.000000, 99.131, -27.2266
104.400002, 99.061, -27.5291
106.000000, 98.982, -27.8647
107.500000, 98.907, -28.1720
109.000000, 98.832, -28.4659
110.599998, 98.751, -28.7640
112.000000, 98.680, -29.0110
113.800003, 98.590, -29.3135
115.000000, 98.530, -29.5059
117.199997, 98.419, -29.8386
118.000000, 98.380, -29.9550
120.599998, 98.255, -30.3191
122.000000, 98.190, -30.4968
124.099998, 98.095, -30.7464
125.000000, 98.054, -30.8508
126.500000, 97.986, -31.0208
128.000000, 97.919, -31.1848
131.500000, 97.762, -31.5503
132.000000, 97.739, -31.5988
134.000000, 97.650, -31.7763
136.000000, 97.563, -31.9351
138.000000, 97.479, -32.0819
140.000000, 97.395, -32.2132
143.000000, 97.270, -32.3823
145.000000, 97.187, -32.4728
147.500000, 97.083, -32.5667
150.000000, 96.981, -32.6432
152.500000, 96.878, -32.6888
155.000000, 96.774, -32.6959
157.500000, 96.671, -32.6592
160.000000, 96.572, -32.5659
162.500000, 96.483, -32.4333
165.000000, 96.406, -32.2975
167.500000, 96.339, -32.2170
170.000000, 96.273, -32.2170
172.500000, 96.199, -32.2582
175.000000, 96.117, -32.2909
177.500000, 96.030, -32.2836
180.000000, 95.942, -32.2361
182.500000, 95.856, -32.1541
185.000000, 95.775, -32.0439
187.500000, 95.699, -31.9281
190.000000, 95.627, -31.8157
192.500000, 95.559, -31.7054
195.000000, 95.493, -31.6061
197.500000, 95.428, -31.5209
200.000000, 95.362, -31.4402
203.000000, 95.282, -31.3237
206.000000, 95.201, -31.1766
209.000000, 95.122, -31.0134
212.000000, 95.046, -30.8396
214.000000, 94.998, -30.7171
218.000000, 94.904, -30.4526
220.000000, 94.858, -30.3187
224.000000, 94.771, -30.0465
227.000000, 94.709, -29.8434
230.000000, 94.648, -29.6482
233.000000, 94.588, -29.4621
236.000000, 94.529, -29.2709
240.000000, 94.452, -28.9938
243.000000, 94.396, -28.7749
247.000000, 94.324, -28.4841
250.000000, 94.273, -28.2658
254.000000, 94.206, -27.9678
258.000000, 94.143, -27.6642
262.000000, 94.082, -27.3623
265.000000, 94.039, -27.1327
269.000000, 93.984, -26.8240
272.000000, 93.945, -26.5935
276.000000, 93.898, -26.2866
280.000000, 93.853, -25.9827
285.000000, 93.800, -25.6178
290.000000, 93.749, -25.2557
295.000000, 93.702, -24.8908
300.000000, 93.657, -24.5289
304.000000, 93.623, -24.2482
307.000000, 93.599, -24.0406
311.000000, 93.570, -23.7662
315.000000, 93.541, -23.4929
320.000000, 93.507, -23.1604
325.000000, 93.474, -22.8308
330.000000, 93.443, -22.5060
335.000000, 93.414, -22.1872
340.000000, 93.385, -21.8753
345.000000, 93.357, -21.5688
350.000000, 93.329, -21.2679
355.000000, 93.302, -20.9717
360.000000, 93.277, -20.6833
365.000000, 93.253, -20.3995
370.000000, 93.230, -20.1199
375.000000, 93.208, -19.8455
382.000000, 93.177, -19.4703
387.000000, 93.156, -19.2094
395.000000, 93.124, -18.7959
400.000000, 93.104, -18.5419
406.000000, 93.082, -18.2491
412.000000, 93.062, -17.9658
418.000000, 93.042, -17.6890
425.000000, 93.020, -17.3727
431.000000, 93.001, -17.1046
437.000000, 92.982, -16.8434
444.000000, 92.961, -16.5450
450.000000, 92.944, -16.2917
455.000000, 92.929, -16.0806
462.000000, 92.910, -15.7902
468.000000, 92.893, -15.5430
475.000000, 92.876, -15.2544
482.000000, 92.861, -14.9661
487.000000, 92.851, -14.7609
494.000000, 92.840, -14.4771
500.000000, 92.831, -14.2375
508.000000, 92.821, -13.9278
515.000000, 92.812, -13.6671
522.000000, 92.803, -13.4098
530.000000, 92.793, -13.1140
538.000000, 92.783, -12.8212
545.000000, 92.776, -12.5704
552.000000, 92.769, -12.3175
560.000000, 92.762, -12.0228
570.000000, 92.753, -11.6564
580.000000, 92.746, -11.2935
590.000000, 92.740, -10.9281
600.000000, 92.735, -10.5570
608.000000, 92.729, -10.2520
615.000000, 92.724, -9.9877
622.000000, 92.719, -9.7256
630.000000, 92.715, -9.4258
640.000000, 92.710, -9.0462
650.000000, 92.705, -8.6652
660.000000, 92.702, -8.2772
670.000000, 92.701, -7.8748
680.000000, 92.705, -7.4570
690.000000, 92.713, -7.0270
700.000000, 92.728, -6.6023
710.000000, 92.748, -6.2033
720.000000, 92.771, -5.8387
730.000000, 92.793, -5.4956
740.000000, 92.814, -5.1583
750.000000, 92.836, -4.8190
762.000000, 92.862, -4.4119
775.000000, 92.893, -3.9872
788.000000, 92.927, -3.5729
800.000000, 92.958, -3.2021
812.000000, 92.991, -2.8412
825.000000, 93.029, -2.4609
838.000000, 93.069, -2.0880
850.000000, 93.108, -1.7472
862.000000, 93.148, -1.4158
875.000000, 93.193, -1.0698
885.000000, 93.229, -0.8125
900.000000, 93.287, -0.4431
912.000000, 93.335, -0.1653
925.000000, 93.389, 0.1198
938.000000, 93.444, 0.3848
950.000000, 93.496, 0.6123
962.000000, 93.549, 0.8234
975.000000, 93.605, 1.0331
988.000000, 93.660, 1.2230
1000.000000, 93.712, 1.3837
1015.000000, 93.778, 1.5627
1030.000000, 93.843, 1.7141
1044.000000, 93.905, 1.8333
1060.000000, 93.975, 1.9441
1075.000000, 94.041, 2.0269
1090.000000, 94.112, 2.0898
1106.000000, 94.195, 2.1388
1120.000000, 94.270, 2.1677
1138.000000, 94.365, 2.1807
1150.000000, 94.427, 2.1768
1172.000000, 94.539, 2.1511
1180.000000, 94.579, 2.1389
1206.000000, 94.709, 2.0834
1220.000000, 94.780, 2.0433
1241.000000, 94.890, 1.9701
1250.000000, 94.936, 1.9341
1265.000000, 95.012, 1.8727
1280.000000, 95.088, 1.8123
1315.000000, 95.261, 1.6711
1320.000000, 95.286, 1.6476
1340.000000, 95.376, 1.5453
1360.000000, 95.446, 1.4396
1380.000000, 95.513, 1.3375
1400.000000, 95.594, 1.2338
1430.000000, 95.722, 1.0824
1450.000000, 95.808, 0.9850
1475.000000, 95.916, 0.8685
1500.000000, 96.024, 0.7570
1525.000000, 96.131, 0.6498
1550.000000, 96.236, 0.5470
1575.000000, 96.341, 0.4508
1600.000000, 96.447, 0.3558
1625.000000, 96.557, 0.2608
1650.000000, 96.671, 0.1624
1675.000000, 96.788, 0.0625
1700.000000, 96.909, -0.0413
1725.000000, 97.033, -0.1548
1750.000000, 97.161, -0.2792
1775.000000, 97.294, -0.4178
1800.000000, 97.432, -0.5714
1825.000000, 97.576, -0.7498
1850.000000, 97.725, -0.9553
1875.000000, 97.881, -1.1927
1900.000000, 98.042, -1.4677
1925.000000, 98.208, -1.7808
1950.000000, 98.379, -2.1441
1975.000000, 98.555, -2.5580
2000.000000, 98.736, -3.0308
2030.000000, 98.959, -3.6848
2060.000000, 99.188, -4.4489
2090.000000, 99.419, -5.3359
2120.000000, 99.652, -6.3557
2140.000000, 99.806, -7.1118
2180.000000, 100.106, -8.8012
2200.000000, 100.247, -9.7271
2240.000000, 100.512, -11.7288
2270.000000, 100.696, -13.3495
2300.000000, 100.863, -15.0556
2330.000000, 101.014, -16.8293
2360.000000, 101.148, -18.6555
2400.000000, 101.299, -21.1458
2430.000000, 101.392, -23.0368
2470.000000, 101.491, -25.5636
2500.000000, 101.546, -27.4465
2540.000000, 101.598, -29.9255
2580.000000, 101.629, -32.3459
2620.000000, 101.642, -34.6916
2650.000000, 101.644, -36.3987
2690.000000, 101.638, -38.6105
2720.000000, 101.629, -40.2261
2760.000000, 101.613, -42.3430
2800.000000, 101.595, -44.4315
2850.000000, 101.569, -47.0223
2900.000000, 101.541, -49.6256
2950.000000, 101.511, -52.2830
3000.000000, 101.477, -55.0513
3040.000000, 101.440, -57.3912
3070.000000, 101.403, -59.2382
3110.000000, 101.329, -61.8319
3150.000000, 101.215, -64.5554
3200.000000, 100.992, -68.0385
3250.000000, 100.660, -71.3615
3300.000000, 100.221, -74.1486
3350.000000, 99.715, -76.0457
3400.000000, 99.210, -76.9154
3450.000000, 98.777, -76.9150
3500.000000, 98.459, -76.3962
3550.000000, 98.256, -75.7465
3600.000000, 98.141, -75.2565
3650.000000, 98.081, -75.0632
3700.000000, 98.038, -75.1577
3750.000000, 97.988, -75.4155
3820.000000, 97.892, -75.6806
3870.000000, 97.824, -75.5627
3950.000000, 97.808, -74.7084
4000.000000, 97.908, -73.9740
4060.000000, 98.160, -73.3204
4120.000000, 98.534, -73.3118
4180.000000, 98.986, -74.2262
4250.000000, 99.538, -76.5955
4310.000000, 99.974, -79.7043
4370.000000, 100.328, -83.6818
4440.000000, 100.602, -89.1664
4500.000000, 100.696, -94.3295
4550.000000, 100.672, -98.7692
4620.000000, 100.484, -104.9049
4680.000000, 100.196, -109.8671
4750.000000, 99.742, -115.1072
4820.000000, 99.200, -119.6431
4870.000000, 98.778, -122.4309
4940.000000, 98.163, -125.7290
5000.000000, 97.628, -128.0403
5080.000000, 96.923, -130.4777
5150.000000, 96.325, -132.0934
5220.000000, 95.751, -133.3073
5300.000000, 95.130, -134.2946
5380.000000, 94.547, -134.9377
5450.000000, 94.066, -135.2743
5520.000000, 93.612, -135.4373
5600.000000, 93.119, -135.4422
5700.000000, 92.534, -135.1893
5800.000000, 91.976, -134.6802
5900.000000, 91.424, -133.9965
6000.000000, 90.817, -133.0884
6080.000000, 90.228, -131.7770
6150.000000, 89.630, -129.4000
6220.000000, 89.024, -124.8242
6300.000000, 88.734, -114.8013
6400.000000, 89.796, -102.6617
6500.000000, 91.273, -100.1952
6600.000000, 92.252, -101.8688
6700.000000, 92.892, -103.5839
6800.000000, 93.437, -104.7115
6900.000000, 94.015, -105.5048
7000.000000, 94.670, -106.2736
7100.000000, 95.402, -107.2832
7200.000000, 96.205, -108.7851
7300.000000, 97.063, -110.9694
7400.000000, 97.956, -114.0142
7500.000000, 98.854, -118.0696
7620.000000, 99.882, -124.3525
7750.000000, 100.825, -132.6814
7880.000000, 101.425, -141.8936
8000.000000, 101.700, -150.3442
8120.000000, 101.801, -158.1104
8250.000000, 101.838, -165.5202
8380.000000, 101.925, -172.1718
8500.000000, 102.111, -178.2816
8620.000000, 102.386, 174.8620
8750.000000, 102.676, 165.8195
8850.000000, 102.774, 157.5299
9000.000000, 102.481, 143.7502
9120.000000, 101.782, 133.0256
9250.000000, 100.641, 123.2877
9380.000000, 99.296, 116.2245
9500.000000, 98.047, 111.9468
9620.000000, 96.895, 109.3057
9750.000000, 95.807, 107.6483
9880.000000, 94.888, 106.6829
10000.000000, 94.163, 106.0693
10150.000000, 93.378, 105.4085
10300.000000, 92.680, 104.7389
10440.000000, 92.071, 104.1135
10600.000000, 91.398, 103.4982
10750.000000, 90.777, 103.1469
10900.000000, 90.170, 103.1392
11060.000000, 89.554, 103.6223
11200.000000, 89.061, 104.5061
11380.000000, 88.531, 106.1440
11500.000000, 88.253, 107.3284
11720.000000, 87.842, 109.4122
11800.000000, 87.715, 110.2441
12060.000000, 87.474, 113.5715
12200.000000, 87.513, 115.4031
12410.000000, 87.808, 117.1185
12500.000000, 88.004, 117.1527
12650.000000, 88.362, 115.9077
12800.000000, 88.657, 112.8073
13150.000000, 88.214, 101.0341
13200.000000, 87.973, 99.6374
13400.000000, 86.740, 97.4551
13600.000000, 85.767, 101.5268
13800.000000, 85.718, 106.0037
14000.000000, 85.915, 105.2665
14300.000000, 85.515, 101.9106
14500.000000, 85.000, 101.6578
14750.000000, 84.516, 103.6531
15000.000000, 84.442, 106.4307
15250.000000, 84.829, 107.3128
15500.000000, 85.397, 103.6399
15750.000000, 85.533, 95.2262
16000.000000, 84.734, 85.5749
16250.000000, 83.037, 79.5146
16500.000000, 80.895, 80.2565
16750.000000, 78.926, 88.9992
17000.000000, 77.860, 104.4861
17250.000000, 78.159, 120.8042
17500.000000, 79.434, 131.6794
17750.000000, 81.007, 136.2966
18000.000000, 82.536, 136.2454
18250.000000, 83.880, 132.3809
18500.000000, 84.878, 125.0170
18750.000000, 85.298, 114.9228
19000.000000, 84.985, 103.9590
19250.000000, 83.986, 94.6892
19500.000000, 82.524, 88.5903
19750.000000, 80.907, 86.1829
20000.000000, 79.314, 86.5694
20300.000000, 77.572, 89.1225
20600.000000, 76.078, 92.4852
20900.000000, 74.593, 95.9964
21200.000000, 72.474, 97.8809
21400.000000, 70.237, 100.6619
21800.000000, 63.702, 124.5979
22000.000000, 59.794, 70.1865
22400.000000, 52.868, 141.4806
22700.000000, 49.260, 140.0176
23000.000000, 45.892, 151.4340
23300.000000, 43.850, 157.2600
23600.000000, 46.925, 152.8981
24000.000000, 51.596, 172.5986
