* Measurement data measured by REW V5.31.3
* Source: E2x2, MICROPHONE (Analogue 1), 1, volume: 1.000. Timing signal peak level -34.2 dBFS, measurement signal peak level -33.3 dBFS
* Format: 512k Log Swept Sine, 1 sweep at -38.5 dBFS using an acoustic timing reference
* Dated: May 4, 2025 12:13:11 PM
* REW Settings:
*  C-weighting compensation: Off
*  Target level: 75.0 dB
* Note: ; Fosi DS1 4.4mm + E2x2 MacBook Delay -0.0393 ms (-13 mm, -0.53 in) using estimated IR delay relative to Acoustic reference played from SPEAKER L with no timing offset Clock adjustment: -29.5 ppm
* Measurement: CP145 L
* Smoothing: 1/24 octave
* Frequency Step: 1/48 octave
* Start Frequency: 1.000 Hz
*
* Freq(Hz), SPL(dB), Phase(degrees)
1.000000, 68.881, -148.5574
1.015000, 68.934, -149.7421
1.030000, 68.992, -150.8850
1.044000, 69.053, -151.9224
1.060000, 69.128, -153.0828
1.075000, 69.204, -154.1545
1.090000, 69.287, -155.2161
1.106000, 69.384, -156.3326
1.120000, 69.478, -157.2772
1.138000, 69.614, -158.4275
1.150000, 69.714, -159.1503
1.172000, 69.912, -160.4699
1.180000, 69.990, -161.0116
1.206000, 70.256, -162.6524
1.220000, 70.409, -163.4668
1.241000, 70.648, -164.6031
1.250000, 70.754, -165.0603
1.265000, 70.934, -165.7852
1.280000, 71.118, -166.4666
1.315000, 71.556, -167.9065
1.320000, 71.620, -168.0969
1.340000, 71.874, -168.8250
1.360000, 72.127, -169.5013
1.380000, 72.378, -170.2653
1.400000, 72.624, -171.0446
1.430000, 72.980, -172.1635
1.450000, 73.207, -172.8842
1.475000, 73.479, -173.7530
1.500000, 73.746, -174.5590
1.525000, 74.011, -175.2886
1.550000, 74.276, -175.9443
1.575000, 74.540, -176.6035
1.600000, 74.803, -177.3309
1.625000, 75.065, -178.0038
1.650000, 75.325, -178.6303
1.675000, 75.583, -179.2179
1.700000, 75.839, -179.7740
1.725000, 76.092, 179.6941
1.750000, 76.343, 179.1805
1.775000, 76.592, 178.6255
1.800000, 76.837, 177.9728
1.825000, 77.079, 177.3260
1.850000, 77.318, 176.6886
1.875000, 77.555, 176.0745
1.900000, 77.789, 175.4897
1.925000, 78.021, 174.9352
1.950000, 78.250, 174.4117
1.975000, 78.477, 173.8668
2.000000, 78.701, 173.2495
2.030000, 78.967, 172.5450
2.060000, 79.230, 171.8696
2.090000, 79.489, 171.2181
2.120000, 79.745, 170.5850
2.140000, 79.914, 170.1703
2.180000, 80.247, 169.3005
2.200000, 80.412, 168.8207
2.240000, 80.735, 167.8763
2.270000, 80.974, 167.1881
2.300000, 81.209, 166.5209
2.330000, 81.440, 165.8759
2.360000, 81.668, 165.2523
2.400000, 81.968, 164.3354
2.430000, 82.188, 163.6543
2.470000, 82.478, 162.7738
2.500000, 82.692, 162.1308
2.540000, 82.973, 161.2917
2.580000, 83.248, 160.4265
2.620000, 83.519, 159.4902
2.650000, 83.718, 158.7998
2.690000, 83.979, 157.8975
2.720000, 84.171, 157.2368
2.760000, 84.423, 156.3830
2.800000, 84.670, 155.4679
2.850000, 84.971, 154.3485
2.900000, 85.266, 153.2682
2.950000, 85.553, 152.2161
3.000000, 85.832, 151.1060
3.040000, 86.049, 150.2026
3.070000, 86.209, 149.5349
3.110000, 86.419, 148.6614
3.150000, 86.623, 147.8102
3.200000, 86.874, 146.7234
3.250000, 87.118, 145.6494
3.300000, 87.356, 144.6110
3.350000, 87.588, 143.5939
3.400000, 87.813, 142.5296
3.450000, 88.032, 141.4588
3.500000, 88.244, 140.4143
3.550000, 88.452, 139.4041
3.600000, 88.654, 138.3856
3.650000, 88.851, 137.3859
3.700000, 89.044, 136.4139
3.750000, 89.230, 135.4560
3.820000, 89.483, 134.0786
3.870000, 89.658, 133.1077
3.950000, 89.928, 131.6167
4.000000, 90.093, 130.6951
4.060000, 90.285, 129.6108
4.120000, 90.472, 128.5529
4.180000, 90.652, 127.5068
4.250000, 90.857, 126.2720
4.310000, 91.027, 125.2540
4.370000, 91.193, 124.2715
4.440000, 91.382, 123.1268
4.500000, 91.539, 122.1712
4.550000, 91.667, 121.3931
4.620000, 91.842, 120.2962
4.680000, 91.988, 119.3785
4.750000, 92.155, 118.3481
4.820000, 92.319, 117.3223
4.870000, 92.433, 116.6012
4.940000, 92.589, 115.6166
5.000000, 92.721, 114.7766
5.080000, 92.892, 113.6751
5.150000, 93.039, 112.7442
5.220000, 93.183, 111.8134
5.300000, 93.343, 110.7680
5.380000, 93.499, 109.7484
5.450000, 93.633, 108.8566
5.520000, 93.764, 107.9891
5.600000, 93.911, 107.0074
5.700000, 94.090, 105.7896
5.800000, 94.263, 104.6010
5.900000, 94.431, 103.4284
6.000000, 94.593, 102.2776
6.080000, 94.720, 101.3614
6.150000, 94.828, 100.5802
6.220000, 94.933, 99.8007
6.300000, 95.050, 98.9254
6.400000, 95.193, 97.8481
6.500000, 95.330, 96.7836
6.600000, 95.463, 95.7473
6.700000, 95.592, 94.7259
6.800000, 95.716, 93.7260
6.900000, 95.837, 92.7414
7.000000, 95.954, 91.7836
7.100000, 96.068, 90.8404
7.200000, 96.178, 89.9190
7.300000, 96.286, 89.0127
7.400000, 96.391, 88.1288
7.500000, 96.493, 87.2570
7.620000, 96.612, 86.2350
7.750000, 96.738, 85.1554
7.880000, 96.859, 84.0931
8.000000, 96.969, 83.1372
8.120000, 97.075, 82.1976
8.250000, 97.186, 81.1979
8.380000, 97.294, 80.2201
8.500000, 97.391, 79.3318
8.620000, 97.485, 78.4597
8.750000, 97.584, 77.5325
8.850000, 97.658, 76.8304
9.000000, 97.765, 75.7999
9.120000, 97.848, 74.9911
9.250000, 97.935, 74.1321
9.380000, 98.020, 73.2925
9.500000, 98.097, 72.5291
9.620000, 98.172, 71.7822
9.750000, 98.250, 70.9879
9.880000, 98.318, 70.2069
10.000000, 98.371, 69.5026
10.150000, 98.423, 68.6145
10.300000, 98.468, 67.7510
10.440000, 98.503, 66.9662
10.600000, 98.539, 66.0933
10.750000, 98.575, 65.2969
10.900000, 98.610, 64.5211
11.060000, 98.647, 63.6989
11.200000, 98.678, 62.9728
11.380000, 98.715, 62.0642
11.500000, 98.738, 61.4736
11.720000, 98.781, 60.4215
11.800000, 98.796, 60.0486
12.060000, 98.850, 58.8582
12.200000, 98.880, 58.2151
12.410000, 98.925, 57.2768
12.500000, 98.944, 56.8840
12.650000, 98.974, 56.2414
12.800000, 99.004, 55.6131
13.150000, 99.070, 54.1743
13.200000, 99.079, 53.9695
13.400000, 99.118, 53.1642
13.600000, 99.156, 52.3795
13.800000, 99.195, 51.6142
14.000000, 99.232, 50.8653
14.300000, 99.286, 49.7403
14.500000, 99.320, 49.0104
14.750000, 99.360, 48.1223
15.000000, 99.400, 47.2601
15.250000, 99.443, 46.3997
15.500000, 99.485, 45.5656
15.750000, 99.526, 44.7582
16.000000, 99.566, 43.9755
16.250000, 99.604, 43.1945
16.500000, 99.641, 42.4337
16.750000, 99.678, 41.6917
17.000000, 99.716, 40.9648
17.250000, 99.753, 40.2383
17.500000, 99.789, 39.5255
17.750000, 99.824, 38.8286
18.000000, 99.856, 38.1463
18.250000, 99.887, 37.4673
18.500000, 99.917, 36.8035
18.750000, 99.946, 36.1567
19.000000, 99.974, 35.5262
19.250000, 100.003, 34.8984
19.500000, 100.031, 34.2858
19.750000, 100.058, 33.6877
20.000000, 100.085, 33.1029
20.299999, 100.115, 32.4034
20.600000, 100.145, 31.7199
20.900000, 100.173, 31.0516
21.200001, 100.199, 30.3901
21.400000, 100.216, 29.9547
21.799999, 100.247, 29.1048
22.000000, 100.261, 28.6895
22.400000, 100.289, 27.8661
22.700001, 100.309, 27.2635
23.000000, 100.328, 26.6714
23.299999, 100.347, 26.0823
23.600000, 100.364, 25.5018
24.000000, 100.387, 24.7422
24.299999, 100.403, 24.1772
24.700001, 100.423, 23.4404
25.000000, 100.438, 22.9009
25.400000, 100.456, 22.1899
25.799999, 100.472, 21.4977
26.200001, 100.488, 20.8179
26.500000, 100.499, 20.3154
26.900000, 100.513, 19.6594
27.200001, 100.523, 19.1742
27.600000, 100.536, 18.5377
28.000000, 100.548, 17.9157
28.500000, 100.561, 17.1504
29.000000, 100.574, 16.4027
29.500000, 100.585, 15.6642
30.000000, 100.594, 14.9403
30.400000, 100.599, 14.3685
30.700001, 100.601, 13.9475
31.100000, 100.602, 13.3962
31.500000, 100.603, 12.8535
32.000000, 100.604, 12.1903
32.500000, 100.604, 11.5361
33.000000, 100.602, 10.8948
33.500000, 100.599, 10.2640
34.000000, 100.597, 9.6485
34.500000, 100.595, 9.0438
35.000000, 100.594, 8.4495
35.500000, 100.591, 7.8607
36.000000, 100.588, 7.2827
36.500000, 100.583, 6.7150
37.000000, 100.578, 6.1599
37.500000, 100.572, 5.6122
38.200001, 100.562, 4.8589
38.700001, 100.553, 4.3301
39.500000, 100.538, 3.5031
40.000000, 100.527, 2.9984
40.599998, 100.514, 2.4011
41.200001, 100.499, 1.8162
41.799999, 100.484, 1.2421
42.500000, 100.467, 0.5839
43.099998, 100.452, 0.0308
43.700001, 100.437, -0.5117
44.400002, 100.419, -1.1303
45.000000, 100.403, -1.6522
45.500000, 100.389, -2.0839
46.200001, 100.368, -2.6783
46.799999, 100.350, -3.1748
47.500000, 100.328, -3.7395
48.200001, 100.306, -4.2944
48.700001, 100.290, -4.6863
49.400002, 100.267, -5.2264
50.000000, 100.246, -5.6811
50.799999, 100.218, -6.2799
51.500000, 100.192, -6.7947
52.200001, 100.165, -7.2952
53.000000, 100.135, -7.8529
53.799999, 100.103, -8.4041
54.500000, 100.073, -8.8790
55.200001, 100.042, -9.3420
56.000000, 100.007, -9.8589
57.000000, 99.962, -10.4926
58.000000, 99.917, -11.1122
59.000000, 99.871, -11.7213
60.000000, 99.824, -12.3154
60.799999, 99.786, -12.7731
61.500000, 99.752, -13.1631
62.200001, 99.719, -13.5471
63.000000, 99.681, -13.9802
64.000000, 99.633, -14.5126
65.000000, 99.583, -15.0307
66.000000, 99.532, -15.5375
67.000000, 99.481, -16.0295
68.000000, 99.429, -16.5092
69.000000, 99.376, -16.9793
70.000000, 99.322, -17.4346
71.000000, 99.269, -17.8751
72.000000, 99.215, -18.3090
73.000000, 99.161, -18.7343
74.000000, 99.106, -19.1467
75.000000, 99.050, -19.5490
76.199997, 98.983, -20.0197
77.500000, 98.911, -20.5095
78.800003, 98.838, -20.9872
80.000000, 98.770, -21.4126
81.199997, 98.703, -21.8246
82.500000, 98.629, -22.2575
83.800003, 98.556, -22.6723
85.000000, 98.488, -23.0413
86.199997, 98.422, -23.3998
87.500000, 98.350, -23.7787
88.500000, 98.295, -24.0621
90.000000, 98.212, -24.4720
91.199997, 98.145, -24.7864
92.500000, 98.074, -25.1151
93.800003, 98.002, -25.4329
95.000000, 97.935, -25.7141
96.199997, 97.866, -25.9844
97.500000, 97.792, -26.2678
98.800003, 97.716, -26.5398
100.000000, 97.647, -26.7806
101.500000, 97.562, -27.0657
103.000000, 97.477, -27.3350
104.400002, 97.398, -27.5747
106.000000, 97.307, -27.8302
107.500000, 97.221, -28.0565
109.000000, 97.136, -28.2733
110.599998, 97.046, -28.4971
112.000000, 96.967, -28.6828
113.800003, 96.867, -28.9042
115.000000, 96.800, -29.0422
117.199997, 96.677, -29.2792
118.000000, 96.633, -29.3596
120.599998, 96.490, -29.6029
122.000000, 96.416, -29.7162
124.099998, 96.306, -29.8612
125.000000, 96.260, -29.9182
126.500000, 96.182, -30.0027
128.000000, 96.105, -30.0739
131.500000, 95.928, -30.2166
132.000000, 95.903, -30.2332
134.000000, 95.804, -30.2877
136.000000, 95.708, -30.3243
138.000000, 95.614, -30.3488
140.000000, 95.521, -30.3662
143.000000, 95.382, -30.3730
145.000000, 95.290, -30.3554
147.500000, 95.175, -30.3121
150.000000, 95.060, -30.2321
152.500000, 94.946, -30.1107
155.000000, 94.835, -29.9502
157.500000, 94.727, -29.7515
160.000000, 94.624, -29.5131
162.500000, 94.534, -29.2549
165.000000, 94.457, -29.0286
167.500000, 94.384, -28.8801
170.000000, 94.304, -28.7908
172.500000, 94.213, -28.7122
175.000000, 94.115, -28.6065
177.500000, 94.017, -28.4595
180.000000, 93.919, -28.2801
182.500000, 93.822, -28.0763
185.000000, 93.728, -27.8572
187.500000, 93.636, -27.6249
190.000000, 93.547, -27.3749
192.500000, 93.461, -27.1080
195.000000, 93.378, -26.8298
197.500000, 93.297, -26.5433
200.000000, 93.219, -26.2467
203.000000, 93.127, -25.8777
206.000000, 93.037, -25.4949
209.000000, 92.950, -25.1014
212.000000, 92.867, -24.6995
214.000000, 92.812, -24.4276
218.000000, 92.707, -23.8748
220.000000, 92.656, -23.5955
224.000000, 92.559, -23.0224
227.000000, 92.489, -22.5815
230.000000, 92.422, -22.1327
233.000000, 92.357, -21.6782
236.000000, 92.295, -21.2255
240.000000, 92.216, -20.6189
243.000000, 92.161, -20.1652
247.000000, 92.091, -19.5625
250.000000, 92.042, -19.1117
254.000000, 91.978, -18.5107
258.000000, 91.918, -17.9109
262.000000, 91.862, -17.3113
265.000000, 91.821, -16.8588
269.000000, 91.771, -16.2556
272.000000, 91.736, -15.8053
276.000000, 91.695, -15.2113
280.000000, 91.656, -14.6265
285.000000, 91.612, -13.9072
290.000000, 91.570, -13.1904
295.000000, 91.533, -12.4807
300.000000, 91.500, -11.7844
304.000000, 91.476, -11.2369
307.000000, 91.460, -10.8278
311.000000, 91.442, -10.2886
315.000000, 91.425, -9.7517
320.000000, 91.406, -9.0920
325.000000, 91.389, -8.4521
330.000000, 91.374, -7.8187
335.000000, 91.361, -7.1885
340.000000, 91.350, -6.5720
345.000000, 91.339, -5.9712
350.000000, 91.329, -5.3855
355.000000, 91.322, -4.8076
360.000000, 91.316, -4.2399
365.000000, 91.311, -3.6828
370.000000, 91.308, -3.1393
375.000000, 91.306, -2.6093
382.000000, 91.303, -1.8871
387.000000, 91.302, -1.3796
395.000000, 91.301, -0.5847
400.000000, 91.301, -0.0990
406.000000, 91.303, 0.4705
412.000000, 91.305, 1.0279
418.000000, 91.308, 1.5773
425.000000, 91.311, 2.2042
431.000000, 91.316, 2.7302
437.000000, 91.322, 3.2422
444.000000, 91.328, 3.8268
450.000000, 91.334, 4.3251
455.000000, 91.339, 4.7355
462.000000, 91.347, 5.3019
468.000000, 91.354, 5.7773
475.000000, 91.363, 6.3239
482.000000, 91.374, 6.8630
487.000000, 91.382, 7.2435
494.000000, 91.395, 7.7665
500.000000, 91.406, 8.2068
508.000000, 91.422, 8.7910
515.000000, 91.436, 9.2982
522.000000, 91.450, 9.7982
530.000000, 91.466, 10.3620
538.000000, 91.483, 10.9159
545.000000, 91.499, 11.4011
552.000000, 91.515, 11.8838
560.000000, 91.533, 12.4329
570.000000, 91.556, 13.1145
580.000000, 91.580, 13.7904
590.000000, 91.606, 14.4703
600.000000, 91.631, 15.1517
608.000000, 91.651, 15.6934
615.000000, 91.668, 16.1660
622.000000, 91.685, 16.6388
630.000000, 91.706, 17.1761
640.000000, 91.735, 17.8398
650.000000, 91.765, 18.4888
660.000000, 91.797, 19.1279
670.000000, 91.829, 19.7508
680.000000, 91.863, 20.3643
690.000000, 91.898, 20.9695
700.000000, 91.934, 21.5635
710.000000, 91.970, 22.1535
720.000000, 92.007, 22.7427
730.000000, 92.043, 23.3282
740.000000, 92.080, 23.9092
750.000000, 92.119, 24.4846
762.000000, 92.165, 25.1744
775.000000, 92.216, 25.9219
788.000000, 92.268, 26.6661
800.000000, 92.318, 27.3428
812.000000, 92.370, 28.0084
825.000000, 92.429, 28.7178
838.000000, 92.490, 29.4186
850.000000, 92.548, 30.0536
862.000000, 92.608, 30.6724
875.000000, 92.673, 31.3271
885.000000, 92.724, 31.8215
900.000000, 92.804, 32.5473
912.000000, 92.869, 33.1051
925.000000, 92.941, 33.6916
938.000000, 93.014, 34.2615
950.000000, 93.081, 34.7716
962.000000, 93.148, 35.2658
975.000000, 93.221, 35.7831
988.000000, 93.293, 36.2772
1000.000000, 93.359, 36.7140
1015.000000, 93.442, 37.2419
1030.000000, 93.524, 37.7477
1044.000000, 93.600, 38.1977
1060.000000, 93.688, 38.6869
1075.000000, 93.769, 39.1225
1090.000000, 93.855, 39.5392
1106.000000, 93.954, 39.9667
1120.000000, 94.043, 40.3235
1138.000000, 94.157, 40.7617
1150.000000, 94.231, 41.0414
1172.000000, 94.365, 41.5358
1180.000000, 94.412, 41.7119
1206.000000, 94.568, 42.2597
1220.000000, 94.653, 42.5470
1241.000000, 94.783, 42.9663
1250.000000, 94.838, 43.1418
1265.000000, 94.930, 43.4297
1280.000000, 95.022, 43.7088
1315.000000, 95.231, 44.3214
1320.000000, 95.260, 44.4049
1340.000000, 95.369, 44.7353
1360.000000, 95.457, 45.0543
1380.000000, 95.543, 45.3625
1400.000000, 95.641, 45.6631
1430.000000, 95.793, 46.1072
1450.000000, 95.893, 46.3986
1475.000000, 96.019, 46.7613
1500.000000, 96.143, 47.1171
1525.000000, 96.263, 47.4657
1550.000000, 96.377, 47.8118
1575.000000, 96.489, 48.1513
1600.000000, 96.600, 48.4833
1625.000000, 96.711, 48.8116
1650.000000, 96.820, 49.1398
1675.000000, 96.929, 49.4666
1700.000000, 97.039, 49.7956
1725.000000, 97.150, 50.1303
1750.000000, 97.262, 50.4696
1775.000000, 97.378, 50.8102
1800.000000, 97.499, 51.1434
1825.000000, 97.625, 51.4530
1850.000000, 97.757, 51.7260
1875.000000, 97.893, 51.9447
1900.000000, 98.029, 52.1015
1925.000000, 98.163, 52.2074
1950.000000, 98.293, 52.2747
1975.000000, 98.420, 52.3132
2000.000000, 98.544, 52.3284
2030.000000, 98.690, 52.3269
2060.000000, 98.834, 52.3048
2090.000000, 98.978, 52.2616
2120.000000, 99.121, 52.1968
2140.000000, 99.216, 52.1434
2180.000000, 99.409, 52.0203
2200.000000, 99.507, 51.9476
2240.000000, 99.711, 51.7540
2270.000000, 99.874, 51.5273
2300.000000, 100.046, 51.1793
2330.000000, 100.219, 50.6693
2360.000000, 100.385, 49.9835
2400.000000, 100.578, 48.8355
2430.000000, 100.696, 47.8594
2470.000000, 100.814, 46.5057
2500.000000, 100.877, 45.4990
2540.000000, 100.935, 44.2131
2580.000000, 100.971, 43.0118
2620.000000, 100.993, 41.8945
2650.000000, 101.003, 41.1080
2690.000000, 101.012, 40.1125
2720.000000, 101.018, 39.3919
2760.000000, 101.026, 38.4347
2800.000000, 101.035, 37.4492
2850.000000, 101.046, 36.1056
2900.000000, 101.043, 34.5702
2950.000000, 101.007, 32.8446
3000.000000, 100.921, 30.9977
3040.000000, 100.809, 29.5103
3070.000000, 100.697, 28.4446
3110.000000, 100.514, 27.1644
3150.000000, 100.302, 26.1260
3200.000000, 100.024, 25.2397
3250.000000, 99.771, 24.7415
3300.000000, 99.572, 24.3523
3350.000000, 99.418, 23.6970
3400.000000, 99.256, 22.5082
3450.000000, 99.013, 20.8385
3500.000000, 98.627, 19.1344
3550.000000, 98.092, 18.0681
3600.000000, 97.477, 18.1902
3650.000000, 96.890, 19.5719
3700.000000, 96.419, 21.7762
3750.000000, 96.078, 24.1721
3820.000000, 95.731, 27.0814
3870.000000, 95.491, 28.8180
3950.000000, 95.026, 31.7434
4000.000000, 94.702, 34.1608
4060.000000, 94.347, 37.9674
4120.000000, 94.112, 42.6960
4180.000000, 94.067, 47.9364
4250.000000, 94.279, 53.9067
4310.000000, 94.651, 58.3070
4370.000000, 95.137, 61.7138
4440.000000, 95.773, 64.3081
4500.000000, 96.324, 65.3964
4550.000000, 96.759, 65.5859
4620.000000, 97.299, 64.9345
4680.000000, 97.677, 63.7024
4750.000000, 97.999, 61.7190
4820.000000, 98.187, 59.4117
4870.000000, 98.239, 57.7163
4940.000000, 98.208, 55.4474
5000.000000, 98.096, 53.7286
5080.000000, 97.851, 51.9227
5150.000000, 97.574, 50.8922
5220.000000, 97.263, 50.4127
5300.000000, 96.897, 50.5248
5380.000000, 96.547, 51.2726
5450.000000, 96.272, 52.3636
5520.000000, 96.037, 53.7790
5600.000000, 95.823, 55.6884
5700.000000, 95.641, 58.3319
5800.000000, 95.545, 61.1279
5900.000000, 95.535, 64.0119
6000.000000, 95.615, 66.8356
6080.000000, 95.736, 68.9730
6150.000000, 95.884, 70.7403
6220.000000, 96.073, 72.3629
6300.000000, 96.331, 73.9711
6400.000000, 96.702, 75.4958
6500.000000, 97.088, 76.4077
6600.000000, 97.438, 76.9103
6700.000000, 97.771, 77.7386
6800.000000, 98.310, 79.1688
6900.000000, 99.172, 78.9975
7000.000000, 99.987, 75.7511
7100.000000, 100.477, 70.9518
7200.000000, 100.671, 66.1293
7300.000000, 100.667, 61.9305
7400.000000, 100.550, 58.5214
7500.000000, 100.380, 55.8983
7620.000000, 100.191, 53.6654
7750.000000, 100.080, 52.0159
7880.000000, 100.020, 50.5920
8000.000000, 100.022, 48.9331
8120.000000, 100.063, 46.5158
8250.000000, 100.067, 42.7586
8380.000000, 99.913, 37.9184
8500.000000, 99.539, 32.9887
8620.000000, 98.908, 28.3773
8750.000000, 97.972, 24.5781
8850.000000, 97.143, 22.8541
9000.000000, 95.874, 22.3220
9120.000000, 94.943, 23.3098
9250.000000, 94.073, 25.1199
9380.000000, 93.325, 27.1695
9500.000000, 92.704, 29.0547
9620.000000, 92.114, 30.8757
9750.000000, 91.481, 32.8488
9880.000000, 90.834, 35.0186
10000.000000, 90.221, 37.3926
10150.000000, 89.458, 41.0741
10300.000000, 88.744, 45.6427
10440.000000, 88.167, 50.6402
10600.000000, 87.662, 56.9917
10750.000000, 87.371, 63.2604
10900.000000, 87.278, 69.4706
11060.000000, 87.409, 75.5622
11200.000000, 87.722, 79.9249
11380.000000, 88.328, 83.0377
11500.000000, 88.733, 82.9803
11720.000000, 89.071, 78.7099
11800.000000, 88.967, 76.3147
12060.000000, 87.644, 69.5328
12200.000000, 86.463, 68.5440
12410.000000, 84.542, 71.3986
12500.000000, 83.760, 73.7946
12650.000000, 82.548, 78.6618
12800.000000, 81.421, 84.1321
13150.000000, 78.676, 100.2700
13200.000000, 78.272, 103.7813
13400.000000, 77.152, 122.4039
13600.000000, 77.222, 138.6861
13800.000000, 77.345, 148.4077
14000.000000, 77.094, 158.3859
14300.000000, 77.012, -179.0485
14500.000000, 78.171, -161.7702
14750.000000, 80.305, -151.1761
15000.000000, 81.772, -147.3844
15250.000000, 83.158, -143.0511
15500.000000, 85.034, -141.6067
15750.000000, 86.943, -147.6102
16000.000000, 87.998, -161.4830
16250.000000, 87.439, -179.1862
16500.000000, 85.072, 166.6984
16750.000000, 81.514, 162.3471
17000.000000, 77.757, 168.7862
17250.000000, 74.549, -177.1416
17500.000000, 72.154, -158.9420
17750.000000, 70.571, -139.0332
18000.000000, 69.703, -119.4584
18250.000000, 69.345, -101.9015
18500.000000, 69.243, -86.8277
18750.000000, 69.205, -73.8922
19000.000000, 69.125, -62.7667
19250.000000, 68.908, -53.0455
19500.000000, 68.442, -44.7344
19750.000000, 67.628, -37.1941
20000.000000, 66.302, -29.5160
20300.000000, 63.955, -17.5533
20600.000000, 61.120, 2.9340
20900.000000, 59.345, 45.3396
21200.000000, 59.715, 95.0397
21400.000000, 59.795, 113.4084
21800.000000, 58.001, 142.5469
22000.000000, 56.469, 83.5948
22400.000000, 52.912, 145.5208
22700.000000, 50.061, 140.1120
23000.000000, 46.745, 147.4576
23300.000000, 43.886, 145.3996
23600.000000, 45.156, 153.9724
24000.000000, 49.110, -155.5371
