* Measurement data measured by REW V5.31.3
* Source: E2x2, MICROPHONE (Analogue 1), 1, volume: 1.000. Timing signal peak level -34.3 dBFS, measurement signal peak level -32.4 dBFS
* Format: 512k Log Swept Sine, 1 sweep at -38.5 dBFS using an acoustic timing reference
* Dated: May 4, 2025 11:58:43 AM
* REW Settings:
*  C-weighting compensation: Off
*  Target level: 75.0 dB
* Note: ; Fosi DS1 4.4mm + E2x2 MacBook Delay 0.0190 ms (6.5 mm, 0.26 in) using estimated IR delay relative to Acoustic reference played from SPEAKER L with no timing offset Clock adjustment: -29.6 ppm
* Measurement: Velvet L
* Smoothing: 1/24 octave
* Frequency Step: 1/48 octave
* Start Frequency: 1.000 Hz
*
* Freq(Hz), SPL(dB), Phase(degrees)
1.000000, 71.480, -173.4665
1.015000, 71.615, -174.3877
1.030000, 71.751, -175.2742
1.044000, 71.879, -176.0789
1.060000, 72.024, -176.9811
1.075000, 72.159, -177.8177
1.090000, 72.292, -178.6509
1.106000, 72.435, -179.5304
1.120000, 72.563, 179.7268
1.138000, 72.737, 178.8277
1.150000, 72.857, 178.2672
1.172000, 73.087, 177.2333
1.180000, 73.173, 176.7919
1.206000, 73.462, 175.4636
1.220000, 73.622, 174.8093
1.241000, 73.868, 173.9033
1.250000, 73.975, 173.5412
1.265000, 74.154, 172.9706
1.280000, 74.335, 172.4383
1.315000, 74.762, 171.3288
1.320000, 74.823, 171.1838
1.340000, 75.067, 170.6331
1.360000, 75.309, 170.1283
1.380000, 75.548, 169.5305
1.400000, 75.783, 168.9127
1.430000, 76.124, 168.0280
1.450000, 76.344, 167.4584
1.475000, 76.609, 166.7694
1.500000, 76.868, 166.1253
1.525000, 77.123, 165.5376
1.550000, 77.376, 165.0068
1.575000, 77.626, 164.4585
1.600000, 77.873, 163.8313
1.625000, 78.117, 163.2507
1.650000, 78.358, 162.7111
1.675000, 78.597, 162.2072
1.700000, 78.833, 161.7336
1.725000, 79.067, 161.2847
1.750000, 79.297, 160.8558
1.775000, 79.526, 160.3885
1.800000, 79.751, 159.8271
1.825000, 79.975, 159.2747
1.850000, 80.195, 158.7304
1.875000, 80.413, 158.2021
1.900000, 80.628, 157.6947
1.925000, 80.840, 157.2103
1.950000, 81.050, 156.7511
1.975000, 81.257, 156.2660
2.000000, 81.461, 155.7057
2.030000, 81.704, 155.0675
2.060000, 81.942, 154.4582
2.090000, 82.177, 153.8744
2.120000, 82.409, 153.3124
2.140000, 82.562, 152.9478
2.180000, 82.863, 152.1853
2.200000, 83.012, 151.7621
2.240000, 83.305, 150.9286
2.270000, 83.520, 150.3180
2.300000, 83.732, 149.7234
2.330000, 83.940, 149.1473
2.360000, 84.145, 148.5899
2.400000, 84.414, 147.7591
2.430000, 84.612, 147.1427
2.470000, 84.871, 146.3507
2.500000, 85.063, 145.7774
2.540000, 85.314, 145.0372
2.580000, 85.561, 144.2773
2.620000, 85.803, 143.4470
2.650000, 85.982, 142.8344
2.690000, 86.215, 142.0332
2.720000, 86.386, 141.4467
2.760000, 86.611, 140.6902
2.800000, 86.831, 139.8720
2.850000, 87.100, 138.8752
2.900000, 87.362, 137.9221
2.950000, 87.618, 137.0032
3.000000, 87.867, 136.0298
3.040000, 88.061, 135.2360
3.070000, 88.204, 134.6500
3.110000, 88.390, 133.8845
3.150000, 88.572, 133.1401
3.200000, 88.795, 132.1858
3.250000, 89.013, 131.2441
3.300000, 89.226, 130.3397
3.350000, 89.433, 129.4595
3.400000, 89.634, 128.5345
3.450000, 89.830, 127.6031
3.500000, 90.021, 126.6968
3.550000, 90.206, 125.8226
3.600000, 90.388, 124.9375
3.650000, 90.566, 124.0691
3.700000, 90.739, 123.2285
3.750000, 90.907, 122.4036
3.820000, 91.136, 121.2132
3.870000, 91.294, 120.3745
3.950000, 91.540, 119.0885
4.000000, 91.689, 118.2902
4.060000, 91.865, 117.3502
4.120000, 92.035, 116.4359
4.180000, 92.201, 115.5328
4.250000, 92.389, 114.4615
4.310000, 92.545, 113.5788
4.370000, 92.699, 112.7257
4.440000, 92.874, 111.7259
4.500000, 93.019, 110.8919
4.550000, 93.138, 110.2134
4.620000, 93.300, 109.2523
4.680000, 93.437, 108.4467
4.750000, 93.592, 107.5410
4.820000, 93.745, 106.6340
4.870000, 93.852, 105.9952
4.940000, 93.998, 105.1229
5.000000, 94.121, 104.3760
5.080000, 94.281, 103.3940
5.150000, 94.418, 102.5632
5.220000, 94.552, 101.7288
5.300000, 94.701, 100.7900
5.380000, 94.846, 99.8736
5.450000, 94.971, 99.0697
5.520000, 95.092, 98.2882
5.600000, 95.228, 97.4026
5.700000, 95.393, 96.3019
5.800000, 95.553, 95.2280
5.900000, 95.708, 94.1686
6.000000, 95.858, 93.1300
6.080000, 95.974, 92.3027
6.150000, 96.073, 91.5985
6.220000, 96.170, 90.8954
6.300000, 96.278, 90.1073
6.400000, 96.408, 89.1386
6.500000, 96.535, 88.1815
6.600000, 96.658, 87.2509
6.700000, 96.776, 86.3338
6.800000, 96.891, 85.4373
6.900000, 97.003, 84.5540
7.000000, 97.112, 83.6946
7.100000, 97.218, 82.8481
7.200000, 97.321, 82.0211
7.300000, 97.421, 81.2065
7.400000, 97.519, 80.4111
7.500000, 97.615, 79.6255
7.620000, 97.727, 78.7036
7.750000, 97.846, 77.7280
7.880000, 97.960, 76.7657
8.000000, 98.063, 75.8988
8.120000, 98.164, 75.0450
8.250000, 98.269, 74.1353
8.380000, 98.371, 73.2443
8.500000, 98.463, 72.4337
8.620000, 98.552, 71.6370
8.750000, 98.646, 70.7890
8.850000, 98.716, 70.1459
9.000000, 98.818, 69.2017
9.120000, 98.896, 68.4595
9.250000, 98.980, 67.6702
9.380000, 99.061, 66.8980
9.500000, 99.134, 66.1949
9.620000, 99.206, 65.5062
9.750000, 99.280, 64.7731
9.880000, 99.346, 64.0512
10.000000, 99.395, 63.3998
10.150000, 99.444, 62.5757
10.300000, 99.485, 61.7741
10.440000, 99.516, 61.0453
10.600000, 99.550, 60.2343
10.750000, 99.582, 59.4944
10.900000, 99.614, 58.7733
11.060000, 99.647, 58.0078
11.200000, 99.675, 57.3301
11.380000, 99.709, 56.4820
11.500000, 99.730, 55.9309
11.720000, 99.767, 54.9500
11.800000, 99.781, 54.6028
12.060000, 99.829, 53.4954
12.200000, 99.855, 52.8974
12.410000, 99.896, 52.0274
12.500000, 99.913, 51.6643
12.650000, 99.940, 51.0718
12.800000, 99.967, 50.4943
13.150000, 100.027, 49.1758
13.200000, 100.035, 48.9883
13.400000, 100.071, 48.2512
13.600000, 100.107, 47.5334
13.800000, 100.144, 46.8329
14.000000, 100.180, 46.1457
14.300000, 100.232, 45.1073
14.500000, 100.264, 44.4312
14.750000, 100.303, 43.6065
15.000000, 100.341, 42.8044
15.250000, 100.381, 42.0021
15.500000, 100.421, 41.2247
15.750000, 100.459, 40.4733
16.000000, 100.496, 39.7457
16.250000, 100.532, 39.0185
16.500000, 100.567, 38.3096
16.750000, 100.602, 37.6173
17.000000, 100.637, 36.9379
17.250000, 100.672, 36.2568
17.500000, 100.705, 35.5883
17.750000, 100.737, 34.9348
18.000000, 100.767, 34.2956
18.250000, 100.796, 33.6595
18.500000, 100.824, 33.0381
18.750000, 100.851, 32.4322
19.000000, 100.878, 31.8406
19.250000, 100.905, 31.2491
19.500000, 100.932, 30.6697
19.750000, 100.959, 30.1024
20.000000, 100.984, 29.5466
20.299999, 101.013, 28.8808
20.600000, 101.041, 28.2310
20.900000, 101.068, 27.5966
21.200001, 101.093, 26.9680
21.400000, 101.109, 26.5535
21.799999, 101.139, 25.7411
22.000000, 101.153, 25.3423
22.400000, 101.180, 24.5490
22.700001, 101.199, 23.9681
23.000000, 101.216, 23.3994
23.299999, 101.233, 22.8362
23.600000, 101.249, 22.2841
24.000000, 101.270, 21.5643
24.299999, 101.286, 21.0291
24.700001, 101.305, 20.3300
25.000000, 101.319, 19.8171
25.400000, 101.337, 19.1392
25.799999, 101.353, 18.4771
26.200001, 101.368, 17.8240
26.500000, 101.379, 17.3390
26.900000, 101.392, 16.7039
27.200001, 101.402, 16.2334
27.600000, 101.413, 15.6169
28.000000, 101.424, 15.0155
28.500000, 101.436, 14.2752
29.000000, 101.447, 13.5502
29.500000, 101.457, 12.8331
30.000000, 101.464, 12.1322
30.400000, 101.468, 11.5801
30.700001, 101.469, 11.1736
31.100000, 101.471, 10.6399
31.500000, 101.472, 10.1119
32.000000, 101.472, 9.4651
32.500000, 101.471, 8.8278
33.000000, 101.469, 8.2044
33.500000, 101.465, 7.5911
34.000000, 101.462, 6.9921
34.500000, 101.460, 6.4045
35.000000, 101.458, 5.8286
35.500000, 101.456, 5.2574
36.000000, 101.453, 4.6927
36.500000, 101.449, 4.1343
37.000000, 101.443, 3.5881
37.500000, 101.436, 3.0514
38.200001, 101.425, 2.3136
38.700001, 101.416, 1.7932
39.500000, 101.399, 0.9788
40.000000, 101.388, 0.4852
40.599998, 101.374, -0.0983
41.200001, 101.360, -0.6744
41.799999, 101.345, -1.2438
42.500000, 101.327, -1.8951
43.099998, 101.313, -2.4396
43.700001, 101.298, -2.9752
44.400002, 101.281, -3.5907
45.000000, 101.265, -4.1103
45.500000, 101.250, -4.5376
46.200001, 101.229, -5.1237
46.799999, 101.211, -5.6155
47.500000, 101.189, -6.1775
48.200001, 101.166, -6.7281
48.700001, 101.150, -7.1165
49.400002, 101.127, -7.6546
50.000000, 101.106, -8.1091
50.799999, 101.077, -8.7038
51.500000, 101.052, -9.2145
52.200001, 101.025, -9.7181
53.000000, 100.994, -10.2839
53.799999, 100.962, -10.8376
54.500000, 100.931, -11.3115
55.200001, 100.900, -11.7748
56.000000, 100.864, -12.2929
57.000000, 100.819, -12.9288
58.000000, 100.773, -13.5486
59.000000, 100.726, -14.1554
60.000000, 100.679, -14.7535
60.799999, 100.640, -15.2191
61.500000, 100.606, -15.6171
62.200001, 100.573, -16.0090
63.000000, 100.534, -16.4496
64.000000, 100.485, -16.9885
65.000000, 100.435, -17.5117
66.000000, 100.385, -18.0249
67.000000, 100.334, -18.5270
68.000000, 100.282, -19.0188
69.000000, 100.229, -19.4990
70.000000, 100.175, -19.9650
71.000000, 100.121, -20.4204
72.000000, 100.067, -20.8664
73.000000, 100.013, -21.3013
74.000000, 99.958, -21.7253
75.000000, 99.903, -22.1370
76.199997, 99.836, -22.6210
77.500000, 99.764, -23.1307
78.800003, 99.691, -23.6206
80.000000, 99.623, -24.0593
81.199997, 99.555, -24.4850
82.500000, 99.482, -24.9344
83.800003, 99.409, -25.3672
85.000000, 99.342, -25.7557
86.199997, 99.275, -26.1340
87.500000, 99.202, -26.5255
88.500000, 99.147, -26.8173
90.000000, 99.064, -27.2471
91.199997, 98.998, -27.5823
92.500000, 98.926, -27.9341
93.800003, 98.853, -28.2737
95.000000, 98.786, -28.5740
96.199997, 98.718, -28.8641
97.500000, 98.643, -29.1673
98.800003, 98.569, -29.4600
100.000000, 98.500, -29.7222
101.500000, 98.415, -30.0372
103.000000, 98.329, -30.3376
104.400002, 98.250, -30.6071
106.000000, 98.160, -30.8990
107.500000, 98.075, -31.1614
109.000000, 97.990, -31.4108
110.599998, 97.898, -31.6619
112.000000, 97.819, -31.8693
113.800003, 97.718, -32.1252
115.000000, 97.651, -32.2892
117.199997, 97.529, -32.5731
118.000000, 97.484, -32.6687
120.599998, 97.343, -32.9584
122.000000, 97.269, -33.1019
124.099998, 97.159, -33.2989
125.000000, 97.113, -33.3773
126.500000, 97.035, -33.5016
128.000000, 96.958, -33.6174
131.500000, 96.781, -33.8488
132.000000, 96.756, -33.8776
134.000000, 96.656, -33.9846
136.000000, 96.559, -34.0810
138.000000, 96.463, -34.1576
140.000000, 96.371, -34.2163
143.000000, 96.235, -34.2817
145.000000, 96.145, -34.3129
147.500000, 96.034, -34.3362
150.000000, 95.923, -34.3427
152.500000, 95.812, -34.3267
155.000000, 95.703, -34.2958
157.500000, 95.593, -34.2515
160.000000, 95.484, -34.1890
162.500000, 95.376, -34.1077
165.000000, 95.271, -34.0093
167.500000, 95.167, -33.8940
170.000000, 95.062, -33.7585
172.500000, 94.956, -33.6016
175.000000, 94.851, -33.4315
177.500000, 94.747, -33.2439
180.000000, 94.645, -33.0259
182.500000, 94.544, -32.7726
185.000000, 94.443, -32.4823
187.500000, 94.347, -32.1587
190.000000, 94.262, -31.7844
192.500000, 94.193, -31.3690
195.000000, 94.139, -30.9673
197.500000, 94.094, -30.6522
200.000000, 94.051, -30.4656
203.000000, 93.990, -30.3336
206.000000, 93.917, -30.1973
209.000000, 93.835, -30.0189
212.000000, 93.751, -29.8005
214.000000, 93.695, -29.6362
218.000000, 93.583, -29.2676
220.000000, 93.529, -29.0674
224.000000, 93.425, -28.6364
227.000000, 93.351, -28.2965
230.000000, 93.280, -27.9466
233.000000, 93.211, -27.5873
236.000000, 93.145, -27.2262
240.000000, 93.062, -26.7402
243.000000, 93.002, -26.3718
247.000000, 92.926, -25.8743
250.000000, 92.872, -25.4942
254.000000, 92.804, -24.9891
258.000000, 92.739, -24.4845
262.000000, 92.677, -23.9803
265.000000, 92.634, -23.6003
269.000000, 92.580, -23.0931
272.000000, 92.543, -22.7131
276.000000, 92.497, -22.2090
280.000000, 92.455, -21.7113
285.000000, 92.406, -21.0988
290.000000, 92.361, -20.4925
295.000000, 92.318, -19.8942
300.000000, 92.280, -19.2969
304.000000, 92.253, -18.8232
307.000000, 92.234, -18.4705
311.000000, 92.212, -18.0069
315.000000, 92.191, -17.5460
320.000000, 92.168, -16.9761
325.000000, 92.148, -16.4137
330.000000, 92.131, -15.8508
335.000000, 92.120, -15.2906
340.000000, 92.112, -14.7476
345.000000, 92.107, -14.2382
350.000000, 92.103, -13.7697
355.000000, 92.099, -13.3283
360.000000, 92.093, -12.9034
365.000000, 92.086, -12.4812
370.000000, 92.080, -12.0587
375.000000, 92.075, -11.6405
382.000000, 92.071, -11.0684
387.000000, 92.069, -10.6723
395.000000, 92.067, -10.0633
400.000000, 92.067, -9.6904
406.000000, 92.067, -9.2557
412.000000, 92.069, -8.8391
418.000000, 92.072, -8.4362
425.000000, 92.074, -7.9851
431.000000, 92.077, -7.6090
437.000000, 92.079, -7.2384
444.000000, 92.081, -6.8163
450.000000, 92.083, -6.4586
455.000000, 92.085, -6.1649
462.000000, 92.089, -5.7600
468.000000, 92.092, -5.4169
475.000000, 92.097, -5.0219
482.000000, 92.103, -4.6346
487.000000, 92.109, -4.3624
494.000000, 92.119, -3.9847
500.000000, 92.127, -3.6587
508.000000, 92.140, -3.2288
515.000000, 92.152, -2.8657
522.000000, 92.165, -2.5187
530.000000, 92.181, -2.1316
538.000000, 92.197, -1.7521
545.000000, 92.212, -1.4247
552.000000, 92.226, -1.1050
560.000000, 92.243, -0.7444
570.000000, 92.264, -0.2980
580.000000, 92.285, 0.1425
590.000000, 92.307, 0.5790
600.000000, 92.328, 1.0153
608.000000, 92.343, 1.3655
615.000000, 92.355, 1.6700
622.000000, 92.366, 1.9753
630.000000, 92.380, 2.3220
640.000000, 92.398, 2.7562
650.000000, 92.417, 3.1906
660.000000, 92.438, 3.6287
670.000000, 92.460, 4.0622
680.000000, 92.485, 4.4943
690.000000, 92.512, 4.9251
700.000000, 92.541, 5.3544
710.000000, 92.571, 5.7791
720.000000, 92.602, 6.1938
730.000000, 92.634, 6.6057
740.000000, 92.667, 7.0208
750.000000, 92.701, 7.4343
762.000000, 92.743, 7.9299
775.000000, 92.790, 8.4707
788.000000, 92.839, 9.0201
800.000000, 92.888, 9.5325
812.000000, 92.943, 10.0435
825.000000, 93.011, 10.5791
838.000000, 93.087, 11.0857
850.000000, 93.161, 11.5057
862.000000, 93.236, 11.8673
875.000000, 93.316, 12.2114
885.000000, 93.375, 12.4535
900.000000, 93.462, 12.7880
912.000000, 93.530, 13.0401
925.000000, 93.603, 13.3071
938.000000, 93.676, 13.5652
950.000000, 93.744, 13.7921
962.000000, 93.810, 14.0042
975.000000, 93.881, 14.2183
988.000000, 93.952, 14.4143
1000.000000, 94.018, 14.5780
1015.000000, 94.100, 14.7635
1030.000000, 94.182, 14.9271
1044.000000, 94.258, 15.0590
1060.000000, 94.344, 15.1858
1075.000000, 94.424, 15.2823
1090.000000, 94.509, 15.3570
1106.000000, 94.608, 15.4175
1120.000000, 94.697, 15.4529
1138.000000, 94.810, 15.4752
1150.000000, 94.884, 15.4756
1172.000000, 95.016, 15.4559
1180.000000, 95.063, 15.4458
1206.000000, 95.215, 15.3844
1220.000000, 95.298, 15.3392
1241.000000, 95.424, 15.2600
1250.000000, 95.477, 15.2214
1265.000000, 95.565, 15.1534
1280.000000, 95.651, 15.0792
1315.000000, 95.848, 14.8857
1320.000000, 95.875, 14.8555
1340.000000, 95.976, 14.7310
1360.000000, 96.056, 14.6028
1380.000000, 96.134, 14.4734
1400.000000, 96.225, 14.3391
1430.000000, 96.368, 14.1287
1450.000000, 96.463, 13.9832
1475.000000, 96.579, 13.8008
1500.000000, 96.695, 13.6163
1525.000000, 96.808, 13.4244
1550.000000, 96.916, 13.2264
1575.000000, 97.021, 13.0245
1600.000000, 97.126, 12.8156
1625.000000, 97.232, 12.6010
1650.000000, 97.337, 12.3821
1675.000000, 97.443, 12.1527
1700.000000, 97.549, 11.9146
1725.000000, 97.656, 11.6721
1750.000000, 97.762, 11.4214
1775.000000, 97.870, 11.1598
1800.000000, 97.978, 10.8870
1825.000000, 98.088, 10.5988
1850.000000, 98.200, 10.2959
1875.000000, 98.315, 9.9737
1900.000000, 98.431, 9.6288
1925.000000, 98.548, 9.2628
1950.000000, 98.667, 8.8719
1975.000000, 98.788, 8.4516
2000.000000, 98.910, 7.9948
2030.000000, 99.058, 7.4001
2060.000000, 99.208, 6.7511
2090.000000, 99.359, 6.0442
2120.000000, 99.511, 5.2721
2140.000000, 99.612, 4.7173
2180.000000, 99.813, 3.5035
2200.000000, 99.910, 2.8396
2240.000000, 100.094, 1.3938
2270.000000, 100.224, 0.2086
2300.000000, 100.343, -1.0571
2330.000000, 100.451, -2.3911
2360.000000, 100.544, -3.7789
2400.000000, 100.646, -5.6903
2430.000000, 100.706, -7.1548
2470.000000, 100.762, -9.1218
2500.000000, 100.787, -10.5925
2540.000000, 100.798, -12.5244
2580.000000, 100.789, -14.4023
2620.000000, 100.762, -16.2137
2650.000000, 100.732, -17.5204
2690.000000, 100.680, -19.1890
2720.000000, 100.635, -20.3860
2760.000000, 100.567, -21.9140
2800.000000, 100.494, -23.3611
2850.000000, 100.399, -25.0677
2900.000000, 100.306, -26.6832
2950.000000, 100.215, -28.2310
3000.000000, 100.130, -29.7439
3040.000000, 100.063, -30.9496
3070.000000, 100.014, -31.8511
3110.000000, 99.949, -33.0433
3150.000000, 99.887, -34.2214
3200.000000, 99.822, -35.7059
3250.000000, 99.779, -37.3054
3300.000000, 99.754, -39.1992
3350.000000, 99.719, -41.5736
3400.000000, 99.625, -44.5081
3450.000000, 99.411, -47.8295
3500.000000, 99.032, -51.0427
3550.000000, 98.495, -53.4753
3600.000000, 97.880, -54.6034
3650.000000, 97.306, -54.4068
3700.000000, 96.860, -53.3990
3750.000000, 96.558, -52.2798
3820.000000, 96.265, -51.3246
3870.000000, 96.055, -51.0900
3950.000000, 95.614, -50.7352
4000.000000, 95.280, -50.0120
4060.000000, 94.881, -48.2691
4120.000000, 94.564, -45.5576
4180.000000, 94.399, -42.1741
4250.000000, 94.439, -38.0002
4310.000000, 94.665, -34.7769
4370.000000, 95.026, -32.2809
4440.000000, 95.556, -30.5458
4500.000000, 96.050, -30.1156
4550.000000, 96.461, -30.4708
4620.000000, 96.998, -31.9380
4680.000000, 97.396, -33.9591
4750.000000, 97.764, -37.0059
4820.000000, 98.012, -40.5682
4870.000000, 98.112, -43.2936
4940.000000, 98.143, -47.1907
5000.000000, 98.075, -50.4600
5080.000000, 97.866, -54.5032
5150.000000, 97.595, -57.5985
5220.000000, 97.266, -60.2057
5300.000000, 96.850, -62.5742
5380.000000, 96.417, -64.3191
5450.000000, 96.039, -65.3723
5520.000000, 95.676, -66.0272
5600.000000, 95.289, -66.3574
5700.000000, 94.860, -66.2935
5800.000000, 94.490, -65.8309
5900.000000, 94.181, -65.0223
6000.000000, 93.941, -63.9751
6080.000000, 93.796, -63.0367
6150.000000, 93.705, -62.1543
6220.000000, 93.645, -61.2471
6300.000000, 93.614, -60.2211
6400.000000, 93.617, -59.0084
6500.000000, 93.640, -57.8684
6600.000000, 93.650, -56.5198
6700.000000, 93.685, -54.1079
6800.000000, 94.007, -50.1754
6900.000000, 94.814, -47.1217
7000.000000, 95.784, -46.9887
7100.000000, 96.648, -48.6624
7200.000000, 97.422, -51.0751
7300.000000, 98.154, -54.0682
7400.000000, 98.846, -57.7818
7500.000000, 99.468, -62.2692
7620.000000, 100.087, -68.4882
7750.000000, 100.559, -75.7590
7880.000000, 100.746, -82.9290
8000.000000, 100.738, -88.9711
8120.000000, 100.658, -94.2383
8250.000000, 100.588, -99.1736
8380.000000, 100.609, -103.7443
8500.000000, 100.733, -108.2495
8620.000000, 100.916, -113.6292
8750.000000, 101.067, -120.9182
8850.000000, 101.050, -127.5292
9000.000000, 100.665, -138.0988
9120.000000, 100.056, -146.0533
9250.000000, 99.199, -153.6053
9380.000000, 98.207, -159.9742
9500.000000, 97.221, -164.7424
9620.000000, 96.222, -168.5479
9750.000000, 95.159, -171.8613
9880.000000, 94.118, -174.5919
10000.000000, 93.153, -176.6806
10150.000000, 91.916, -178.6138
10300.000000, 90.646, -179.5786
10440.000000, 89.455, -179.4513
10600.000000, 88.129, -178.0616
10750.000000, 86.963, -175.6491
10900.000000, 85.899, -172.3226
11060.000000, 84.901, -167.9362
11200.000000, 84.163, -163.5076
11380.000000, 83.430, -157.4846
11500.000000, 83.062, -153.5778
11720.000000, 82.587, -146.8875
11800.000000, 82.467, -144.7184
12060.000000, 82.142, -138.9717
12200.000000, 81.947, -136.3528
12410.000000, 81.626, -132.8866
12500.000000, 81.458, -131.6367
12650.000000, 81.102, -129.6722
12800.000000, 80.630, -127.4998
13150.000000, 79.052, -118.0205
13200.000000, 78.824, -115.3462
13400.000000, 78.531, -100.4357
13600.000000, 79.462, -89.2327
13800.000000, 80.346, -85.9145
14000.000000, 80.712, -84.2692
14300.000000, 80.803, -77.0464
14500.000000, 81.515, -68.1982
14750.000000, 83.107, -63.8082
15000.000000, 84.161, -64.7806
15250.000000, 85.078, -64.7988
15500.000000, 86.307, -66.4464
15750.000000, 87.515, -72.8940
16000.000000, 88.027, -84.0284
16250.000000, 87.389, -95.8168
16500.000000, 85.779, -102.9282
16750.000000, 83.838, -102.9816
17000.000000, 82.164, -97.0656
17250.000000, 81.043, -87.7273
17500.000000, 80.526, -76.9052
17750.000000, 80.600, -66.0629
18000.000000, 81.175, -56.7058
18250.000000, 82.074, -50.0292
18500.000000, 83.094, -46.3980
18750.000000, 84.053, -45.7938
19000.000000, 84.767, -47.9979
19250.000000, 85.055, -52.0294
19500.000000, 84.828, -56.6244
19750.000000, 84.168, -60.0460
20000.000000, 83.193, -61.5246
20300.000000, 81.866, -60.6526
20600.000000, 80.647, -57.5378
20900.000000, 79.455, -53.2564
21200.000000, 77.662, -50.4320
21400.000000, 75.649, -47.4705
21800.000000, 69.616, -25.9564
22000.000000, 66.060, -84.6080
22400.000000, 58.979, -22.6262
22700.000000, 54.039, -20.8136
23000.000000, 49.047, -5.1883
23300.000000, 43.612, -1.6455
23600.000000, 40.036, 3.8271
24000.000000, 41.799, 51.2645
