* Measurement data measured by REW V5.31.3
* Source: E2x2, MICROPHONE (Analogue 1), 1, volume: 1.000. Timing signal peak level -33.8 dBFS, measurement signal peak level -30.2 dBFS
* Format: 512k Log Swept Sine, 1 sweep at -30.0 dBFS using an acoustic timing reference
* Dated: Apr 19, 2025 4:50:04 PM
* REW Settings:
*  C-weighting compensation: Off
*  Target level: 75.0 dB
* Note: ; Fosi DS1 + E2x2 MacBook Delay -0.0280 ms (-9.6 mm, -0.38 in) using estimated IR delay relative to Acoustic reference played from SPEAKER R with no timing offset Clock adjustment: -28.9 ppm
* Measurement: R
* Smoothing: 1/24 octave
* Frequency Step: 1/48 octave
* Start Frequency: 1.000 Hz
*
* Freq(Hz), SPL(dB), Phase(degrees)
1.000000, 62.930, -163.8888
1.015000, 62.548, -163.1551
1.030000, 62.164, -162.3687
1.044000, 61.804, -161.5802
1.060000, 61.391, -160.6059
1.075000, 61.003, -159.6124
1.090000, 60.613, -158.5344
1.106000, 60.187, -157.3022
1.120000, 59.791, -156.1855
1.138000, 59.243, -154.7165
1.150000, 58.854, -153.7135
1.172000, 58.103, -151.9006
1.180000, 57.819, -151.3088
1.206000, 56.870, -149.2569
1.220000, 56.347, -148.0576
1.241000, 55.558, -146.0998
1.250000, 55.220, -145.1915
1.265000, 54.662, -143.5683
1.280000, 54.113, -141.7863
1.315000, 52.894, -136.8471
1.320000, 52.730, -136.0340
1.340000, 52.102, -132.4542
1.360000, 51.532, -128.2746
1.380000, 51.030, -123.5336
1.400000, 50.606, -118.0812
1.430000, 50.144, -108.4700
1.450000, 49.966, -101.2652
1.475000, 49.909, -91.7108
1.500000, 50.037, -81.8734
1.525000, 50.334, -72.2392
1.550000, 50.780, -63.3311
1.575000, 51.350, -55.5476
1.600000, 52.023, -49.0479
1.625000, 52.775, -43.6499
1.650000, 53.584, -39.2285
1.675000, 54.429, -35.6404
1.700000, 55.285, -32.7529
1.725000, 56.133, -30.4539
1.750000, 56.948, -28.6524
1.775000, 57.711, -27.3297
1.800000, 58.400, -26.4788
1.825000, 59.005, -25.9325
1.850000, 59.542, -25.5889
1.875000, 60.047, -25.3334
1.900000, 60.534, -25.1255
1.925000, 61.006, -24.9579
1.950000, 61.462, -24.8281
1.975000, 61.903, -24.7876
2.000000, 62.331, -24.8866
2.030000, 62.826, -25.0579
2.060000, 63.301, -25.2972
2.090000, 63.759, -25.6116
2.120000, 64.200, -26.0088
2.140000, 64.485, -26.3240
2.180000, 65.033, -27.1395
2.200000, 65.296, -27.6646
2.240000, 65.794, -28.8227
2.270000, 66.142, -29.7489
2.300000, 66.469, -30.6971
2.330000, 66.777, -31.6515
2.360000, 67.069, -32.6031
2.400000, 67.435, -33.9780
2.430000, 67.695, -35.0162
2.470000, 68.026, -36.3943
2.500000, 68.265, -37.4320
2.540000, 68.575, -38.8412
2.580000, 68.875, -40.3612
2.620000, 69.159, -42.0798
2.650000, 69.360, -43.4308
2.690000, 69.612, -45.2776
2.720000, 69.790, -46.6733
2.760000, 70.014, -48.5196
2.800000, 70.223, -50.4240
2.850000, 70.465, -52.7612
2.900000, 70.690, -55.0425
2.950000, 70.897, -57.3445
3.000000, 71.085, -59.8796
3.040000, 71.219, -62.0493
3.070000, 71.312, -63.7157
3.110000, 71.424, -65.9556
3.150000, 71.524, -68.1844
3.200000, 71.633, -70.9704
3.250000, 71.724, -73.6922
3.300000, 71.799, -76.3510
3.350000, 71.857, -79.1011
3.400000, 71.897, -82.0963
3.450000, 71.919, -85.2508
3.500000, 71.924, -88.4582
3.550000, 71.911, -91.6392
3.600000, 71.880, -94.7756
3.650000, 71.832, -97.8190
3.700000, 71.767, -100.8622
3.750000, 71.686, -104.0735
3.820000, 71.544, -108.9279
3.870000, 71.421, -112.5244
3.950000, 71.183, -118.2328
4.000000, 71.008, -121.6857
4.060000, 70.774, -125.7432
4.120000, 70.516, -129.9810
4.180000, 70.233, -134.5176
4.250000, 69.862, -140.1015
4.310000, 69.500, -144.8933
4.370000, 69.093, -149.4997
4.440000, 68.579, -154.7191
4.500000, 68.121, -159.3862
4.550000, 67.715, -163.5231
4.620000, 67.068, -169.6575
4.680000, 66.397, -174.9943
4.750000, 65.416, 179.0814
4.820000, 64.111, 173.4289
4.870000, 62.958, 169.2134
4.940000, 61.155, 162.7189
5.000000, 59.608, 156.4770
5.080000, 57.873, 147.4608
5.150000, 56.907, 139.3332
5.220000, 56.440, 128.5741
5.300000, 56.387, 66.5671
5.380000, 56.795, -32.4894
5.450000, 57.537, -45.1512
5.520000, 58.712, -54.1183
5.600000, 60.652, -63.0126
5.700000, 63.538, -72.3110
5.800000, 66.227, -80.3231
5.900000, 68.266, -88.1749
6.000000, 69.775, -96.1570
6.080000, 70.758, -102.2453
6.150000, 71.527, -107.2402
6.220000, 72.252, -112.0690
6.300000, 73.025, -117.6182
6.400000, 73.877, -124.6045
6.500000, 74.618, -131.2606
6.600000, 75.274, -137.4891
6.700000, 75.847, -143.6810
6.800000, 76.333, -149.8585
6.900000, 76.741, -155.7014
7.000000, 77.078, -161.1722
7.100000, 77.341, -166.5988
7.200000, 77.534, -171.9093
7.300000, 77.659, -176.8371
7.400000, 77.717, 178.6052
7.500000, 77.709, 174.1948
7.620000, 77.619, 169.2691
7.750000, 77.428, 164.7457
7.880000, 77.139, 160.9263
8.000000, 76.822, 158.0678
8.120000, 76.479, 156.1354
8.250000, 76.083, 155.1706
8.380000, 75.753, 155.1651
8.500000, 75.581, 155.9589
8.620000, 75.538, 157.4629
8.750000, 75.648, 159.1786
8.850000, 75.865, 160.1715
9.000000, 76.381, 161.0472
9.120000, 76.866, 160.8840
9.250000, 77.401, 159.6389
9.380000, 77.935, 157.5164
9.500000, 78.381, 154.9264
9.620000, 78.756, 151.7248
9.750000, 79.082, 147.7089
9.880000, 79.307, 143.4002
10.000000, 79.417, 139.1608
10.150000, 79.424, 133.5368
10.300000, 79.285, 127.9712
10.440000, 79.025, 122.7725
10.600000, 78.569, 117.0843
10.750000, 77.985, 112.3227
10.900000, 77.251, 108.1798
11.060000, 76.293, 105.0400
11.200000, 75.322, 103.7770
11.380000, 74.073, 104.9229
11.500000, 73.313, 108.0132
11.720000, 72.512, 117.9348
11.800000, 72.564, 122.1588
12.060000, 73.726, 133.3411
12.200000, 74.662, 136.0958
12.410000, 76.150, 136.6237
12.500000, 76.721, 135.8464
12.650000, 77.557, 133.6260
12.800000, 78.251, 130.7224
13.150000, 79.339, 122.6969
13.200000, 79.441, 121.5372
13.400000, 79.730, 117.0289
13.600000, 79.858, 113.0068
13.800000, 79.857, 109.6796
14.000000, 79.769, 107.1953
14.300000, 79.567, 105.1368
14.500000, 79.450, 104.8195
14.750000, 79.378, 105.2794
15.000000, 79.409, 106.2822
15.250000, 79.528, 107.3835
15.500000, 79.694, 108.4130
15.750000, 79.879, 109.3246
16.000000, 80.070, 110.1495
16.250000, 80.273, 110.8566
16.500000, 80.492, 111.3945
16.750000, 80.721, 111.6549
17.000000, 80.941, 111.5659
17.250000, 81.127, 111.1443
17.500000, 81.262, 110.5208
17.750000, 81.347, 109.8798
18.000000, 81.403, 109.3596
18.250000, 81.471, 108.9874
18.500000, 81.590, 108.6355
18.750000, 81.781, 108.0180
19.000000, 82.032, 106.8252
19.250000, 82.295, 104.8214
19.500000, 82.505, 102.0286
19.750000, 82.602, 98.6410
20.000000, 82.538, 95.0371
20.299999, 82.212, 91.1812
20.600000, 81.636, 88.9895
20.900000, 80.964, 89.8381
21.200001, 80.566, 94.4615
21.400000, 80.686, 98.9330
21.799999, 81.928, 106.2713
22.000000, 82.826, 107.5345
22.400000, 84.540, 105.2344
22.700001, 85.504, 100.7673
23.000000, 86.117, 95.2496
23.299999, 86.380, 89.5878
23.600000, 86.320, 84.5342
24.000000, 85.838, 79.8816
24.299999, 85.301, 78.6342
24.700001, 84.635, 80.3258
25.000000, 84.370, 83.4692
25.400000, 84.438, 88.0395
25.799999, 84.816, 91.0357
26.200001, 85.227, 91.8589
26.500000, 85.441, 91.3723
26.900000, 85.526, 89.9855
27.200001, 85.431, 88.9350
27.600000, 85.149, 88.3031
28.000000, 84.852, 89.0237
28.500000, 84.776, 90.9284
29.000000, 85.059, 91.4197
29.500000, 85.331, 89.6171
30.000000, 85.377, 87.3485
30.400000, 85.390, 86.3409
30.700001, 85.503, 85.9043
31.100000, 85.796, 84.9044
31.500000, 86.081, 82.9854
32.000000, 86.171, 80.5548
32.500000, 86.105, 80.3937
33.000000, 86.399, 82.0413
33.500000, 87.026, 81.7548
34.000000, 87.317, 79.0256
34.500000, 86.991, 77.8079
35.000000, 86.731, 81.3455
35.500000, 87.355, 84.9232
36.000000, 88.154, 82.4005
36.500000, 88.031, 76.5930
37.000000, 86.895, 75.5774
37.500000, 86.390, 85.0627
38.200001, 88.663, 89.4671
38.700001, 89.682, 78.8990
39.500000, 88.091, 61.8724
40.000000, 86.412, 70.1685
40.599998, 88.171, 88.2734
41.200001, 90.691, 78.3083
41.799999, 91.131, 58.4272
42.500000, 88.869, 39.8955
43.099998, 85.724, 51.3105
43.700001, 86.015, 87.7991
44.400002, 88.829, 90.8850
45.000000, 90.308, 83.5366
45.500000, 90.997, 76.5316
46.200001, 91.239, 66.5117
46.799999, 90.702, 59.1703
47.500000, 89.419, 55.3528
48.200001, 88.160, 58.0899
48.700001, 87.615, 62.4188
49.400002, 87.350, 69.2392
50.000000, 87.524, 74.6725
50.799999, 88.137, 79.3232
51.500000, 88.677, 80.6131
52.200001, 89.063, 80.5056
53.000000, 89.359, 79.4870
53.799999, 89.514, 77.5099
54.500000, 89.519, 75.3143
55.200001, 89.477, 73.0612
56.000000, 89.470, 70.3334
57.000000, 89.562, 66.9743
58.000000, 89.905, 64.2450
59.000000, 90.428, 61.5309
60.000000, 90.875, 59.6301
60.799999, 91.187, 59.2566
61.500000, 91.439, 59.4977
62.200001, 91.651, 59.9526
63.000000, 91.811, 60.5243
64.000000, 91.883, 61.3050
65.000000, 91.893, 61.8190
66.000000, 91.843, 61.5744
67.000000, 91.782, 61.0770
68.000000, 91.822, 60.0192
69.000000, 91.844, 58.5918
70.000000, 91.905, 57.8953
71.000000, 92.015, 57.1820
72.000000, 91.996, 56.8271
73.000000, 91.958, 57.5445
74.000000, 92.039, 58.4572
75.000000, 92.237, 57.8626
76.199997, 92.185, 55.2898
77.500000, 92.096, 55.0074
78.800003, 92.357, 53.9891
80.000000, 92.572, 53.7042
81.199997, 92.873, 53.0109
82.500000, 92.893, 53.1525
83.800003, 93.170, 53.9949
85.000000, 93.261, 51.7028
86.199997, 93.028, 50.5358
87.500000, 93.100, 50.6288
88.500000, 93.280, 49.3976
90.000000, 93.367, 47.7000
91.199997, 93.413, 47.1134
92.500000, 93.362, 46.3737
93.800003, 93.184, 45.9386
95.000000, 93.073, 46.7742
96.199997, 93.447, 47.1519
97.500000, 93.846, 43.3904
98.800003, 93.832, 40.0617
100.000000, 93.729, 39.2774
101.500000, 93.716, 41.5854
103.000000, 93.940, 42.9656
104.400002, 94.012, 42.2923
106.000000, 93.941, 40.6708
107.500000, 94.018, 39.3257
109.000000, 94.247, 37.9542
110.599998, 94.511, 37.2747
112.000000, 94.610, 36.9280
113.800003, 94.439, 37.4726
115.000000, 94.298, 38.0962
117.199997, 94.225, 38.4910
118.000000, 94.294, 38.0566
120.599998, 94.482, 36.1560
122.000000, 94.573, 35.6769
124.099998, 94.595, 34.4306
125.000000, 94.577, 33.6208
126.500000, 94.465, 32.0862
128.000000, 94.390, 31.6526
131.500000, 94.765, 32.0232
132.000000, 94.820, 31.9042
134.000000, 94.919, 30.8161
136.000000, 94.845, 29.6355
138.000000, 94.862, 28.6875
140.000000, 94.947, 27.9202
143.000000, 95.095, 27.2493
145.000000, 95.132, 27.6520
147.500000, 95.228, 26.6107
150.000000, 95.107, 25.3494
152.500000, 95.136, 23.7341
155.000000, 95.074, 22.4722
157.500000, 95.040, 23.1296
160.000000, 95.133, 21.6938
162.500000, 95.060, 20.1702
165.000000, 94.911, 19.2985
167.500000, 94.843, 20.5664
170.000000, 94.964, 19.6246
172.500000, 94.758, 19.2439
175.000000, 94.872, 20.8141
177.500000, 95.019, 18.5626
180.000000, 94.721, 16.1038
182.500000, 94.473, 16.9700
185.000000, 94.519, 18.4383
187.500000, 94.632, 18.8580
190.000000, 94.740, 18.0243
192.500000, 94.809, 17.1909
195.000000, 94.854, 17.0329
197.500000, 94.804, 16.7467
200.000000, 94.655, 15.9962
203.000000, 94.520, 14.5306
206.000000, 94.535, 13.4002
209.000000, 94.578, 13.1796
212.000000, 94.535, 13.6731
214.000000, 94.502, 13.5814
218.000000, 94.465, 12.2283
220.000000, 94.440, 11.7605
224.000000, 94.372, 11.4642
227.000000, 94.322, 11.1800
230.000000, 94.291, 10.9795
233.000000, 94.264, 10.8359
236.000000, 94.212, 10.5775
240.000000, 94.104, 10.3577
243.000000, 94.049, 10.2542
247.000000, 93.988, 9.7856
250.000000, 93.931, 9.5295
254.000000, 93.895, 9.3248
258.000000, 93.875, 9.2564
262.000000, 93.820, 9.1014
265.000000, 93.763, 8.8054
269.000000, 93.672, 8.5853
272.000000, 93.598, 8.7307
276.000000, 93.499, 9.1402
280.000000, 93.405, 9.4560
285.000000, 93.295, 9.8860
290.000000, 93.207, 10.6444
295.000000, 93.221, 11.0510
300.000000, 93.217, 11.6490
304.000000, 93.209, 11.8058
307.000000, 93.217, 11.7125
311.000000, 93.228, 11.7292
315.000000, 93.241, 12.0383
320.000000, 93.235, 12.3541
325.000000, 93.196, 12.7225
330.000000, 93.155, 13.1337
335.000000, 93.151, 13.3857
340.000000, 93.183, 13.4302
345.000000, 93.193, 13.5981
350.000000, 93.196, 13.5358
355.000000, 93.213, 13.5253
360.000000, 93.267, 14.1371
365.000000, 93.289, 14.6151
370.000000, 93.302, 14.8383
375.000000, 93.326, 14.8945
382.000000, 93.343, 14.9498
387.000000, 93.330, 15.1522
395.000000, 93.300, 15.4296
400.000000, 93.289, 15.4623
406.000000, 93.290, 15.6403
412.000000, 93.319, 15.8332
418.000000, 93.325, 16.0164
425.000000, 93.299, 16.2374
431.000000, 93.286, 16.4115
437.000000, 93.284, 16.7719
444.000000, 93.300, 17.1041
450.000000, 93.317, 17.2800
455.000000, 93.313, 17.5046
462.000000, 93.293, 17.8350
468.000000, 93.281, 18.0624
475.000000, 93.284, 18.2986
482.000000, 93.304, 18.4893
487.000000, 93.327, 18.6835
494.000000, 93.365, 18.9367
500.000000, 93.393, 19.0660
508.000000, 93.412, 19.3320
515.000000, 93.414, 19.6882
522.000000, 93.414, 19.9314
530.000000, 93.429, 20.1193
538.000000, 93.463, 20.3777
545.000000, 93.492, 20.6311
552.000000, 93.510, 20.8516
560.000000, 93.517, 21.0386
570.000000, 93.518, 21.3202
580.000000, 93.552, 21.6924
590.000000, 93.572, 22.0317
600.000000, 93.591, 22.2660
608.000000, 93.608, 22.5038
615.000000, 93.626, 22.7236
622.000000, 93.652, 22.9015
630.000000, 93.678, 23.1820
640.000000, 93.683, 23.6714
650.000000, 93.689, 24.0975
660.000000, 93.715, 24.3698
670.000000, 93.735, 24.6451
680.000000, 93.742, 25.0258
690.000000, 93.750, 25.4298
700.000000, 93.783, 25.7737
710.000000, 93.818, 26.1212
720.000000, 93.845, 26.5066
730.000000, 93.867, 26.8427
740.000000, 93.887, 27.1671
750.000000, 93.898, 27.6034
762.000000, 93.912, 28.0938
775.000000, 93.949, 28.4722
788.000000, 93.995, 28.9779
800.000000, 94.027, 29.4124
812.000000, 94.061, 29.8734
825.000000, 94.113, 30.3907
838.000000, 94.185, 30.8025
850.000000, 94.234, 31.0861
862.000000, 94.252, 31.6769
875.000000, 94.291, 32.4750
885.000000, 94.331, 32.8826
900.000000, 94.390, 33.2427
912.000000, 94.445, 33.4221
925.000000, 94.499, 33.7256
938.000000, 94.549, 34.1976
950.000000, 94.600, 34.6109
962.000000, 94.652, 34.9469
975.000000, 94.712, 35.3116
988.000000, 94.772, 35.6283
1000.000000, 94.820, 35.8789
1015.000000, 94.872, 36.2966
1030.000000, 94.926, 36.6791
1044.000000, 94.984, 36.9514
1060.000000, 95.061, 37.2816
1075.000000, 95.134, 37.5269
1090.000000, 95.211, 37.7887
1106.000000, 95.299, 38.1153
1120.000000, 95.376, 38.3176
1138.000000, 95.470, 38.5691
1150.000000, 95.520, 38.7626
1172.000000, 95.570, 39.1369
1180.000000, 95.580, 39.3139
1206.000000, 95.629, 39.8822
1220.000000, 95.689, 40.1948
1241.000000, 95.826, 40.6490
1250.000000, 95.894, 40.8064
1265.000000, 96.001, 41.0630
1280.000000, 96.095, 41.2958
1315.000000, 96.267, 41.7347
1320.000000, 96.288, 41.8114
1340.000000, 96.377, 42.0954
1360.000000, 96.451, 42.3055
1380.000000, 96.518, 42.5638
1400.000000, 96.589, 42.8132
1430.000000, 96.673, 43.3221
1450.000000, 96.733, 43.7299
1475.000000, 96.842, 44.1968
1500.000000, 96.972, 44.6528
1525.000000, 97.104, 45.0263
1550.000000, 97.217, 45.4637
1575.000000, 97.309, 45.9267
1600.000000, 97.404, 46.3495
1625.000000, 97.501, 46.7282
1650.000000, 97.606, 47.0646
1675.000000, 97.729, 47.3126
1700.000000, 97.864, 47.5301
1725.000000, 97.999, 47.7168
1750.000000, 98.130, 47.8486
1775.000000, 98.248, 47.9471
1800.000000, 98.359, 47.9993
1825.000000, 98.459, 48.0280
1850.000000, 98.549, 48.0812
1875.000000, 98.639, 48.1046
1900.000000, 98.723, 48.1255
1925.000000, 98.800, 48.2222
1950.000000, 98.865, 48.2961
1975.000000, 98.914, 48.3676
2000.000000, 98.940, 48.5557
2030.000000, 98.973, 48.8099
2060.000000, 99.025, 49.0182
2090.000000, 99.109, 49.4061
2120.000000, 99.235, 49.8269
2140.000000, 99.318, 50.0870
2180.000000, 99.450, 50.6469
2200.000000, 99.508, 50.9231
2240.000000, 99.643, 51.3766
2270.000000, 99.761, 51.5431
2300.000000, 99.882, 51.5816
2330.000000, 99.994, 51.6096
2360.000000, 100.077, 51.7301
2400.000000, 100.155, 52.1299
2430.000000, 100.220, 52.7020
2470.000000, 100.361, 53.6555
2500.000000, 100.519, 54.3630
2540.000000, 100.777, 55.0759
2580.000000, 101.053, 55.4943
2620.000000, 101.335, 55.6528
2650.000000, 101.557, 55.5218
2690.000000, 101.852, 54.9706
2720.000000, 102.052, 54.3863
2760.000000, 102.281, 53.4460
2800.000000, 102.470, 52.4306
2850.000000, 102.658, 51.2454
2900.000000, 102.822, 50.0853
2950.000000, 102.951, 48.9911
3000.000000, 103.057, 47.8928
3040.000000, 103.135, 47.0362
3070.000000, 103.188, 46.4239
3110.000000, 103.255, 45.6422
3150.000000, 103.315, 44.9064
3200.000000, 103.374, 44.0668
3250.000000, 103.431, 43.2289
3300.000000, 103.494, 42.3381
3350.000000, 103.555, 41.3998
3400.000000, 103.611, 40.4113
3450.000000, 103.656, 39.4613
3500.000000, 103.695, 38.5503
3550.000000, 103.731, 37.7174
3600.000000, 103.769, 36.9115
3650.000000, 103.803, 36.1066
3700.000000, 103.832, 35.2710
3750.000000, 103.866, 34.3686
3820.000000, 103.910, 33.0320
3870.000000, 103.941, 32.0058
3950.000000, 103.946, 30.2523
4000.000000, 103.883, 29.2191
4060.000000, 103.752, 28.1218
4120.000000, 103.583, 27.2954
4180.000000, 103.437, 26.6521
4250.000000, 103.329, 25.9332
4310.000000, 103.256, 25.2678
4370.000000, 103.171, 24.5388
4440.000000, 103.046, 23.6630
4500.000000, 102.922, 22.9207
4550.000000, 102.810, 22.3184
4620.000000, 102.632, 21.5294
4680.000000, 102.466, 20.8893
4750.000000, 102.254, 20.2324
4820.000000, 102.031, 19.6852
4870.000000, 101.880, 19.3237
4940.000000, 101.665, 18.9082
5000.000000, 101.463, 18.6536
5080.000000, 101.186, 18.4333
5150.000000, 100.927, 18.4071
5220.000000, 100.664, 18.5234
5300.000000, 100.381, 18.7764
5380.000000, 100.081, 19.2297
5450.000000, 99.806, 19.7717
5520.000000, 99.547, 20.4154
5600.000000, 99.265, 21.3278
5700.000000, 98.960, 22.6445
5800.000000, 98.687, 24.1495
5900.000000, 98.416, 25.8246
6000.000000, 98.171, 27.6130
6080.000000, 97.997, 29.1343
6150.000000, 97.874, 30.5095
6220.000000, 97.775, 31.9128
6300.000000, 97.671, 33.5675
6400.000000, 97.560, 35.6811
6500.000000, 97.489, 37.8048
6600.000000, 97.466, 39.9124
6700.000000, 97.481, 41.9930
6800.000000, 97.544, 44.0106
6900.000000, 97.664, 45.9272
7000.000000, 97.845, 47.7117
7100.000000, 98.090, 49.2654
7200.000000, 98.379, 50.5528
7300.000000, 98.710, 51.5106
7400.000000, 99.096, 51.9907
7500.000000, 99.506, 51.9101
7620.000000, 100.013, 50.9277
7750.000000, 100.539, 48.6054
7880.000000, 100.862, 44.9991
8000.000000, 100.979, 40.6392
8120.000000, 100.893, 35.7655
8250.000000, 100.535, 30.5370
8380.000000, 99.925, 26.0199
8500.000000, 99.175, 22.9567
8620.000000, 98.319, 21.0842
8750.000000, 97.347, 20.3548
8850.000000, 96.600, 20.5956
9000.000000, 95.534, 21.9652
9120.000000, 94.729, 23.7387
9250.000000, 93.906, 26.2505
9380.000000, 93.143, 29.2607
9500.000000, 92.490, 32.4128
9620.000000, 91.899, 35.8612
9750.000000, 91.333, 39.8458
9880.000000, 90.829, 44.0707
10000.000000, 90.421, 48.1299
10150.000000, 89.981, 53.3606
10300.000000, 89.604, 58.7843
10440.000000, 89.334, 63.9647
10600.000000, 89.111, 69.9481
10750.000000, 88.973, 75.6428
10900.000000, 88.922, 81.4016
11060.000000, 88.961, 87.5645
11200.000000, 89.081, 92.9108
11380.000000, 89.387, 99.5354
11500.000000, 89.683, 103.6995
11720.000000, 90.412, 110.5746
11800.000000, 90.735, 112.7484
12060.000000, 91.984, 118.1414
12200.000000, 92.752, 119.6338
12410.000000, 93.929, 119.3649
12500.000000, 94.399, 118.1859
12650.000000, 95.048, 114.7973
12800.000000, 95.450, 109.9039
13150.000000, 95.106, 97.1213
13200.000000, 94.919, 95.6425
13400.000000, 93.948, 91.4698
13600.000000, 92.825, 90.2777
13800.000000, 91.743, 91.6546
14000.000000, 90.817, 94.8914
14300.000000, 89.809, 102.0154
14500.000000, 89.397, 107.7556
14750.000000, 89.191, 115.4418
15000.000000, 89.312, 123.2557
15250.000000, 89.885, 130.6300
15500.000000, 91.093, 136.5823
15750.000000, 93.025, 139.0032
16000.000000, 95.380, 134.1856
16250.000000, 97.201, 119.2596
16500.000000, 97.287, 97.7865
16750.000000, 95.377, 79.4849
17000.000000, 92.444, 70.4636
17250.000000, 89.560, 69.7473
17500.000000, 87.182, 73.7333
17750.000000, 85.335, 79.7628
18000.000000, 83.900, 86.5823
18250.000000, 82.772, 93.5345
18500.000000, 81.875, 100.3236
18750.000000, 81.114, 106.8105
19000.000000, 80.416, 112.8552
19250.000000, 79.720, 118.6235
19500.000000, 78.955, 124.1250
19750.000000, 78.157, 129.8057
20000.000000, 77.303, 135.7434
20300.000000, 76.254, 143.6096
20600.000000, 75.402, 152.4683
20900.000000, 74.679, 161.7401
21200.000000, 73.438, 168.3412
21400.000000, 71.815, 172.5708
21800.000000, 66.500, -166.4449
22000.000000, 63.014, 134.8204
22400.000000, 55.563, -168.8105
22700.000000, 50.488, -173.3677
23000.000000, 48.599, -171.8191
23300.000000, 54.896, -170.1353
23600.000000, 62.136, -133.7331
24000.000000, 67.571, -87.1343
