* Measurement data measured by REW V5.31.3
* Source: E2x2, MICROPHONE (Analogue 1), 1, volume: 1.000. Timing signal peak level -37.4 dBFS, measurement signal peak level -32.9 dBFS
* Format: 512k Log Swept Sine, 1 sweep at -32.7 dBFS using an acoustic timing reference
* Dated: Aug 23, 2025 8:34:21 PM
* REW Settings:
*  C-weighting compensation: Off
*  Target level: 75.0 dB
* Note: ; Fosi DS1 4.4mm + E2x2 MacBook Delay -0.0325 ms (-11 mm, -0.44 in) using estimated IR delay relative to Acoustic reference played from SPEAKER R with no timing offset Clock adjustment: -27.3 ppm
* Measurement: Wide R
* Smoothing: 1/24 octave
* Frequency Step: 1/48 octave
* Start Frequency: 1.000 Hz
*
* Freq(Hz), SPL(dB), Phase(degrees)
1.000000, 62.729, -138.7781
1.015000, 62.839, -139.7839
1.030000, 62.953, -140.7614
1.044000, 63.063, -141.6547
1.060000, 63.193, -142.6595
1.075000, 63.318, -143.5911
1.090000, 63.446, -144.5138
1.106000, 63.588, -145.4699
1.120000, 63.720, -146.2468
1.138000, 63.902, -147.1401
1.150000, 64.032, -147.6707
1.172000, 64.283, -148.6086
1.180000, 64.378, -149.0053
1.206000, 64.702, -150.1651
1.220000, 64.885, -150.7202
1.241000, 65.166, -151.4746
1.250000, 65.290, -151.7725
1.265000, 65.499, -152.2390
1.280000, 65.710, -152.6723
1.315000, 66.212, -153.5791
1.320000, 66.285, -153.6989
1.340000, 66.573, -154.1589
1.360000, 66.861, -154.5896
1.380000, 67.146, -155.1300
1.400000, 67.426, -155.7065
1.430000, 67.833, -156.5570
1.450000, 68.094, -157.1188
1.475000, 68.409, -157.7980
1.500000, 68.719, -158.3985
1.525000, 69.026, -158.9024
1.550000, 69.331, -159.3200
1.575000, 69.635, -159.7371
1.600000, 69.937, -160.2242
1.625000, 70.236, -160.6637
1.650000, 70.534, -161.0668
1.675000, 70.828, -161.4437
1.700000, 71.121, -161.8032
1.725000, 71.410, -162.1534
1.750000, 71.697, -162.5005
1.775000, 71.981, -162.9039
1.800000, 72.262, -163.4191
1.825000, 72.539, -163.9394
1.850000, 72.814, -164.4512
1.875000, 73.086, -164.9299
1.900000, 73.354, -165.3693
1.925000, 73.621, -165.7721
1.950000, 73.884, -166.1413
1.975000, 74.144, -166.5326
2.000000, 74.402, -166.9993
2.030000, 74.708, -167.5302
2.060000, 75.010, -168.0421
2.090000, 75.309, -168.5420
2.120000, 75.604, -169.0367
2.140000, 75.798, -169.3665
2.180000, 76.182, -170.0840
2.200000, 76.372, -170.4933
2.240000, 76.746, -171.2919
2.270000, 77.022, -171.8610
2.300000, 77.294, -172.4037
2.330000, 77.562, -172.9217
2.360000, 77.826, -173.4190
2.400000, 78.174, -174.1729
2.430000, 78.430, -174.7382
2.470000, 78.767, -175.4758
2.500000, 79.016, -176.0216
2.540000, 79.344, -176.7450
2.580000, 79.666, -177.5044
2.620000, 79.983, -178.3300
2.650000, 80.216, -178.9316
2.690000, 80.523, -179.7109
2.720000, 80.749, 179.7215
2.760000, 81.045, 178.9896
2.800000, 81.336, 178.1904
2.850000, 81.694, 177.2031
2.900000, 82.043, 176.2372
2.950000, 82.385, 175.2862
3.000000, 82.719, 174.2812
3.040000, 82.980, 173.4675
3.070000, 83.172, 172.8687
3.110000, 83.425, 172.0868
3.150000, 83.672, 171.3237
3.200000, 83.976, 170.3385
3.250000, 84.274, 169.3527
3.300000, 84.565, 168.3890
3.350000, 84.850, 167.4432
3.400000, 85.129, 166.4548
3.450000, 85.400, 165.4621
3.500000, 85.666, 164.4935
3.550000, 85.926, 163.5526
3.600000, 86.180, 162.5928
3.650000, 86.430, 161.6390
3.700000, 86.675, 160.7046
3.750000, 86.914, 159.7835
3.820000, 87.239, 158.4578
3.870000, 87.466, 157.5204
3.950000, 87.819, 156.0683
4.000000, 88.035, 155.1578
4.060000, 88.288, 154.0739
4.120000, 88.536, 153.0100
4.180000, 88.777, 151.9544
4.250000, 89.051, 150.7016
4.310000, 89.280, 149.6586
4.370000, 89.504, 148.6391
4.440000, 89.760, 147.4362
4.500000, 89.974, 146.4221
4.550000, 90.149, 145.5907
4.620000, 90.387, 144.4125
4.680000, 90.588, 143.4182
4.750000, 90.816, 142.2883
4.820000, 91.040, 141.1513
4.870000, 91.196, 140.3445
4.940000, 91.410, 139.2339
5.000000, 91.589, 138.2815
5.080000, 91.822, 137.0249
5.150000, 92.021, 135.9527
5.220000, 92.215, 134.8737
5.300000, 92.430, 133.6522
5.380000, 92.640, 132.4533
5.450000, 92.818, 131.4045
5.520000, 92.993, 130.3801
5.600000, 93.187, 129.2161
5.700000, 93.422, 127.7677
5.800000, 93.649, 126.3514
5.900000, 93.868, 124.9568
6.000000, 94.079, 123.5862
6.080000, 94.243, 122.4960
6.150000, 94.383, 121.5652
6.220000, 94.520, 120.6392
6.300000, 94.672, 119.5999
6.400000, 94.857, 118.3207
6.500000, 95.036, 117.0577
6.600000, 95.209, 115.8263
6.700000, 95.378, 114.6126
6.800000, 95.542, 113.4224
6.900000, 95.702, 112.2477
7.000000, 95.857, 111.0991
7.100000, 96.009, 109.9640
7.200000, 96.157, 108.8491
7.300000, 96.301, 107.7464
7.400000, 96.443, 106.6622
7.500000, 96.581, 105.5862
7.620000, 96.742, 104.3147
7.750000, 96.911, 102.9584
7.880000, 97.075, 101.6118
8.000000, 97.220, 100.3893
8.120000, 97.361, 99.1801
8.250000, 97.509, 97.8839
8.380000, 97.650, 96.6086
8.500000, 97.775, 95.4470
8.620000, 97.896, 94.3016
8.750000, 98.022, 93.0817
8.850000, 98.115, 92.1582
9.000000, 98.248, 90.8007
9.120000, 98.351, 89.7359
9.250000, 98.459, 88.6064
9.380000, 98.563, 87.5025
9.500000, 98.656, 86.5005
9.620000, 98.747, 85.5203
9.750000, 98.842, 84.4783
9.880000, 98.927, 83.4538
10.000000, 98.994, 82.5281
10.150000, 99.064, 81.3665
10.300000, 99.125, 80.2324
10.440000, 99.175, 79.1967
10.600000, 99.228, 78.0391
10.750000, 99.277, 76.9780
10.900000, 99.325, 75.9395
11.060000, 99.374, 74.8411
11.200000, 99.414, 73.8770
11.380000, 99.462, 72.6689
11.500000, 99.492, 71.8835
11.720000, 99.545, 70.4845
11.800000, 99.564, 69.9890
12.060000, 99.627, 68.4115
12.200000, 99.662, 67.5664
12.410000, 99.714, 66.3313
12.500000, 99.736, 65.8131
12.650000, 99.771, 64.9631
12.800000, 99.804, 64.1292
13.150000, 99.876, 62.2172
13.200000, 99.886, 61.9460
13.400000, 99.925, 60.8783
13.600000, 99.963, 59.8400
13.800000, 99.999, 58.8325
14.000000, 100.034, 57.8546
14.300000, 100.082, 56.4116
14.500000, 100.112, 55.4845
14.750000, 100.150, 54.3602
15.000000, 100.189, 53.2655
15.250000, 100.231, 52.1682
15.500000, 100.273, 51.0885
15.750000, 100.312, 50.0266
16.000000, 100.347, 48.9844
16.250000, 100.378, 47.9464
16.500000, 100.406, 46.9381
16.750000, 100.430, 45.9639
17.000000, 100.454, 45.0226
17.250000, 100.478, 44.0981
17.500000, 100.501, 43.2003
17.750000, 100.524, 42.3264
18.000000, 100.545, 41.4716
18.250000, 100.565, 40.6223
18.500000, 100.583, 39.7907
18.750000, 100.600, 38.9798
19.000000, 100.617, 38.1910
19.250000, 100.633, 37.4121
19.500000, 100.648, 36.6556
19.750000, 100.664, 35.9198
20.000000, 100.678, 35.2017
20.299999, 100.696, 34.3453
20.600000, 100.712, 33.5062
20.900000, 100.727, 32.6830
21.200001, 100.739, 31.8680
21.400000, 100.746, 31.3321
21.799999, 100.756, 30.2880
22.000000, 100.759, 29.7800
22.400000, 100.764, 28.7822
22.700001, 100.767, 28.0591
23.000000, 100.768, 27.3557
23.299999, 100.769, 26.6639
23.600000, 100.770, 25.9883
24.000000, 100.771, 25.1101
24.299999, 100.771, 24.4597
24.700001, 100.771, 23.6101
25.000000, 100.770, 22.9862
25.400000, 100.767, 22.1642
25.799999, 100.762, 21.3660
26.200001, 100.757, 20.5891
26.500000, 100.752, 20.0197
26.900000, 100.746, 19.2795
27.200001, 100.742, 18.7317
27.600000, 100.736, 18.0091
28.000000, 100.729, 17.2993
28.500000, 100.716, 16.4349
29.000000, 100.702, 15.6168
29.500000, 100.690, 14.8339
30.000000, 100.680, 14.0621
30.400000, 100.671, 13.4310
30.700001, 100.661, 12.9533
31.100000, 100.643, 12.3245
31.500000, 100.620, 11.7232
32.000000, 100.589, 11.0353
32.500000, 100.562, 10.3969
33.000000, 100.540, 9.7712
33.500000, 100.519, 9.1302
34.000000, 100.496, 8.4883
34.500000, 100.471, 7.8657
35.000000, 100.446, 7.2701
35.500000, 100.423, 6.6862
36.000000, 100.399, 6.1075
36.500000, 100.374, 5.5372
37.000000, 100.348, 4.9872
37.500000, 100.322, 4.4540
38.200001, 100.287, 3.7242
38.700001, 100.260, 3.2079
39.500000, 100.215, 2.4028
40.000000, 100.186, 1.9223
40.599998, 100.150, 1.3669
41.200001, 100.116, 0.8282
41.799999, 100.082, 0.2940
42.500000, 100.040, -0.3157
43.099998, 100.005, -0.8053
43.700001, 99.973, -1.2731
44.400002, 99.941, -1.8359
45.000000, 99.911, -2.3447
45.500000, 99.880, -2.7632
46.200001, 99.835, -3.2986
46.799999, 99.798, -3.7156
47.500000, 99.760, -4.1886
48.200001, 99.724, -4.6671
48.700001, 99.697, -5.0111
49.400002, 99.657, -5.4830
50.000000, 99.620, -5.8632
50.799999, 99.573, -6.3315
51.500000, 99.534, -6.7277
52.200001, 99.496, -7.1304
53.000000, 99.451, -7.5940
53.799999, 99.402, -8.0420
54.500000, 99.359, -8.4142
55.200001, 99.315, -8.7733
56.000000, 99.267, -9.1714
57.000000, 99.208, -9.6558
58.000000, 99.150, -10.1412
59.000000, 99.088, -10.6017
60.000000, 99.029, -11.0264
60.799999, 98.983, -11.3557
61.500000, 98.943, -11.6405
62.200001, 98.904, -11.9253
63.000000, 98.857, -12.2441
64.000000, 98.797, -12.6133
65.000000, 98.740, -12.9670
66.000000, 98.682, -13.3219
67.000000, 98.623, -13.6528
68.000000, 98.566, -13.9719
69.000000, 98.507, -14.2881
70.000000, 98.448, -14.5790
71.000000, 98.391, -14.8542
72.000000, 98.335, -15.1232
73.000000, 98.280, -15.3820
74.000000, 98.225, -15.6418
75.000000, 98.169, -15.8928
76.199997, 98.103, -16.1775
77.500000, 98.034, -16.4771
78.800003, 97.965, -16.7627
80.000000, 97.901, -17.0093
81.199997, 97.839, -17.2407
82.500000, 97.772, -17.4801
83.800003, 97.705, -17.7050
85.000000, 97.645, -17.8984
86.199997, 97.585, -18.0807
87.500000, 97.523, -18.2712
88.500000, 97.475, -18.4131
90.000000, 97.405, -18.6183
91.199997, 97.349, -18.7733
92.500000, 97.290, -18.9288
93.800003, 97.231, -19.0807
95.000000, 97.176, -19.2141
96.199997, 97.121, -19.3377
97.500000, 97.061, -19.4622
98.800003, 97.001, -19.5754
100.000000, 96.948, -19.6748
101.500000, 96.883, -19.7933
103.000000, 96.819, -19.9015
104.400002, 96.759, -19.9927
106.000000, 96.690, -20.0723
107.500000, 96.627, -20.1316
109.000000, 96.564, -20.1914
110.599998, 96.497, -20.2562
112.000000, 96.438, -20.3104
113.800003, 96.366, -20.3796
115.000000, 96.319, -20.4272
117.199997, 96.234, -20.4994
118.000000, 96.205, -20.5212
120.599998, 96.108, -20.5859
122.000000, 96.058, -20.5944
124.099998, 95.986, -20.5930
125.000000, 95.957, -20.5963
126.500000, 95.906, -20.6070
128.000000, 95.855, -20.6091
131.500000, 95.741, -20.5695
132.000000, 95.725, -20.5660
134.000000, 95.663, -20.5610
136.000000, 95.601, -20.5331
138.000000, 95.543, -20.4846
140.000000, 95.490, -20.4323
143.000000, 95.411, -20.3579
145.000000, 95.358, -20.2984
147.500000, 95.292, -20.2183
150.000000, 95.229, -20.1370
152.500000, 95.169, -20.0541
155.000000, 95.107, -19.9649
157.500000, 95.043, -19.8379
160.000000, 94.982, -19.7192
162.500000, 94.922, -19.6082
165.000000, 94.865, -19.4847
167.500000, 94.806, -19.3550
170.000000, 94.747, -19.2188
172.500000, 94.688, -19.0866
175.000000, 94.629, -18.9529
177.500000, 94.571, -18.7975
180.000000, 94.514, -18.6375
182.500000, 94.459, -18.4834
185.000000, 94.408, -18.3375
187.500000, 94.357, -18.1700
190.000000, 94.307, -17.9785
192.500000, 94.256, -17.7932
195.000000, 94.207, -17.6237
197.500000, 94.161, -17.4626
200.000000, 94.116, -17.2928
203.000000, 94.065, -17.0886
206.000000, 94.016, -16.8778
209.000000, 93.965, -16.6500
212.000000, 93.912, -16.4497
214.000000, 93.880, -16.3077
218.000000, 93.825, -15.9636
220.000000, 93.795, -15.7770
224.000000, 93.732, -15.4510
227.000000, 93.690, -15.2423
230.000000, 93.651, -15.0326
233.000000, 93.608, -14.8184
236.000000, 93.559, -14.5518
240.000000, 93.491, -14.1532
243.000000, 93.447, -13.8149
247.000000, 93.411, -13.2896
250.000000, 93.392, -12.9084
254.000000, 93.371, -12.4568
258.000000, 93.355, -12.1051
262.000000, 93.342, -11.7960
265.000000, 93.332, -11.6019
269.000000, 93.316, -11.3945
272.000000, 93.296, -11.2500
276.000000, 93.265, -11.0845
280.000000, 93.237, -10.9387
285.000000, 93.196, -10.6788
290.000000, 93.151, -10.3321
295.000000, 93.121, -9.9670
300.000000, 93.091, -9.6121
304.000000, 93.071, -9.2872
307.000000, 93.057, -9.0482
311.000000, 93.033, -8.7714
315.000000, 93.009, -8.5490
320.000000, 92.984, -8.2786
325.000000, 92.958, -7.9476
330.000000, 92.930, -7.6139
335.000000, 92.904, -7.2944
340.000000, 92.878, -6.9646
345.000000, 92.853, -6.6290
350.000000, 92.828, -6.2853
355.000000, 92.803, -5.9318
360.000000, 92.778, -5.5891
365.000000, 92.754, -5.2559
370.000000, 92.731, -4.9265
375.000000, 92.709, -4.5947
382.000000, 92.679, -4.1135
387.000000, 92.657, -3.7706
395.000000, 92.623, -3.2251
400.000000, 92.603, -2.8839
406.000000, 92.581, -2.4919
412.000000, 92.560, -2.0950
418.000000, 92.540, -1.6851
425.000000, 92.518, -1.2125
431.000000, 92.499, -0.8125
437.000000, 92.482, -0.4141
444.000000, 92.463, 0.0530
450.000000, 92.448, 0.4510
455.000000, 92.435, 0.7815
462.000000, 92.418, 1.2441
468.000000, 92.405, 1.6443
475.000000, 92.390, 2.1113
482.000000, 92.379, 2.5698
487.000000, 92.373, 2.8922
494.000000, 92.365, 3.3429
500.000000, 92.359, 3.7312
508.000000, 92.352, 4.2546
515.000000, 92.347, 4.7102
522.000000, 92.343, 5.1566
530.000000, 92.340, 5.6671
538.000000, 92.338, 6.1799
545.000000, 92.338, 6.6234
552.000000, 92.340, 7.0636
560.000000, 92.342, 7.5681
570.000000, 92.345, 8.2009
580.000000, 92.349, 8.8330
590.000000, 92.356, 9.4659
600.000000, 92.363, 10.0952
608.000000, 92.369, 10.5956
615.000000, 92.374, 11.0338
622.000000, 92.378, 11.4727
630.000000, 92.383, 11.9712
640.000000, 92.392, 12.5975
650.000000, 92.402, 13.2207
660.000000, 92.415, 13.8443
670.000000, 92.429, 14.4650
680.000000, 92.446, 15.0865
690.000000, 92.465, 15.7026
700.000000, 92.487, 16.3158
710.000000, 92.510, 16.9283
720.000000, 92.534, 17.5385
730.000000, 92.560, 18.1460
740.000000, 92.588, 18.7514
750.000000, 92.619, 19.3503
762.000000, 92.657, 20.0640
775.000000, 92.700, 20.8273
788.000000, 92.745, 21.5875
800.000000, 92.788, 22.2834
812.000000, 92.834, 22.9730
825.000000, 92.886, 23.7098
838.000000, 92.941, 24.4390
850.000000, 92.993, 25.1082
862.000000, 93.048, 25.7810
875.000000, 93.111, 26.5175
885.000000, 93.165, 27.0881
900.000000, 93.257, 27.9406
912.000000, 93.345, 28.5817
925.000000, 93.448, 29.1612
938.000000, 93.549, 29.5937
950.000000, 93.630, 29.9191
962.000000, 93.699, 30.2387
975.000000, 93.767, 30.6094
988.000000, 93.833, 31.0045
1000.000000, 93.894, 31.3735
1015.000000, 93.972, 31.8272
1030.000000, 94.052, 32.2625
1044.000000, 94.128, 32.6486
1060.000000, 94.213, 33.0662
1075.000000, 94.292, 33.4348
1090.000000, 94.376, 33.7832
1106.000000, 94.474, 34.1372
1120.000000, 94.562, 34.4296
1138.000000, 94.674, 34.7829
1150.000000, 94.748, 35.0071
1172.000000, 94.880, 35.3929
1180.000000, 94.928, 35.5274
1206.000000, 95.080, 35.9454
1220.000000, 95.163, 36.1617
1241.000000, 95.287, 36.4777
1250.000000, 95.339, 36.6120
1265.000000, 95.426, 36.8322
1280.000000, 95.512, 37.0433
1315.000000, 95.712, 37.5258
1320.000000, 95.740, 37.5944
1340.000000, 95.843, 37.8688
1360.000000, 95.927, 38.1385
1380.000000, 96.009, 38.4051
1400.000000, 96.106, 38.6666
1430.000000, 96.258, 39.0538
1450.000000, 96.359, 39.2982
1475.000000, 96.487, 39.5859
1500.000000, 96.614, 39.8570
1525.000000, 96.736, 40.1194
1550.000000, 96.853, 40.3717
1575.000000, 96.966, 40.6177
1600.000000, 97.079, 40.8584
1625.000000, 97.191, 41.0934
1650.000000, 97.302, 41.3270
1675.000000, 97.414, 41.5544
1700.000000, 97.527, 41.7749
1725.000000, 97.640, 41.9839
1750.000000, 97.753, 42.1838
1775.000000, 97.867, 42.3696
1800.000000, 97.981, 42.5428
1825.000000, 98.095, 42.7046
1850.000000, 98.210, 42.8543
1875.000000, 98.326, 42.9866
1900.000000, 98.444, 43.1019
1925.000000, 98.562, 43.2003
1950.000000, 98.680, 43.2803
1975.000000, 98.797, 43.3419
2000.000000, 98.916, 43.3823
2030.000000, 99.059, 43.4037
2060.000000, 99.202, 43.3921
2090.000000, 99.346, 43.3466
2120.000000, 99.491, 43.2665
2140.000000, 99.588, 43.1920
2180.000000, 99.780, 42.9931
2200.000000, 99.873, 42.8709
2240.000000, 100.056, 42.5760
2270.000000, 100.191, 42.3132
2300.000000, 100.323, 42.0171
2330.000000, 100.453, 41.6904
2360.000000, 100.581, 41.3296
2400.000000, 100.749, 40.7958
2430.000000, 100.872, 40.3546
2470.000000, 101.029, 39.7161
2500.000000, 101.142, 39.1949
2540.000000, 101.287, 38.4478
2580.000000, 101.424, 37.6446
2620.000000, 101.551, 36.7847
2650.000000, 101.640, 36.1075
2690.000000, 101.750, 35.1721
2720.000000, 101.825, 34.4459
2760.000000, 101.914, 33.4445
2800.000000, 101.990, 32.4143
2850.000000, 102.068, 31.0941
2900.000000, 102.127, 29.7510
2950.000000, 102.167, 28.4017
3000.000000, 102.187, 27.0551
3040.000000, 102.192, 25.9872
3070.000000, 102.188, 25.1946
3110.000000, 102.173, 24.1556
3150.000000, 102.146, 23.1411
3200.000000, 102.100, 21.9130
3250.000000, 102.039, 20.7352
3300.000000, 101.965, 19.6163
3350.000000, 101.879, 18.5596
3400.000000, 101.783, 17.5700
3450.000000, 101.683, 16.6453
3500.000000, 101.579, 15.7930
3550.000000, 101.469, 15.0092
3600.000000, 101.353, 14.2961
3650.000000, 101.232, 13.6537
3700.000000, 101.108, 13.0792
3750.000000, 100.980, 12.5707
3820.000000, 100.795, 11.9669
3870.000000, 100.659, 11.6052
3950.000000, 100.434, 11.1467
4000.000000, 100.291, 10.9269
4060.000000, 100.119, 10.7343
4120.000000, 99.948, 10.6156
4180.000000, 99.779, 10.5655
4250.000000, 99.583, 10.5881
4310.000000, 99.413, 10.6737
4370.000000, 99.237, 10.8126
4440.000000, 99.029, 11.0420
4500.000000, 98.853, 11.2931
4550.000000, 98.709, 11.5376
4620.000000, 98.511, 11.9291
4680.000000, 98.345, 12.3112
4750.000000, 98.155, 12.8079
4820.000000, 97.970, 13.3533
4870.000000, 97.842, 13.7711
4940.000000, 97.665, 14.3942
5000.000000, 97.517, 14.9734
5080.000000, 97.327, 15.8392
5150.000000, 97.178, 16.6472
5220.000000, 97.039, 17.4302
5300.000000, 96.883, 18.3303
5380.000000, 96.733, 19.2695
5450.000000, 96.610, 20.1155
5520.000000, 96.496, 20.9796
5600.000000, 96.374, 21.9888
5700.000000, 96.234, 23.2753
5800.000000, 96.108, 24.5835
5900.000000, 95.996, 25.9108
6000.000000, 95.899, 27.2483
6080.000000, 95.833, 28.3232
6150.000000, 95.786, 29.2626
6220.000000, 95.747, 30.2006
6300.000000, 95.715, 31.2713
6400.000000, 95.690, 32.5935
6500.000000, 95.685, 33.8841
6600.000000, 95.703, 35.1253
6700.000000, 95.747, 36.2884
6800.000000, 95.822, 37.3323
6900.000000, 95.941, 38.2268
7000.000000, 96.104, 38.9454
7100.000000, 96.292, 39.4600
7200.000000, 96.498, 39.7312
7300.000000, 96.713, 39.7126
7400.000000, 96.931, 39.3801
7500.000000, 97.146, 38.7537
7620.000000, 97.421, 37.6274
7750.000000, 97.748, 35.8125
7880.000000, 98.009, 33.0090
8000.000000, 98.147, 29.2194
8120.000000, 98.111, 24.2870
8250.000000, 97.766, 18.1918
8380.000000, 97.049, 12.3474
8500.000000, 96.087, 8.1362
8620.000000, 94.923, 5.7008
8750.000000, 93.558, 5.3542
8850.000000, 92.516, 6.6949
9000.000000, 91.104, 11.0290
9120.000000, 90.203, 16.0455
9250.000000, 89.538, 22.2230
9380.000000, 89.209, 28.0984
9500.000000, 89.134, 32.3596
9620.000000, 89.154, 35.0820
9750.000000, 89.143, 36.4323
9880.000000, 88.994, 36.7326
10000.000000, 88.701, 36.7386
10150.000000, 88.155, 37.1243
10300.000000, 87.486, 38.3341
10440.000000, 86.815, 40.2885
10600.000000, 86.051, 43.4064
10750.000000, 85.369, 47.0286
10900.000000, 84.738, 51.1696
11060.000000, 84.131, 56.0121
11200.000000, 83.656, 60.5187
11380.000000, 83.119, 66.5878
11500.000000, 82.804, 70.7631
11720.000000, 82.318, 78.6229
11800.000000, 82.170, 81.5320
12060.000000, 81.783, 91.1451
12200.000000, 81.634, 96.4028
12410.000000, 81.486, 104.3521
12500.000000, 81.452, 107.7652
12650.000000, 81.440, 113.4347
12800.000000, 81.483, 119.0566
13150.000000, 81.793, 131.9318
13200.000000, 81.862, 133.7459
13400.000000, 82.213, 141.0003
13600.000000, 82.723, 148.1407
13800.000000, 83.406, 154.7875
14000.000000, 84.253, 160.8499
14300.000000, 85.889, 168.6597
14500.000000, 87.307, 172.4490
14750.000000, 89.527, 173.9630
15000.000000, 92.075, 168.9735
15250.000000, 94.209, 154.9025
15500.000000, 94.902, 134.2349
15750.000000, 93.834, 114.9923
16000.000000, 91.754, 103.0229
16250.000000, 89.591, 97.9910
16500.000000, 87.762, 96.9180
16750.000000, 86.270, 97.4208
17000.000000, 84.987, 98.2786
17250.000000, 83.789, 99.0411
17500.000000, 82.582, 99.7332
17750.000000, 81.301, 100.6257
18000.000000, 79.914, 102.1012
18250.000000, 78.428, 104.4506
18500.000000, 76.869, 107.9184
18750.000000, 75.266, 112.5962
19000.000000, 73.642, 118.4805
19250.000000, 72.004, 125.7798
19500.000000, 70.369, 134.4676
19750.000000, 68.823, 144.7939
20000.000000, 67.404, 156.2033
20300.000000, 65.897, 170.5391
20600.000000, 64.687, -174.8290
20900.000000, 63.620, -160.1393
21200.000000, 62.096, -147.8098
21400.000000, 60.330, -139.3830
21800.000000, 54.813, -108.4511
22000.000000, 51.444, -161.8466
22400.000000, 45.765, -87.5949
22700.000000, 43.512, -85.5046
23000.000000, 42.100, -104.9870
23300.000000, 41.967, -137.6860
23600.000000, 45.138, -112.2884
24000.000000, 49.588, -41.1036
