* Measurement data measured by REW V5.31.3
* Source: E2x2, MICROPHONE (Analogue 1), 1, volume: 1.000. Timing signal peak level -36.4 dBFS, measurement signal peak level -33.1 dBFS
* Format: 512k Log Swept Sine, 1 sweep at -32.7 dBFS using an acoustic timing reference
* Dated: Aug 23, 2025 8:29:10 PM
* REW Settings:
*  C-weighting compensation: Off
*  Target level: 75.0 dB
* Note: ; Fosi DS1 4.4mm + E2x2 MacBook Delay -0.0310 ms (-11 mm, -0.42 in) using estimated IR delay relative to Acoustic reference played from SPEAKER R with no timing offset Clock adjustment: -27.2 ppm
* Measurement: R
* Smoothing: 1/24 octave
* Frequency Step: 1/48 octave
* Start Frequency: 1.000 Hz
*
* Freq(Hz), SPL(dB), Phase(degrees)
1.000000, 61.979, -142.1962
1.015000, 62.145, -143.1913
1.030000, 62.312, -144.1477
1.044000, 62.469, -145.0129
1.060000, 62.647, -145.9770
1.075000, 62.812, -146.8626
1.090000, 62.975, -147.7321
1.106000, 63.149, -148.6218
1.120000, 63.306, -149.3303
1.138000, 63.519, -150.1230
1.150000, 63.666, -150.5803
1.172000, 63.949, -151.3759
1.180000, 64.055, -151.7193
1.206000, 64.411, -152.7036
1.220000, 64.609, -153.1643
1.241000, 64.912, -153.7794
1.250000, 65.044, -154.0187
1.265000, 65.266, -154.3894
1.280000, 65.491, -154.7296
1.315000, 66.019, -155.4302
1.320000, 66.094, -155.5218
1.340000, 66.396, -155.8724
1.360000, 66.696, -156.1989
1.380000, 66.993, -156.6399
1.400000, 67.284, -157.1216
1.430000, 67.708, -157.8377
1.450000, 67.980, -158.3146
1.475000, 68.308, -158.8912
1.500000, 68.629, -159.3905
1.525000, 68.946, -159.7949
1.550000, 69.260, -160.1159
1.575000, 69.570, -160.4403
1.600000, 69.876, -160.8394
1.625000, 70.180, -161.1954
1.650000, 70.480, -161.5201
1.675000, 70.777, -161.8235
1.700000, 71.070, -162.1142
1.725000, 71.361, -162.4001
1.750000, 71.649, -162.6872
1.775000, 71.935, -163.0345
1.800000, 72.218, -163.4973
1.825000, 72.498, -163.9683
1.850000, 72.775, -164.4326
1.875000, 73.049, -164.8645
1.900000, 73.320, -165.2579
1.925000, 73.588, -165.6158
1.950000, 73.853, -165.9419
1.975000, 74.116, -166.2921
2.000000, 74.375, -166.7198
2.030000, 74.682, -167.2070
2.060000, 74.986, -167.6786
2.090000, 75.286, -168.1419
2.120000, 75.582, -168.6034
2.140000, 75.778, -168.9131
2.180000, 76.164, -169.5945
2.200000, 76.355, -169.9876
2.240000, 76.731, -170.7549
2.270000, 77.009, -171.3011
2.300000, 77.283, -171.8214
2.330000, 77.553, -172.3181
2.360000, 77.819, -172.7953
2.400000, 78.169, -173.5250
2.430000, 78.427, -174.0742
2.470000, 78.766, -174.7937
2.500000, 79.017, -175.3284
2.540000, 79.347, -176.0404
2.580000, 79.672, -176.7916
2.620000, 79.991, -177.6103
2.650000, 80.227, -178.2071
2.690000, 80.535, -178.9807
2.720000, 80.763, -179.5446
2.760000, 81.063, 179.7271
2.800000, 81.356, 178.9299
2.850000, 81.717, 177.9422
2.900000, 82.069, 176.9724
2.950000, 82.414, 176.0139
3.000000, 82.751, 174.9992
3.040000, 83.014, 174.1770
3.070000, 83.209, 173.5714
3.110000, 83.463, 172.7797
3.150000, 83.713, 172.0063
3.200000, 84.020, 171.0072
3.250000, 84.320, 170.0060
3.300000, 84.614, 169.0251
3.350000, 84.901, 168.0603
3.400000, 85.181, 167.0512
3.450000, 85.455, 166.0370
3.500000, 85.722, 165.0466
3.550000, 85.983, 164.0841
3.600000, 86.240, 163.1030
3.650000, 86.490, 162.1281
3.700000, 86.736, 161.1721
3.750000, 86.976, 160.2283
3.820000, 87.302, 158.8698
3.870000, 87.529, 157.9093
3.950000, 87.882, 156.4228
4.000000, 88.097, 155.4929
4.060000, 88.350, 154.3875
4.120000, 88.597, 153.3024
4.180000, 88.837, 152.2257
4.250000, 89.109, 150.9500
4.310000, 89.337, 149.8903
4.370000, 89.560, 148.8573
4.440000, 89.814, 147.6425
4.500000, 90.026, 146.6203
4.550000, 90.198, 145.7834
4.620000, 90.435, 144.5997
4.680000, 90.633, 143.6031
4.750000, 90.860, 142.4744
4.820000, 91.081, 141.3428
4.870000, 91.236, 140.5422
4.940000, 91.449, 139.4425
5.000000, 91.627, 138.5011
5.080000, 91.859, 137.2610
5.150000, 92.058, 136.2054
5.220000, 92.252, 135.1460
5.300000, 92.468, 133.9496
5.380000, 92.679, 132.7767
5.450000, 92.859, 131.7495
5.520000, 93.036, 130.7455
5.600000, 93.234, 129.6056
5.700000, 93.474, 128.1871
5.800000, 93.707, 126.7962
5.900000, 93.933, 125.4196
6.000000, 94.152, 124.0620
6.080000, 94.322, 122.9787
6.150000, 94.468, 122.0502
6.220000, 94.610, 121.1220
6.300000, 94.769, 120.0745
6.400000, 94.962, 118.7785
6.500000, 95.148, 117.4923
6.600000, 95.329, 116.2313
6.700000, 95.504, 114.9804
6.800000, 95.672, 113.7468
6.900000, 95.836, 112.5264
7.000000, 95.993, 111.3307
7.100000, 96.146, 110.1458
7.200000, 96.293, 108.9805
7.300000, 96.436, 107.8314
7.400000, 96.574, 106.7054
7.500000, 96.707, 105.5907
7.620000, 96.862, 104.2801
7.750000, 97.023, 102.8952
7.880000, 97.177, 101.5327
8.000000, 97.314, 100.3065
8.120000, 97.447, 99.1052
8.250000, 97.586, 97.8301
8.380000, 97.720, 96.5849
8.500000, 97.840, 95.4574
8.620000, 97.957, 94.3521
8.750000, 98.079, 93.1772
8.850000, 98.171, 92.2873
9.000000, 98.305, 90.9786
9.120000, 98.409, 89.9483
9.250000, 98.520, 88.8487
9.380000, 98.627, 87.7674
9.500000, 98.723, 86.7795
9.620000, 98.818, 85.8059
9.750000, 98.916, 84.7638
9.880000, 99.003, 83.7338
10.000000, 99.072, 82.7988
10.150000, 99.143, 81.6215
10.300000, 99.204, 80.4712
10.440000, 99.253, 79.4211
10.600000, 99.305, 78.2498
10.750000, 99.352, 77.1805
10.900000, 99.399, 76.1379
11.060000, 99.446, 75.0393
11.200000, 99.485, 74.0781
11.380000, 99.533, 72.8749
11.500000, 99.563, 72.0926
11.720000, 99.617, 70.6963
11.800000, 99.637, 70.2001
12.060000, 99.704, 68.6133
12.200000, 99.740, 67.7586
12.410000, 99.794, 66.5050
12.500000, 99.816, 65.9781
12.650000, 99.852, 65.1130
12.800000, 99.885, 64.2651
13.150000, 99.957, 62.3287
13.200000, 99.967, 62.0553
13.400000, 100.006, 60.9818
13.600000, 100.044, 59.9412
13.800000, 100.081, 58.9330
14.000000, 100.117, 57.9536
14.300000, 100.169, 56.5026
14.500000, 100.201, 55.5652
14.750000, 100.241, 54.4240
15.000000, 100.281, 53.3115
15.250000, 100.322, 52.2004
15.500000, 100.363, 51.1150
15.750000, 100.400, 50.0571
16.000000, 100.434, 49.0282
16.250000, 100.464, 48.0093
16.500000, 100.492, 47.0226
16.750000, 100.518, 46.0690
17.000000, 100.543, 45.1452
17.250000, 100.569, 44.2348
17.500000, 100.595, 43.3483
17.750000, 100.619, 42.4838
18.000000, 100.642, 41.6362
18.250000, 100.664, 40.7913
18.500000, 100.685, 39.9597
18.750000, 100.704, 39.1431
19.000000, 100.721, 38.3423
19.250000, 100.738, 37.5460
19.500000, 100.754, 36.7689
19.750000, 100.767, 36.0125
20.000000, 100.779, 35.2767
20.299999, 100.793, 34.4064
20.600000, 100.804, 33.5625
20.900000, 100.815, 32.7426
21.200001, 100.825, 31.9365
21.400000, 100.830, 31.4081
21.799999, 100.839, 30.3794
22.000000, 100.843, 29.8779
22.400000, 100.850, 28.8880
22.700001, 100.855, 28.1644
23.000000, 100.859, 27.4540
23.299999, 100.862, 26.7488
23.600000, 100.864, 26.0547
24.000000, 100.865, 25.1495
24.299999, 100.865, 24.4814
24.700001, 100.862, 23.6176
25.000000, 100.858, 22.9921
25.400000, 100.853, 22.1797
25.799999, 100.848, 21.3992
26.200001, 100.843, 20.6390
26.500000, 100.839, 20.0760
26.900000, 100.835, 19.3332
27.200001, 100.832, 18.7766
27.600000, 100.825, 18.0410
28.000000, 100.815, 17.3242
28.500000, 100.800, 16.4576
29.000000, 100.786, 15.6236
29.500000, 100.771, 14.7974
30.000000, 100.751, 13.9851
30.400000, 100.730, 13.3594
30.700001, 100.712, 12.9177
31.100000, 100.690, 12.3658
31.500000, 100.672, 11.8394
32.000000, 100.656, 11.1837
32.500000, 100.641, 10.4983
33.000000, 100.622, 9.7995
33.500000, 100.598, 9.1174
34.000000, 100.572, 8.4723
34.500000, 100.549, 7.8525
35.000000, 100.526, 7.2477
35.500000, 100.503, 6.6536
36.000000, 100.479, 6.0776
36.500000, 100.456, 5.5138
37.000000, 100.432, 4.9583
37.500000, 100.406, 4.4091
38.200001, 100.366, 3.6723
38.700001, 100.337, 3.1719
39.500000, 100.293, 2.3952
40.000000, 100.265, 1.9164
40.599998, 100.231, 1.3476
41.200001, 100.196, 0.7922
41.799999, 100.159, 0.2516
42.500000, 100.115, -0.3523
43.099998, 100.080, -0.8434
43.700001, 100.047, -1.3260
44.400002, 100.009, -1.8931
45.000000, 99.973, -2.3678
45.500000, 99.942, -2.7418
46.200001, 99.903, -3.2393
46.799999, 99.873, -3.6705
47.500000, 99.836, -4.1843
48.200001, 99.795, -4.6763
48.700001, 99.767, -5.0088
49.400002, 99.729, -5.4684
50.000000, 99.696, -5.8625
50.799999, 99.648, -6.3638
51.500000, 99.608, -6.7750
52.200001, 99.569, -7.1827
53.000000, 99.522, -7.6434
53.799999, 99.473, -8.0789
54.500000, 99.431, -8.4509
55.200001, 99.388, -8.8234
56.000000, 99.336, -9.2255
57.000000, 99.275, -9.6863
58.000000, 99.218, -10.1534
59.000000, 99.158, -10.6182
60.000000, 99.097, -11.0639
60.799999, 99.047, -11.3979
61.500000, 99.006, -11.6682
62.200001, 98.967, -11.9377
63.000000, 98.923, -12.2614
64.000000, 98.863, -12.6569
65.000000, 98.803, -13.0148
66.000000, 98.745, -13.3586
67.000000, 98.688, -13.6895
68.000000, 98.632, -14.0128
69.000000, 98.573, -14.3264
70.000000, 98.515, -14.6192
71.000000, 98.457, -14.8990
72.000000, 98.401, -15.1765
73.000000, 98.344, -15.4462
74.000000, 98.287, -15.7043
75.000000, 98.232, -15.9543
76.199997, 98.167, -16.2446
77.500000, 98.096, -16.5345
78.800003, 98.026, -16.8007
80.000000, 97.963, -17.0376
81.199997, 97.899, -17.2645
82.500000, 97.831, -17.4993
83.800003, 97.764, -17.7294
85.000000, 97.703, -17.9326
86.199997, 97.643, -18.1226
87.500000, 97.581, -18.3091
88.500000, 97.533, -18.4457
90.000000, 97.463, -18.6400
91.199997, 97.408, -18.7893
92.500000, 97.348, -18.9463
93.800003, 97.289, -19.0955
95.000000, 97.234, -19.2239
96.199997, 97.179, -19.3444
97.500000, 97.118, -19.4645
98.800003, 97.058, -19.5755
100.000000, 97.003, -19.6687
101.500000, 96.937, -19.7781
103.000000, 96.872, -19.8846
104.400002, 96.813, -19.9775
106.000000, 96.748, -20.0648
107.500000, 96.686, -20.1442
109.000000, 96.623, -20.2116
110.599998, 96.555, -20.2839
112.000000, 96.495, -20.3395
113.800003, 96.421, -20.3953
115.000000, 96.373, -20.4263
117.199997, 96.286, -20.4727
118.000000, 96.254, -20.4840
120.599998, 96.155, -20.5006
122.000000, 96.107, -20.5228
124.099998, 96.038, -20.5647
125.000000, 96.009, -20.5791
126.500000, 95.959, -20.5871
128.000000, 95.909, -20.5739
131.500000, 95.793, -20.5118
132.000000, 95.777, -20.5035
134.000000, 95.717, -20.4819
136.000000, 95.658, -20.4592
138.000000, 95.602, -20.4086
140.000000, 95.547, -20.3585
143.000000, 95.465, -20.2838
145.000000, 95.411, -20.2292
147.500000, 95.346, -20.1477
150.000000, 95.282, -20.0470
152.500000, 95.220, -19.9362
155.000000, 95.159, -19.8442
157.500000, 95.097, -19.7473
160.000000, 95.036, -19.6366
162.500000, 94.976, -19.5026
165.000000, 94.917, -19.3612
167.500000, 94.860, -19.2200
170.000000, 94.802, -19.0923
172.500000, 94.743, -18.9597
175.000000, 94.685, -18.8159
177.500000, 94.630, -18.6864
180.000000, 94.577, -18.5355
182.500000, 94.523, -18.3527
185.000000, 94.466, -18.1653
187.500000, 94.411, -17.9950
190.000000, 94.364, -17.8578
192.500000, 94.318, -17.7195
195.000000, 94.271, -17.5251
197.500000, 94.225, -17.3315
200.000000, 94.182, -17.1572
203.000000, 94.135, -16.9440
206.000000, 94.088, -16.6962
209.000000, 94.035, -16.4388
212.000000, 93.983, -16.2122
214.000000, 93.954, -16.0720
218.000000, 93.902, -15.7734
220.000000, 93.876, -15.6166
224.000000, 93.823, -15.3151
227.000000, 93.785, -15.0651
230.000000, 93.745, -14.8231
233.000000, 93.702, -14.6277
236.000000, 93.660, -14.4218
240.000000, 93.609, -14.1050
243.000000, 93.574, -13.8610
247.000000, 93.533, -13.5436
250.000000, 93.506, -13.3432
254.000000, 93.466, -13.0766
258.000000, 93.421, -12.7365
262.000000, 93.379, -12.4307
265.000000, 93.349, -12.2433
269.000000, 93.303, -11.9314
272.000000, 93.269, -11.6679
276.000000, 93.233, -11.3239
280.000000, 93.207, -11.0175
285.000000, 93.165, -10.5916
290.000000, 93.127, -10.1874
295.000000, 93.106, -9.8458
300.000000, 93.079, -9.5075
304.000000, 93.059, -9.2281
307.000000, 93.045, -9.0300
311.000000, 93.026, -8.7358
315.000000, 93.006, -8.4185
320.000000, 92.982, -8.0569
325.000000, 92.957, -7.7076
330.000000, 92.929, -7.3662
335.000000, 92.899, -7.0192
340.000000, 92.873, -6.6542
345.000000, 92.851, -6.2661
350.000000, 92.828, -5.9090
355.000000, 92.806, -5.6074
360.000000, 92.784, -5.2678
365.000000, 92.762, -4.8986
370.000000, 92.740, -4.5465
375.000000, 92.720, -4.1925
382.000000, 92.691, -3.6924
387.000000, 92.669, -3.3392
395.000000, 92.638, -2.7751
400.000000, 92.620, -2.4291
406.000000, 92.600, -2.0121
412.000000, 92.581, -1.5959
418.000000, 92.562, -1.1799
425.000000, 92.541, -0.6877
431.000000, 92.524, -0.2691
437.000000, 92.508, 0.1355
444.000000, 92.490, 0.6069
450.000000, 92.476, 1.0123
455.000000, 92.466, 1.3461
462.000000, 92.452, 1.8127
468.000000, 92.439, 2.2111
475.000000, 92.425, 2.6776
482.000000, 92.415, 3.1471
487.000000, 92.409, 3.4794
494.000000, 92.402, 3.9424
500.000000, 92.397, 4.3379
508.000000, 92.392, 4.8640
515.000000, 92.387, 5.3273
522.000000, 92.383, 5.7892
530.000000, 92.380, 6.3121
538.000000, 92.379, 6.8300
545.000000, 92.380, 7.2806
552.000000, 92.382, 7.7327
560.000000, 92.386, 8.2516
570.000000, 92.392, 8.8975
580.000000, 92.399, 9.5392
590.000000, 92.407, 10.1819
600.000000, 92.416, 10.8181
608.000000, 92.422, 11.3300
615.000000, 92.427, 11.7764
622.000000, 92.432, 12.2245
630.000000, 92.439, 12.7327
640.000000, 92.450, 13.3638
650.000000, 92.463, 13.9956
660.000000, 92.477, 14.6306
670.000000, 92.493, 15.2594
680.000000, 92.510, 15.8802
690.000000, 92.529, 16.5040
700.000000, 92.550, 17.1298
710.000000, 92.574, 17.7552
720.000000, 92.602, 18.3698
730.000000, 92.631, 18.9783
740.000000, 92.662, 19.5888
750.000000, 92.693, 20.2043
762.000000, 92.732, 20.9351
775.000000, 92.777, 21.7122
788.000000, 92.823, 22.4756
800.000000, 92.869, 23.1727
812.000000, 92.917, 23.8671
825.000000, 92.971, 24.6075
838.000000, 93.027, 25.3442
850.000000, 93.081, 26.0194
862.000000, 93.137, 26.6877
875.000000, 93.201, 27.4161
885.000000, 93.254, 27.9843
900.000000, 93.342, 28.8374
912.000000, 93.425, 29.5019
925.000000, 93.528, 30.1465
938.000000, 93.635, 30.6512
950.000000, 93.725, 31.0078
962.000000, 93.803, 31.3253
975.000000, 93.876, 31.6783
988.000000, 93.944, 32.0540
1000.000000, 94.007, 32.4132
1015.000000, 94.086, 32.8637
1030.000000, 94.167, 33.2990
1044.000000, 94.243, 33.6862
1060.000000, 94.330, 34.1089
1075.000000, 94.411, 34.4897
1090.000000, 94.497, 34.8459
1106.000000, 94.596, 35.2069
1120.000000, 94.685, 35.5087
1138.000000, 94.799, 35.8732
1150.000000, 94.874, 36.1021
1172.000000, 95.011, 36.5020
1180.000000, 95.060, 36.6423
1206.000000, 95.216, 37.0753
1220.000000, 95.301, 37.2979
1241.000000, 95.429, 37.6255
1250.000000, 95.484, 37.7634
1265.000000, 95.573, 37.9870
1280.000000, 95.663, 38.2050
1315.000000, 95.868, 38.7046
1320.000000, 95.897, 38.7739
1340.000000, 96.004, 39.0499
1360.000000, 96.091, 39.3218
1380.000000, 96.177, 39.5869
1400.000000, 96.278, 39.8495
1430.000000, 96.437, 40.2339
1450.000000, 96.543, 40.4746
1475.000000, 96.676, 40.7591
1500.000000, 96.808, 41.0288
1525.000000, 96.935, 41.2873
1550.000000, 97.058, 41.5254
1575.000000, 97.178, 41.7499
1600.000000, 97.297, 41.9627
1625.000000, 97.415, 42.1699
1650.000000, 97.533, 42.3670
1675.000000, 97.651, 42.5521
1700.000000, 97.767, 42.7332
1725.000000, 97.882, 42.9061
1750.000000, 97.996, 43.0648
1775.000000, 98.112, 43.2087
1800.000000, 98.228, 43.3393
1825.000000, 98.345, 43.4556
1850.000000, 98.462, 43.5545
1875.000000, 98.580, 43.6368
1900.000000, 98.697, 43.6993
1925.000000, 98.814, 43.7451
1950.000000, 98.929, 43.7700
1975.000000, 99.044, 43.7773
2000.000000, 99.159, 43.7615
2030.000000, 99.299, 43.7166
2060.000000, 99.438, 43.6385
2090.000000, 99.576, 43.5306
2120.000000, 99.712, 43.3888
2140.000000, 99.802, 43.2755
2180.000000, 99.980, 43.0057
2200.000000, 100.066, 42.8493
2240.000000, 100.233, 42.4944
2270.000000, 100.356, 42.1912
2300.000000, 100.476, 41.8561
2330.000000, 100.592, 41.4901
2360.000000, 100.704, 41.0990
2400.000000, 100.846, 40.5405
2430.000000, 100.948, 40.0950
2470.000000, 101.077, 39.4721
2500.000000, 101.169, 38.9897
2540.000000, 101.284, 38.3233
2580.000000, 101.394, 37.6326
2620.000000, 101.498, 36.9041
2650.000000, 101.573, 36.3311
2690.000000, 101.665, 35.5336
2720.000000, 101.726, 34.9183
2760.000000, 101.797, 34.0772
2800.000000, 101.856, 33.2226
2850.000000, 101.916, 32.1514
2900.000000, 101.961, 31.0914
2950.000000, 101.994, 30.0367
3000.000000, 102.018, 28.9842
3040.000000, 102.027, 28.1485
3070.000000, 102.028, 27.5298
3110.000000, 102.021, 26.7170
3150.000000, 102.006, 25.9222
3200.000000, 101.980, 24.9568
3250.000000, 101.943, 24.0309
3300.000000, 101.897, 23.1452
3350.000000, 101.842, 22.3027
3400.000000, 101.781, 21.4987
3450.000000, 101.718, 20.7382
3500.000000, 101.653, 20.0215
3550.000000, 101.584, 19.3453
3600.000000, 101.511, 18.7076
3650.000000, 101.434, 18.1118
3700.000000, 101.353, 17.5529
3750.000000, 101.266, 17.0366
3820.000000, 101.137, 16.3788
3870.000000, 101.039, 15.9521
3950.000000, 100.872, 15.3505
4000.000000, 100.761, 15.0306
4060.000000, 100.625, 14.7014
4120.000000, 100.488, 14.4339
4180.000000, 100.350, 14.2306
4250.000000, 100.187, 14.0767
4310.000000, 100.046, 14.0087
4370.000000, 99.904, 13.9781
4440.000000, 99.739, 13.9554
4500.000000, 99.597, 13.9249
4550.000000, 99.475, 13.8876
4620.000000, 99.297, 13.8431
4680.000000, 99.136, 13.8406
4750.000000, 98.941, 13.9160
4820.000000, 98.742, 14.0947
4870.000000, 98.599, 14.2896
4940.000000, 98.402, 14.6470
5000.000000, 98.239, 15.0264
5080.000000, 98.033, 15.6329
5150.000000, 97.872, 16.2054
5220.000000, 97.723, 16.7150
5300.000000, 97.550, 17.2438
5380.000000, 97.372, 17.7883
5450.000000, 97.214, 18.2964
5520.000000, 97.055, 18.8474
5600.000000, 96.875, 19.5413
5700.000000, 96.656, 20.5087
5800.000000, 96.445, 21.5786
5900.000000, 96.246, 22.7228
6000.000000, 96.061, 23.9177
6080.000000, 95.921, 24.9005
6150.000000, 95.804, 25.7826
6220.000000, 95.691, 26.6912
6300.000000, 95.566, 27.7738
6400.000000, 95.422, 29.2054
6500.000000, 95.294, 30.7325
6600.000000, 95.189, 32.3436
6700.000000, 95.112, 34.0140
6800.000000, 95.076, 35.6971
6900.000000, 95.100, 37.3511
7000.000000, 95.184, 38.9226
7100.000000, 95.313, 40.3669
7200.000000, 95.481, 41.6208
7300.000000, 95.685, 42.6024
7400.000000, 95.916, 43.2434
7500.000000, 96.169, 43.5047
7620.000000, 96.512, 43.2262
7750.000000, 96.912, 41.9971
7880.000000, 97.202, 39.5538
8000.000000, 97.314, 36.2020
8120.000000, 97.229, 32.0906
8250.000000, 96.868, 27.3738
8380.000000, 96.223, 23.1078
8500.000000, 95.405, 20.1303
8620.000000, 94.425, 18.5001
8750.000000, 93.255, 18.6008
8850.000000, 92.345, 20.1158
9000.000000, 91.105, 24.6466
9120.000000, 90.333, 29.8109
9250.000000, 89.807, 36.0845
9380.000000, 89.612, 41.9132
9500.000000, 89.642, 45.9990
9620.000000, 89.742, 48.4969
9750.000000, 89.789, 49.6645
9880.000000, 89.678, 49.9273
10000.000000, 89.417, 50.0460
10150.000000, 88.922, 50.7215
10300.000000, 88.319, 52.3229
10440.000000, 87.726, 54.7001
10600.000000, 87.069, 58.3260
10750.000000, 86.504, 62.4155
10900.000000, 86.005, 67.0040
11060.000000, 85.553, 72.3054
11200.000000, 85.225, 77.1979
11380.000000, 84.893, 83.7445
11500.000000, 84.729, 88.2242
11720.000000, 84.546, 96.6098
11800.000000, 84.517, 99.6965
12060.000000, 84.563, 109.8166
12200.000000, 84.677, 115.2872
12410.000000, 84.967, 123.4672
12500.000000, 85.143, 126.9407
12650.000000, 85.513, 132.6440
12800.000000, 85.989, 138.1902
13150.000000, 87.591, 150.1200
13200.000000, 87.888, 151.6524
13400.000000, 89.299, 157.1244
13600.000000, 91.175, 160.6557
13800.000000, 93.524, 159.9746
14000.000000, 95.985, 152.3625
14300.000000, 98.135, 126.8712
14500.000000, 97.595, 107.2473
14750.000000, 95.192, 90.9708
15000.000000, 92.424, 86.1667
15250.000000, 90.302, 88.2938
15500.000000, 88.988, 92.9945
15750.000000, 88.351, 97.9848
16000.000000, 88.232, 101.9049
16250.000000, 88.506, 103.3624
16500.000000, 88.949, 100.8689
16750.000000, 89.149, 93.7667
17000.000000, 88.635, 83.5963
17250.000000, 87.217, 73.8343
17500.000000, 85.114, 67.5879
17750.000000, 82.733, 65.8371
18000.000000, 80.393, 67.8933
18250.000000, 78.242, 72.5102
18500.000000, 76.309, 78.7376
18750.000000, 74.563, 85.9472
19000.000000, 72.960, 93.7747
19250.000000, 71.455, 102.3269
19500.000000, 70.023, 111.5286
19750.000000, 68.711, 121.5314
20000.000000, 67.507, 131.7420
20300.000000, 66.197, 143.5193
20600.000000, 65.061, 154.6199
20900.000000, 63.908, 165.3678
21200.000000, 62.123, 174.0521
21400.000000, 60.126, -179.2900
21800.000000, 54.269, -150.3447
22000.000000, 50.882, 155.4663
22400.000000, 45.550, -141.0793
22700.000000, 43.385, -143.8282
23000.000000, 41.824, -140.2832
23300.000000, 41.677, -172.6299
23600.000000, 44.715, 179.8083
24000.000000, 49.096, -150.1115
