* Measurement data measured by REW V5.31.3
* Source: E2x2, MICROPHONE (Analogue 1), 1, volume: 1.000. Timing signal peak level -37.2 dBFS, measurement signal peak level -33.1 dBFS
* Format: 512k Log Swept Sine, 1 sweep at -32.7 dBFS using an acoustic timing reference
* Dated: Aug 23, 2025 8:37:16 PM
* REW Settings:
*  C-weighting compensation: Off
*  Target level: 75.0 dB
* Note: ; Fosi DS1 4.4mm + E2x2 MacBook Delay -0.0297 ms (-10 mm, -0.4 in) using estimated IR delay relative to Acoustic reference played from SPEAKER L with no timing offset Clock adjustment: -27.4 ppm
* Measurement: Wide L
* Smoothing: 1/24 octave
* Frequency Step: 1/48 octave
* Start Frequency: 1.000 Hz
*
* Freq(Hz), SPL(dB), Phase(degrees)
1.000000, 63.269, -138.7329
1.015000, 63.384, -139.8434
1.030000, 63.503, -140.9114
1.044000, 63.617, -141.8775
1.060000, 63.751, -142.9538
1.075000, 63.878, -143.9423
1.090000, 64.008, -144.9136
1.106000, 64.150, -145.9149
1.120000, 64.282, -146.7287
1.138000, 64.465, -147.6672
1.150000, 64.595, -148.2265
1.172000, 64.849, -149.2140
1.180000, 64.945, -149.6276
1.206000, 65.273, -150.8383
1.220000, 65.457, -151.4181
1.241000, 65.743, -152.2058
1.250000, 65.868, -152.5165
1.265000, 66.079, -153.0025
1.280000, 66.294, -153.4532
1.315000, 66.802, -154.3916
1.320000, 66.875, -154.5149
1.340000, 67.168, -154.9866
1.360000, 67.458, -155.4254
1.380000, 67.746, -155.9702
1.400000, 68.028, -156.5479
1.430000, 68.437, -157.3943
1.450000, 68.699, -157.9501
1.475000, 69.013, -158.6197
1.500000, 69.320, -159.2123
1.525000, 69.625, -159.7112
1.550000, 69.927, -160.1263
1.575000, 70.226, -160.5425
1.600000, 70.523, -161.0299
1.625000, 70.817, -161.4700
1.650000, 71.109, -161.8741
1.675000, 71.398, -162.2516
1.700000, 71.684, -162.6113
1.725000, 71.968, -162.9610
1.750000, 72.249, -163.3069
1.775000, 72.527, -163.7081
1.800000, 72.802, -164.2202
1.825000, 73.075, -164.7367
1.850000, 73.344, -165.2450
1.875000, 73.611, -165.7217
1.900000, 73.875, -166.1605
1.925000, 74.136, -166.5641
1.950000, 74.394, -166.9351
1.975000, 74.650, -167.3289
2.000000, 74.903, -167.7987
2.030000, 75.203, -168.3336
2.060000, 75.499, -168.8497
2.090000, 75.792, -169.3537
2.120000, 76.081, -169.8522
2.140000, 76.272, -170.1844
2.180000, 76.649, -170.9059
2.200000, 76.835, -171.3170
2.240000, 77.203, -172.1198
2.270000, 77.474, -172.6929
2.300000, 77.741, -173.2402
2.330000, 78.005, -173.7635
2.360000, 78.265, -174.2665
2.400000, 78.607, -175.0285
2.430000, 78.860, -175.6003
2.470000, 79.191, -176.3470
2.500000, 79.437, -176.8997
2.540000, 79.760, -177.6325
2.580000, 80.078, -178.4016
2.620000, 80.390, -179.2372
2.650000, 80.620, -179.8466
2.690000, 80.923, 179.3633
2.720000, 81.146, 178.7874
2.760000, 81.439, 178.0437
2.800000, 81.727, 177.2323
2.850000, 82.080, 176.2289
2.900000, 82.426, 175.2460
2.950000, 82.765, 174.2770
3.000000, 83.095, 173.2532
3.040000, 83.354, 172.4242
3.070000, 83.545, 171.8136
3.110000, 83.795, 171.0156
3.150000, 84.041, 170.2362
3.200000, 84.342, 169.2299
3.250000, 84.637, 168.2220
3.300000, 84.927, 167.2354
3.350000, 85.210, 166.2655
3.400000, 85.486, 165.2521
3.450000, 85.756, 164.2339
3.500000, 86.020, 163.2394
3.550000, 86.278, 162.2722
3.600000, 86.531, 161.2858
3.650000, 86.779, 160.3049
3.700000, 87.022, 159.3424
3.750000, 87.259, 158.3923
3.820000, 87.582, 157.0247
3.870000, 87.807, 156.0571
3.950000, 88.158, 154.5569
4.000000, 88.372, 153.6166
4.060000, 88.623, 152.4968
4.120000, 88.868, 151.3959
4.180000, 89.106, 150.3025
4.250000, 89.377, 149.0056
4.310000, 89.604, 147.9259
4.370000, 89.825, 146.8708
4.440000, 90.078, 145.6273
4.500000, 90.289, 144.5782
4.550000, 90.460, 143.7174
4.620000, 90.695, 142.4991
4.680000, 90.892, 141.4716
4.750000, 91.116, 140.3055
4.820000, 91.335, 139.1341
4.870000, 91.488, 138.3032
4.940000, 91.697, 137.1594
5.000000, 91.873, 136.1798
5.080000, 92.101, 134.8896
5.150000, 92.295, 133.7906
5.220000, 92.484, 132.6866
5.300000, 92.694, 131.4382
5.380000, 92.898, 130.2142
5.450000, 93.072, 129.1454
5.520000, 93.242, 128.1028
5.600000, 93.431, 126.9201
5.700000, 93.660, 125.4505
5.800000, 93.881, 124.0150
5.900000, 94.095, 122.6030
6.000000, 94.301, 121.2169
6.080000, 94.461, 120.1151
6.150000, 94.598, 119.1744
6.220000, 94.731, 118.2386
6.300000, 94.880, 117.1880
6.400000, 95.061, 115.8951
6.500000, 95.236, 114.6181
6.600000, 95.405, 113.3721
6.700000, 95.570, 112.1430
6.800000, 95.730, 110.9367
6.900000, 95.886, 109.7457
7.000000, 96.038, 108.5803
7.100000, 96.185, 107.4279
7.200000, 96.329, 106.2954
7.300000, 96.468, 105.1759
7.400000, 96.605, 104.0754
7.500000, 96.738, 102.9835
7.620000, 96.892, 101.6942
7.750000, 97.054, 100.3211
7.880000, 97.210, 98.9601
8.000000, 97.349, 97.7264
8.120000, 97.483, 96.5086
8.250000, 97.622, 95.2056
8.380000, 97.756, 93.9259
8.500000, 97.875, 92.7620
8.620000, 97.988, 91.6161
8.750000, 98.106, 90.3970
8.850000, 98.194, 89.4749
9.000000, 98.319, 88.1209
9.120000, 98.415, 87.0600
9.250000, 98.516, 85.9359
9.380000, 98.613, 84.8383
9.500000, 98.699, 83.8439
9.620000, 98.784, 82.8729
9.750000, 98.871, 81.8427
9.880000, 98.949, 80.8325
10.000000, 99.010, 79.9225
10.150000, 99.073, 78.7834
10.300000, 99.127, 77.6747
10.440000, 99.171, 76.6651
10.600000, 99.219, 75.5382
10.750000, 99.264, 74.5054
10.900000, 99.309, 73.4936
11.060000, 99.355, 72.4191
11.200000, 99.394, 71.4714
11.380000, 99.441, 70.2768
11.500000, 99.470, 69.4949
11.720000, 99.521, 68.0927
11.800000, 99.539, 67.5934
12.060000, 99.597, 65.9965
12.200000, 99.628, 65.1399
12.410000, 99.674, 63.8902
12.500000, 99.692, 63.3682
12.650000, 99.721, 62.5158
12.800000, 99.749, 61.6853
13.150000, 99.808, 59.8041
13.200000, 99.816, 59.5393
13.400000, 99.850, 58.5004
13.600000, 99.885, 57.4912
13.800000, 99.919, 56.5086
14.000000, 99.953, 55.5474
14.300000, 100.000, 54.1107
14.500000, 100.030, 53.1764
14.750000, 100.063, 52.0371
15.000000, 100.096, 50.9291
15.250000, 100.129, 49.8299
15.500000, 100.162, 48.7649
15.750000, 100.191, 47.7353
16.000000, 100.219, 46.7392
16.250000, 100.245, 45.7532
16.500000, 100.269, 44.7956
16.750000, 100.292, 43.8647
17.000000, 100.315, 42.9570
17.250000, 100.337, 42.0574
17.500000, 100.358, 41.1792
17.750000, 100.378, 40.3235
18.000000, 100.396, 39.4877
18.250000, 100.412, 38.6589
18.500000, 100.427, 37.8476
18.750000, 100.441, 37.0546
19.000000, 100.455, 36.2794
19.250000, 100.468, 35.5095
19.500000, 100.479, 34.7589
19.750000, 100.490, 34.0288
20.000000, 100.499, 33.3195
20.299999, 100.509, 32.4812
20.600000, 100.518, 31.6689
20.900000, 100.528, 30.8788
21.200001, 100.536, 30.0983
21.400000, 100.541, 29.5836
21.799999, 100.549, 28.5731
22.000000, 100.552, 28.0771
22.400000, 100.555, 27.0956
22.700001, 100.556, 26.3815
23.000000, 100.556, 25.6871
23.299999, 100.555, 25.0055
23.600000, 100.553, 24.3414
24.000000, 100.551, 23.4798
24.299999, 100.549, 22.8427
24.700001, 100.545, 22.0142
25.000000, 100.541, 21.4111
25.400000, 100.534, 20.6257
25.799999, 100.527, 19.8700
26.200001, 100.520, 19.1318
26.500000, 100.514, 18.5831
26.900000, 100.506, 17.8599
27.200001, 100.499, 17.3230
27.600000, 100.486, 16.6263
28.000000, 100.472, 15.9620
28.500000, 100.455, 15.1622
29.000000, 100.442, 14.3696
29.500000, 100.425, 13.5586
30.000000, 100.399, 12.7666
30.400000, 100.373, 12.1790
30.700001, 100.353, 11.7757
31.100000, 100.331, 11.2719
31.500000, 100.316, 10.7695
32.000000, 100.303, 10.1027
32.500000, 100.284, 9.3915
33.000000, 100.256, 8.6965
33.500000, 100.224, 8.0574
34.000000, 100.197, 7.4645
34.500000, 100.176, 6.8743
35.000000, 100.155, 6.2747
35.500000, 100.130, 5.6827
36.000000, 100.103, 5.1215
36.500000, 100.078, 4.5825
37.000000, 100.053, 4.0519
37.500000, 100.027, 3.5256
38.200001, 99.987, 2.8218
38.700001, 99.958, 2.3430
39.500000, 99.914, 1.5885
40.000000, 99.885, 1.1245
40.599998, 99.849, 0.5868
41.200001, 99.814, 0.0700
41.799999, 99.779, -0.4403
42.500000, 99.737, -1.0234
43.099998, 99.701, -1.5013
43.700001, 99.668, -1.9700
44.400002, 99.629, -2.5159
45.000000, 99.592, -2.9690
45.500000, 99.562, -3.3281
46.200001, 99.521, -3.8132
46.799999, 99.488, -4.2283
47.500000, 99.449, -4.7078
48.200001, 99.409, -5.1743
48.700001, 99.381, -5.5001
49.400002, 99.340, -5.9414
50.000000, 99.305, -6.3018
50.799999, 99.260, -6.7712
51.500000, 99.219, -7.1769
52.200001, 99.177, -7.5630
53.000000, 99.130, -7.9849
53.799999, 99.081, -8.4014
54.500000, 99.037, -8.7491
55.200001, 98.993, -9.0808
56.000000, 98.944, -9.4589
57.000000, 98.881, -9.9153
58.000000, 98.822, -10.3409
59.000000, 98.765, -10.7724
60.000000, 98.705, -11.1938
60.799999, 98.658, -11.4988
61.500000, 98.619, -11.7505
62.200001, 98.581, -12.0075
63.000000, 98.536, -12.3068
64.000000, 98.476, -12.6542
65.000000, 98.418, -12.9785
66.000000, 98.360, -13.3014
67.000000, 98.302, -13.6077
68.000000, 98.246, -13.9052
69.000000, 98.190, -14.2025
70.000000, 98.134, -14.4916
71.000000, 98.077, -14.7608
72.000000, 98.021, -15.0124
73.000000, 97.965, -15.2509
74.000000, 97.910, -15.4789
75.000000, 97.855, -15.6987
76.199997, 97.790, -15.9590
77.500000, 97.720, -16.2280
78.800003, 97.652, -16.4833
80.000000, 97.589, -16.7032
81.199997, 97.527, -16.9067
82.500000, 97.462, -17.1234
83.800003, 97.396, -17.3285
85.000000, 97.337, -17.5047
86.199997, 97.279, -17.6740
87.500000, 97.218, -17.8507
88.500000, 97.172, -17.9818
90.000000, 97.103, -18.1596
91.199997, 97.049, -18.2852
92.500000, 96.991, -18.4069
93.800003, 96.935, -18.5238
95.000000, 96.883, -18.6323
96.199997, 96.830, -18.7427
97.500000, 96.771, -18.8535
98.800003, 96.712, -18.9506
100.000000, 96.659, -19.0285
101.500000, 96.595, -19.1163
103.000000, 96.532, -19.2115
104.400002, 96.472, -19.2900
106.000000, 96.405, -19.3486
107.500000, 96.345, -19.4004
109.000000, 96.284, -19.4601
110.599998, 96.219, -19.5220
112.000000, 96.164, -19.5790
113.800003, 96.094, -19.6453
115.000000, 96.049, -19.6737
117.199997, 95.972, -19.6880
118.000000, 95.946, -19.6865
120.599998, 95.858, -19.7122
122.000000, 95.808, -19.7036
124.099998, 95.737, -19.6755
125.000000, 95.707, -19.6662
126.500000, 95.658, -19.6497
128.000000, 95.610, -19.6313
131.500000, 95.501, -19.5826
132.000000, 95.487, -19.5739
134.000000, 95.429, -19.5435
136.000000, 95.371, -19.5050
138.000000, 95.315, -19.4478
140.000000, 95.260, -19.3907
143.000000, 95.184, -19.2931
145.000000, 95.136, -19.2203
147.500000, 95.076, -19.1190
150.000000, 95.015, -19.0214
152.500000, 94.955, -18.9231
155.000000, 94.896, -18.8271
157.500000, 94.837, -18.7134
160.000000, 94.779, -18.5883
162.500000, 94.723, -18.4584
165.000000, 94.669, -18.3274
167.500000, 94.615, -18.1940
170.000000, 94.559, -18.0579
172.500000, 94.502, -17.9023
175.000000, 94.446, -17.7367
177.500000, 94.390, -17.5814
180.000000, 94.333, -17.4290
182.500000, 94.281, -17.2648
185.000000, 94.230, -17.0710
187.500000, 94.177, -16.8653
190.000000, 94.123, -16.6621
192.500000, 94.074, -16.4679
195.000000, 94.032, -16.2842
197.500000, 93.991, -16.0874
200.000000, 93.952, -15.8958
203.000000, 93.903, -15.6469
206.000000, 93.856, -15.3652
209.000000, 93.811, -15.0913
212.000000, 93.767, -14.8197
214.000000, 93.739, -14.6195
218.000000, 93.691, -14.2148
220.000000, 93.669, -14.0314
224.000000, 93.629, -13.6794
227.000000, 93.605, -13.3875
230.000000, 93.593, -13.1087
233.000000, 93.581, -12.9052
236.000000, 93.561, -12.7340
240.000000, 93.527, -12.5078
243.000000, 93.500, -12.3768
247.000000, 93.456, -12.2546
250.000000, 93.424, -12.1115
254.000000, 93.387, -11.8333
258.000000, 93.349, -11.5104
262.000000, 93.308, -11.2152
265.000000, 93.279, -10.9905
269.000000, 93.252, -10.6849
272.000000, 93.238, -10.4512
276.000000, 93.217, -10.1705
280.000000, 93.194, -9.9375
285.000000, 93.168, -9.6599
290.000000, 93.135, -9.3808
295.000000, 93.097, -9.0697
300.000000, 93.062, -8.7417
304.000000, 93.036, -8.4815
307.000000, 93.018, -8.2853
311.000000, 92.996, -8.0138
315.000000, 92.977, -7.7430
320.000000, 92.953, -7.4209
325.000000, 92.929, -7.0929
330.000000, 92.906, -6.7606
335.000000, 92.882, -6.4243
340.000000, 92.859, -6.0872
345.000000, 92.832, -5.7476
350.000000, 92.808, -5.4089
355.000000, 92.787, -5.0744
360.000000, 92.767, -4.7439
365.000000, 92.747, -4.4120
370.000000, 92.726, -4.0837
375.000000, 92.707, -3.7606
382.000000, 92.679, -3.2963
387.000000, 92.659, -2.9594
395.000000, 92.627, -2.4342
400.000000, 92.609, -2.1104
406.000000, 92.590, -1.7124
412.000000, 92.573, -1.3179
418.000000, 92.554, -0.9253
425.000000, 92.534, -0.4678
431.000000, 92.518, -0.0657
437.000000, 92.502, 0.3397
444.000000, 92.486, 0.8086
450.000000, 92.475, 1.2075
455.000000, 92.467, 1.5383
462.000000, 92.458, 1.9893
468.000000, 92.451, 2.3677
475.000000, 92.442, 2.7950
482.000000, 92.435, 3.2162
487.000000, 92.430, 3.5209
494.000000, 92.424, 3.9423
500.000000, 92.419, 4.2982
508.000000, 92.414, 4.7810
515.000000, 92.410, 5.2045
522.000000, 92.407, 5.6290
530.000000, 92.405, 6.1121
538.000000, 92.406, 6.5958
545.000000, 92.406, 7.0160
552.000000, 92.408, 7.4363
560.000000, 92.410, 7.9171
570.000000, 92.415, 8.5212
580.000000, 92.421, 9.1255
590.000000, 92.427, 9.7278
600.000000, 92.435, 10.3274
608.000000, 92.441, 10.8068
615.000000, 92.446, 11.2255
622.000000, 92.451, 11.6433
630.000000, 92.457, 12.1216
640.000000, 92.466, 12.7229
650.000000, 92.476, 13.3217
660.000000, 92.489, 13.9209
670.000000, 92.504, 14.5199
680.000000, 92.521, 15.1145
690.000000, 92.540, 15.7064
700.000000, 92.562, 16.2939
710.000000, 92.585, 16.8834
720.000000, 92.610, 17.4678
730.000000, 92.636, 18.0519
740.000000, 92.664, 18.6313
750.000000, 92.693, 19.2075
762.000000, 92.731, 19.8889
775.000000, 92.773, 20.6260
788.000000, 92.816, 21.3591
800.000000, 92.857, 22.0273
812.000000, 92.901, 22.6952
825.000000, 92.950, 23.4240
838.000000, 93.004, 24.1676
850.000000, 93.061, 24.8765
862.000000, 93.131, 25.5804
875.000000, 93.220, 26.2448
885.000000, 93.288, 26.6434
900.000000, 93.374, 27.1378
912.000000, 93.429, 27.5482
925.000000, 93.487, 28.0574
938.000000, 93.550, 28.6040
950.000000, 93.615, 29.1002
962.000000, 93.683, 29.5637
975.000000, 93.756, 30.0365
988.000000, 93.828, 30.4854
1000.000000, 93.894, 30.8766
1015.000000, 93.977, 31.3357
1030.000000, 94.059, 31.7657
1044.000000, 94.136, 32.1435
1060.000000, 94.223, 32.5494
1075.000000, 94.304, 32.9037
1090.000000, 94.390, 33.2332
1106.000000, 94.489, 33.5672
1120.000000, 94.576, 33.8425
1138.000000, 94.686, 34.1789
1150.000000, 94.758, 34.3907
1172.000000, 94.889, 34.7557
1180.000000, 94.936, 34.8828
1206.000000, 95.086, 35.2771
1220.000000, 95.167, 35.4811
1241.000000, 95.290, 35.7741
1250.000000, 95.342, 35.8971
1265.000000, 95.428, 36.1004
1280.000000, 95.512, 36.3004
1315.000000, 95.705, 36.7557
1320.000000, 95.732, 36.8200
1340.000000, 95.832, 37.0771
1360.000000, 95.913, 37.3358
1380.000000, 95.991, 37.5967
1400.000000, 96.084, 37.8577
1430.000000, 96.234, 38.2380
1450.000000, 96.335, 38.4767
1475.000000, 96.462, 38.7521
1500.000000, 96.587, 39.0086
1525.000000, 96.707, 39.2480
1550.000000, 96.821, 39.4694
1575.000000, 96.930, 39.6869
1600.000000, 97.038, 39.8994
1625.000000, 97.145, 40.1104
1650.000000, 97.251, 40.3224
1675.000000, 97.357, 40.5364
1700.000000, 97.463, 40.7451
1725.000000, 97.569, 40.9499
1750.000000, 97.676, 41.1485
1775.000000, 97.783, 41.3367
1800.000000, 97.890, 41.5151
1825.000000, 97.998, 41.6842
1850.000000, 98.107, 41.8388
1875.000000, 98.218, 41.9794
1900.000000, 98.329, 42.1039
1925.000000, 98.442, 42.2138
1950.000000, 98.554, 42.3027
1975.000000, 98.667, 42.3753
2000.000000, 98.780, 42.4297
2030.000000, 98.916, 42.4732
2060.000000, 99.051, 42.4884
2090.000000, 99.187, 42.4753
2120.000000, 99.324, 42.4326
2140.000000, 99.415, 42.3856
2180.000000, 99.598, 42.2501
2200.000000, 99.688, 42.1597
2240.000000, 99.865, 41.9366
2270.000000, 99.997, 41.7302
2300.000000, 100.126, 41.4915
2330.000000, 100.253, 41.2178
2360.000000, 100.378, 40.9109
2400.000000, 100.542, 40.4494
2430.000000, 100.661, 40.0659
2470.000000, 100.815, 39.5049
2500.000000, 100.926, 39.0482
2540.000000, 101.068, 38.3925
2580.000000, 101.203, 37.6885
2620.000000, 101.330, 36.9353
2650.000000, 101.419, 36.3454
2690.000000, 101.531, 35.5231
2720.000000, 101.609, 34.8820
2760.000000, 101.704, 33.9940
2800.000000, 101.788, 33.0765
2850.000000, 101.878, 31.8976
2900.000000, 101.949, 30.6948
2950.000000, 102.005, 29.4741
3000.000000, 102.045, 28.2472
3040.000000, 102.065, 27.2708
3070.000000, 102.074, 26.5453
3110.000000, 102.077, 25.5858
3150.000000, 102.071, 24.6398
3200.000000, 102.050, 23.4835
3250.000000, 102.015, 22.3676
3300.000000, 101.968, 21.2925
3350.000000, 101.911, 20.2687
3400.000000, 101.845, 19.2955
3450.000000, 101.774, 18.3750
3500.000000, 101.701, 17.5108
3550.000000, 101.621, 16.7043
3600.000000, 101.534, 15.9556
3650.000000, 101.439, 15.2655
3700.000000, 101.340, 14.6302
3750.000000, 101.238, 14.0486
3820.000000, 101.093, 13.3204
3870.000000, 100.985, 12.8597
3950.000000, 100.804, 12.2220
4000.000000, 100.686, 11.8828
4060.000000, 100.542, 11.5303
4120.000000, 100.396, 11.2379
4180.000000, 100.248, 10.9989
4250.000000, 100.077, 10.7836
4310.000000, 99.929, 10.6492
4370.000000, 99.773, 10.5602
4440.000000, 99.584, 10.5120
4500.000000, 99.421, 10.5165
4550.000000, 99.285, 10.5508
4620.000000, 99.094, 10.6516
4680.000000, 98.930, 10.7850
4750.000000, 98.742, 10.9902
4820.000000, 98.559, 11.2374
4870.000000, 98.430, 11.4402
4940.000000, 98.251, 11.7570
5000.000000, 98.095, 12.0677
5080.000000, 97.884, 12.5808
5150.000000, 97.707, 13.1488
5220.000000, 97.550, 13.7234
5300.000000, 97.373, 14.3152
5380.000000, 97.193, 14.9470
5450.000000, 97.038, 15.5604
5520.000000, 96.888, 16.2301
5600.000000, 96.723, 17.0571
5700.000000, 96.526, 18.1709
5800.000000, 96.341, 19.3629
5900.000000, 96.171, 20.6321
6000.000000, 96.018, 21.9674
6080.000000, 95.911, 23.0740
6150.000000, 95.829, 24.0655
6220.000000, 95.758, 25.0735
6300.000000, 95.690, 26.2435
6400.000000, 95.627, 27.7167
6500.000000, 95.591, 29.1806
6600.000000, 95.583, 30.6109
6700.000000, 95.604, 31.9813
6800.000000, 95.661, 33.2581
6900.000000, 95.770, 34.4001
7000.000000, 95.932, 35.3623
7100.000000, 96.128, 36.1088
7200.000000, 96.349, 36.5880
7300.000000, 96.589, 36.7460
7400.000000, 96.840, 36.5511
7500.000000, 97.097, 36.0090
7620.000000, 97.433, 34.8762
7750.000000, 97.833, 32.8530
7880.000000, 98.158, 29.5556
8000.000000, 98.324, 25.0615
8120.000000, 98.263, 19.3351
8250.000000, 97.835, 12.5499
8380.000000, 97.009, 6.3615
8500.000000, 95.962, 2.0587
8620.000000, 94.742, -0.4882
8750.000000, 93.326, -1.2237
8850.000000, 92.224, -0.4498
9000.000000, 90.618, 2.7344
9120.000000, 89.421, 6.9705
9250.000000, 88.275, 13.2445
9380.000000, 87.379, 21.1467
9500.000000, 86.884, 29.4032
9620.000000, 86.781, 37.5331
9750.000000, 87.068, 44.6472
9880.000000, 87.559, 48.8675
10000.000000, 87.961, 50.2312
10150.000000, 88.179, 49.8068
10300.000000, 88.025, 48.7578
10440.000000, 87.622, 48.3798
10600.000000, 86.992, 49.1923
10750.000000, 86.343, 51.1566
10900.000000, 85.708, 54.0798
11060.000000, 85.081, 57.9850
11200.000000, 84.586, 61.8811
11380.000000, 84.024, 67.3530
11500.000000, 83.695, 71.2116
11720.000000, 83.185, 78.6105
11800.000000, 83.028, 81.3885
12060.000000, 82.613, 90.7675
12200.000000, 82.458, 96.0190
12410.000000, 82.321, 104.0228
12500.000000, 82.299, 107.4529
12650.000000, 82.311, 113.1276
12800.000000, 82.379, 118.7342
13150.000000, 82.764, 131.5977
13200.000000, 82.848, 133.4066
13400.000000, 83.256, 140.5443
13600.000000, 83.799, 147.4958
13800.000000, 84.511, 154.1915
14000.000000, 85.418, 160.4181
14300.000000, 87.208, 168.4494
14500.000000, 88.788, 172.2497
14750.000000, 91.283, 173.2049
15000.000000, 94.088, 166.4041
15250.000000, 96.218, 149.4089
15500.000000, 96.531, 126.6020
15750.000000, 94.977, 107.7639
16000.000000, 92.634, 97.8455
16250.000000, 90.464, 94.9017
16500.000000, 88.763, 95.3680
16750.000000, 87.446, 96.9260
17000.000000, 86.358, 98.4917
17250.000000, 85.363, 99.6789
17500.000000, 84.356, 100.5457
17750.000000, 83.260, 101.4310
18000.000000, 82.037, 102.8528
18250.000000, 80.700, 105.2026
18500.000000, 79.289, 108.7986
18750.000000, 77.852, 113.7694
19000.000000, 76.431, 120.0523
19250.000000, 75.049, 127.7291
19500.000000, 73.722, 136.5833
19750.000000, 72.504, 146.7131
20000.000000, 71.394, 157.7707
20300.000000, 70.285, 172.0037
20600.000000, 69.597, -173.1713
20900.000000, 69.162, -158.7763
21200.000000, 68.205, -147.6947
21400.000000, 66.760, -140.6976
21800.000000, 61.856, -114.6256
22000.000000, 58.665, -170.9064
22400.000000, 52.356, -106.4854
22700.000000, 48.389, -103.5028
23000.000000, 44.781, -75.1167
23300.000000, 42.418, -59.0433
23600.000000, 44.144, -33.8092
24000.000000, 48.221, 96.1477
