* Measurement data measured by REW V5.31.3
* Source: Headset (DS by VECLAN.COM), MICROPHONE (Master Volume), L, volume: 1.000. Timing signal peak level -16.4 dBFS, measurement signal peak level -13.1 dBFS
* Format: 2M Log Swept Sine, 1 sweep at -38.1 dBFS using an acoustic timing reference
* Dated: Apr 9, 2025 11:12:52 AM
* REW Settings:
*  C-weighting compensation: Off
*  Target level: 85.0 dB
* Note: ; Fosi DS1 Delay -0.0704 ms (-24 mm, -0.95 in) using estimated IR delay relative to Acoustic reference played from SPEAKER L with no timing offset Clock adjustment: -24.9 ppm
* Measurement: L
* Smoothing: 1/24 octave
* Frequency Step: 1/48 octave
* Start Frequency: 1.000 Hz
*
* Freq(Hz), SPL(dB), Phase(degrees)
1.000000, 82.048, -159.6122
1.015000, 82.188, -161.2175
1.030000, 82.332, -162.8359
1.044000, 82.468, -164.3620
1.060000, 82.628, -166.1288
1.075000, 82.783, -167.8116
1.090000, 82.942, -169.5235
1.106000, 83.117, -171.3813
1.120000, 83.276, -173.0249
1.138000, 83.488, -175.1460
1.150000, 83.633, -176.5572
1.172000, 83.906, -179.1264
1.180000, 84.007, 179.9456
1.206000, 84.342, 176.9837
1.220000, 84.525, 175.4290
1.241000, 84.803, 173.1569
1.250000, 84.923, 172.2063
1.265000, 85.122, 170.6539
1.280000, 85.322, 169.1420
1.315000, 85.783, 165.7692
1.320000, 85.848, 165.3046
1.340000, 86.106, 163.4872
1.360000, 86.358, 161.7333
1.380000, 86.603, 159.9997
1.400000, 86.839, 158.3040
1.430000, 87.175, 155.8461
1.450000, 87.384, 154.2567
1.475000, 87.628, 152.3229
1.500000, 87.855, 150.4626
1.525000, 88.068, 148.6873
1.550000, 88.268, 146.9996
1.575000, 88.457, 145.3809
1.600000, 88.637, 143.8138
1.625000, 88.808, 142.3239
1.650000, 88.973, 140.9049
1.675000, 89.132, 139.5498
1.700000, 89.288, 138.2517
1.725000, 89.442, 137.0034
1.750000, 89.594, 135.7980
1.775000, 89.748, 134.6147
1.800000, 89.904, 133.4340
1.825000, 90.063, 132.2790
1.850000, 90.224, 131.1501
1.875000, 90.385, 130.0547
1.900000, 90.545, 128.9968
1.925000, 90.703, 127.9774
1.950000, 90.860, 126.9968
1.975000, 91.014, 126.0428
2.000000, 91.168, 125.1033
2.030000, 91.349, 124.0213
2.060000, 91.527, 122.9835
2.090000, 91.702, 121.9852
2.120000, 91.874, 121.0214
2.140000, 91.986, 120.3955
2.180000, 92.207, 119.1575
2.200000, 92.315, 118.5340
2.240000, 92.525, 117.3147
2.270000, 92.679, 116.4270
2.300000, 92.829, 115.5647
2.330000, 92.976, 114.7289
2.360000, 93.120, 113.9198
2.400000, 93.307, 112.8440
2.430000, 93.444, 112.0616
2.470000, 93.622, 111.0555
2.500000, 93.754, 110.3264
2.540000, 93.925, 109.3844
2.580000, 94.093, 108.4554
2.620000, 94.256, 107.5171
2.650000, 94.375, 106.8282
2.690000, 94.529, 105.9317
2.720000, 94.642, 105.2773
2.760000, 94.789, 104.4318
2.800000, 94.932, 103.5799
2.850000, 95.105, 102.5515
2.900000, 95.274, 101.5682
2.950000, 95.438, 100.6224
3.000000, 95.596, 99.6736
3.040000, 95.718, 98.9211
3.070000, 95.807, 98.3681
3.110000, 95.923, 97.6480
3.150000, 96.036, 96.9489
3.200000, 96.173, 96.0767
3.250000, 96.307, 95.2262
3.300000, 96.437, 94.4091
3.350000, 96.563, 93.6167
3.400000, 96.685, 92.8173
3.450000, 96.803, 92.0274
3.500000, 96.917, 91.2605
3.550000, 97.028, 90.5196
3.600000, 97.136, 89.7795
3.650000, 97.242, 89.0549
3.700000, 97.346, 88.3524
3.750000, 97.448, 87.6658
3.820000, 97.585, 86.7022
3.870000, 97.680, 86.0278
3.950000, 97.827, 84.9865
4.000000, 97.917, 84.3361
4.060000, 98.023, 83.5645
4.120000, 98.126, 82.8102
4.180000, 98.226, 82.0655
4.250000, 98.340, 81.1890
4.310000, 98.434, 80.4576
4.370000, 98.526, 79.7403
4.440000, 98.631, 78.8923
4.500000, 98.719, 78.1751
4.550000, 98.790, 77.5854
4.620000, 98.887, 76.7499
4.680000, 98.967, 76.0421
4.750000, 99.058, 75.2331
4.820000, 99.146, 74.4139
4.870000, 99.207, 73.8286
4.940000, 99.289, 73.0179
5.000000, 99.357, 72.3193
5.080000, 99.444, 71.3951
5.150000, 99.516, 70.6035
5.220000, 99.585, 69.7997
5.300000, 99.660, 68.8826
5.380000, 99.730, 67.9801
5.450000, 99.788, 67.1908
5.520000, 99.841, 66.4229
5.600000, 99.898, 65.5486
5.700000, 99.961, 64.4593
5.800000, 100.019, 63.4034
5.900000, 100.071, 62.3788
6.000000, 100.117, 61.3831
6.080000, 100.150, 60.5996
6.150000, 100.177, 59.9419
6.220000, 100.202, 59.2946
6.300000, 100.227, 58.5819
6.400000, 100.256, 57.7215
6.500000, 100.282, 56.8897
6.600000, 100.307, 56.1021
6.700000, 100.332, 55.3442
6.800000, 100.356, 54.6240
6.900000, 100.379, 53.9305
7.000000, 100.404, 53.2750
7.100000, 100.428, 52.6473
7.200000, 100.453, 52.0507
7.300000, 100.480, 51.4722
7.400000, 100.511, 50.9201
7.500000, 100.545, 50.3867
7.620000, 100.589, 49.7679
7.750000, 100.641, 49.1134
7.880000, 100.698, 48.4669
8.000000, 100.755, 47.8783
8.120000, 100.816, 47.2801
8.250000, 100.887, 46.6264
8.380000, 100.963, 45.9590
8.500000, 101.035, 45.3170
8.620000, 101.109, 44.6562
8.750000, 101.192, 43.9086
8.850000, 101.256, 43.3032
9.000000, 101.352, 42.3546
9.120000, 101.427, 41.5520
9.250000, 101.505, 40.6342
9.380000, 101.578, 39.6743
9.500000, 101.639, 38.7498
9.620000, 101.692, 37.7971
9.750000, 101.738, 36.7353
9.880000, 101.765, 35.6690
10.000000, 101.768, 34.6931
10.150000, 101.747, 33.4605
10.300000, 101.701, 32.3024
10.440000, 101.636, 31.2982
10.600000, 101.544, 30.2754
10.750000, 101.447, 29.4717
10.900000, 101.344, 28.8233
11.060000, 101.237, 28.2944
11.200000, 101.149, 27.9519
11.380000, 101.053, 27.7081
11.500000, 101.003, 27.6597
11.720000, 100.949, 27.7216
11.800000, 100.944, 27.7680
12.060000, 100.982, 27.8916
12.200000, 101.034, 27.8434
12.410000, 101.140, 27.6147
12.500000, 101.190, 27.4420
12.650000, 101.275, 27.0528
12.800000, 101.357, 26.5479
13.150000, 101.508, 24.9463
13.200000, 101.524, 24.6816
13.400000, 101.568, 23.5909
13.600000, 101.584, 22.5156
13.800000, 101.573, 21.5165
14.000000, 101.542, 20.6450
14.300000, 101.475, 19.5739
14.500000, 101.430, 19.0690
14.750000, 101.388, 18.6292
15.000000, 101.373, 18.3240
15.250000, 101.391, 18.0000
15.500000, 101.431, 17.6208
15.750000, 101.479, 17.1393
16.000000, 101.524, 16.5434
16.250000, 101.556, 15.8213
16.500000, 101.568, 15.0687
16.750000, 101.560, 14.3483
17.000000, 101.537, 13.7077
17.250000, 101.507, 13.1450
17.500000, 101.476, 12.6957
17.750000, 101.451, 12.3415
18.000000, 101.435, 12.0416
18.250000, 101.429, 11.7262
18.500000, 101.431, 11.3896
18.750000, 101.435, 11.0193
19.000000, 101.438, 10.6144
19.250000, 101.437, 10.1611
19.500000, 101.431, 9.7092
19.750000, 101.420, 9.2781
20.000000, 101.406, 8.8795
20.299999, 101.391, 8.4117
20.600000, 101.379, 7.9787
20.900000, 101.374, 7.5574
21.200001, 101.372, 7.1058
21.400000, 101.372, 6.7853
21.799999, 101.369, 6.1105
22.000000, 101.365, 5.7595
22.400000, 101.349, 5.0300
22.700001, 101.328, 4.5127
23.000000, 101.301, 4.0491
23.299999, 101.270, 3.6448
23.600000, 101.241, 3.3197
24.000000, 101.213, 2.9849
24.299999, 101.204, 2.7505
24.700001, 101.202, 2.4219
25.000000, 101.202, 2.1437
25.400000, 101.197, 1.7235
25.799999, 101.182, 1.3116
26.200001, 101.163, 0.9189
26.500000, 101.151, 0.6194
26.900000, 101.139, 0.1790
27.200001, 101.127, -0.2161
27.600000, 101.098, -0.8199
28.000000, 101.048, -1.4454
28.500000, 100.961, -2.1482
29.000000, 100.871, -2.6432
29.500000, 100.808, -2.9906
30.000000, 100.784, -3.3700
30.400000, 100.780, -3.8256
30.700001, 100.775, -4.2490
31.100000, 100.749, -4.8354
31.500000, 100.700, -5.2762
32.000000, 100.645, -5.3606
32.500000, 100.680, -5.0470
33.000000, 100.842, -5.0066
33.500000, 101.043, -5.9340
34.000000, 101.130, -7.7180
34.500000, 101.014, -9.5168
35.000000, 100.745, -10.3480
35.500000, 100.481, -9.8622
36.000000, 100.362, -8.6730
36.500000, 100.379, -7.8132
37.000000, 100.416, -7.7087
37.500000, 100.381, -8.0290
38.200001, 100.239, -8.1688
38.700001, 100.176, -7.9088
39.500000, 100.235, -8.0000
40.000000, 100.287, -8.8608
40.599998, 100.249, -10.3470
41.200001, 100.113, -11.4584
41.799999, 99.993, -11.8475
42.500000, 99.970, -12.0453
43.099998, 99.985, -12.4978
43.700001, 99.963, -12.9883
44.400002, 99.916, -13.1993
45.000000, 99.908, -13.1820
45.500000, 99.922, -13.2654
46.200001, 99.923, -13.7227
46.799999, 99.864, -14.2174
47.500000, 99.760, -14.4094
48.200001, 99.727, -14.3681
48.700001, 99.749, -14.6942
49.400002, 99.716, -15.6970
50.000000, 99.588, -16.2094
50.799999, 99.515, -15.6967
51.500000, 99.665, -15.7843
52.200001, 99.734, -17.2862
53.000000, 99.503, -18.4297
53.799999, 99.309, -17.3172
54.500000, 99.412, -16.3361
55.200001, 99.547, -16.8705
56.000000, 99.495, -18.2324
57.000000, 99.252, -18.8861
58.000000, 99.069, -18.5806
59.000000, 98.971, -18.0666
60.000000, 98.957, -17.3294
60.799999, 99.044, -17.0688
61.500000, 99.127, -17.4767
62.200001, 99.142, -18.2481
63.000000, 99.084, -19.0633
64.000000, 98.994, -19.6903
65.000000, 98.954, -20.2483
66.000000, 98.958, -20.9904
67.000000, 98.972, -21.5126
68.000000, 99.014, -22.0127
69.000000, 98.966, -22.2012
70.000000, 98.889, -21.6030
71.000000, 98.761, -20.9189
72.000000, 98.580, -19.9369
73.000000, 98.396, -19.5328
74.000000, 98.125, -19.3632
75.000000, 98.004, -19.5610
76.199997, 97.851, -21.5128
77.500000, 97.815, -22.3591
78.800003, 97.921, -24.1288
80.000000, 97.883, -23.5978
81.199997, 98.039, -22.7955
82.500000, 97.923, -22.4905
83.800003, 97.769, -21.0464
85.000000, 97.709, -20.9572
86.199997, 97.555, -22.0398
87.500000, 97.343, -22.3622
88.500000, 97.367, -21.9807
90.000000, 97.538, -22.8292
91.199997, 97.475, -23.6133
92.500000, 97.291, -22.9601
93.800003, 97.188, -21.5465
95.000000, 97.145, -20.8607
96.199997, 97.105, -20.5053
97.500000, 97.121, -20.6458
98.800003, 97.110, -21.6406
100.000000, 97.017, -22.4924
101.500000, 96.895, -22.9117
103.000000, 96.799, -23.0522
104.400002, 96.709, -23.0719
106.000000, 96.621, -22.8806
107.500000, 96.577, -22.7866
109.000000, 96.537, -22.8998
110.599998, 96.486, -23.1382
112.000000, 96.435, -23.3003
113.800003, 96.365, -23.2673
115.000000, 96.329, -23.0789
117.199997, 96.280, -22.7245
118.000000, 96.255, -22.5850
120.599998, 96.169, -22.0265
122.000000, 96.124, -21.9125
124.099998, 96.022, -21.8704
125.000000, 95.980, -21.7943
126.500000, 95.927, -21.6152
128.000000, 95.883, -21.5569
131.500000, 95.749, -21.2855
132.000000, 95.730, -21.2297
134.000000, 95.656, -21.0476
136.000000, 95.597, -20.8927
138.000000, 95.554, -20.7898
140.000000, 95.511, -20.7076
143.000000, 95.434, -20.5232
145.000000, 95.386, -20.3499
147.500000, 95.326, -20.1296
150.000000, 95.251, -19.8874
152.500000, 95.179, -19.7452
155.000000, 95.122, -19.6017
157.500000, 95.081, -19.3558
160.000000, 95.026, -19.0546
162.500000, 94.962, -18.7671
165.000000, 94.902, -18.6182
167.500000, 94.836, -18.4627
170.000000, 94.787, -18.1525
172.500000, 94.747, -17.9302
175.000000, 94.694, -17.9052
177.500000, 94.595, -17.7814
180.000000, 94.481, -17.1172
182.500000, 94.438, -16.1229
185.000000, 94.450, -15.5844
187.500000, 94.424, -15.4069
190.000000, 94.354, -15.3984
192.500000, 94.296, -15.6902
195.000000, 94.268, -15.9100
197.500000, 94.220, -15.7161
200.000000, 94.134, -14.8154
203.000000, 94.056, -14.3110
206.000000, 93.973, -14.2870
209.000000, 93.968, -13.5797
212.000000, 93.999, -13.1748
214.000000, 93.977, -13.1093
218.000000, 93.862, -12.7614
220.000000, 93.798, -12.4336
224.000000, 93.722, -11.5413
227.000000, 93.717, -10.7879
230.000000, 93.733, -10.1994
233.000000, 93.762, -9.8856
236.000000, 93.793, -9.7640
240.000000, 93.809, -9.6818
243.000000, 93.803, -9.7446
247.000000, 93.751, -9.5265
250.000000, 93.705, -9.3126
254.000000, 93.645, -9.2088
258.000000, 93.587, -8.7303
262.000000, 93.548, -8.0092
265.000000, 93.506, -7.5589
269.000000, 93.456, -7.1062
272.000000, 93.424, -7.0020
276.000000, 93.389, -6.8512
280.000000, 93.361, -6.4553
285.000000, 93.323, -5.9497
290.000000, 93.279, -5.4341
295.000000, 93.236, -4.8301
300.000000, 93.209, -4.2775
304.000000, 93.210, -3.9446
307.000000, 93.212, -3.6829
311.000000, 93.193, -3.3740
315.000000, 93.167, -3.1410
320.000000, 93.165, -2.7581
325.000000, 93.155, -1.9071
330.000000, 93.094, -1.1304
335.000000, 93.062, -0.9408
340.000000, 93.052, -0.6012
345.000000, 93.034, -0.1683
350.000000, 93.007, 0.2706
355.000000, 92.987, 0.7584
360.000000, 92.978, 1.2338
365.000000, 92.989, 1.6176
370.000000, 93.000, 1.8195
375.000000, 92.946, 2.3610
382.000000, 92.882, 2.9755
387.000000, 92.856, 3.5428
395.000000, 92.795, 4.5845
400.000000, 92.760, 4.9634
406.000000, 92.764, 5.3437
412.000000, 92.767, 5.9413
418.000000, 92.742, 6.5963
425.000000, 92.702, 7.2531
431.000000, 92.684, 7.7819
437.000000, 92.673, 8.2845
444.000000, 92.659, 8.9256
450.000000, 92.644, 9.4959
455.000000, 92.637, 9.9662
462.000000, 92.627, 10.5787
468.000000, 92.614, 11.1063
475.000000, 92.607, 11.8119
482.000000, 92.600, 12.5422
487.000000, 92.595, 12.9742
494.000000, 92.593, 13.4991
500.000000, 92.588, 13.9133
508.000000, 92.580, 14.5803
515.000000, 92.575, 15.1924
522.000000, 92.575, 15.8080
530.000000, 92.578, 16.4546
538.000000, 92.578, 17.1324
545.000000, 92.573, 17.7558
552.000000, 92.572, 18.4071
560.000000, 92.576, 19.1307
570.000000, 92.575, 19.9858
580.000000, 92.592, 20.7573
590.000000, 92.608, 21.6663
600.000000, 92.615, 22.4877
608.000000, 92.625, 23.1284
615.000000, 92.633, 23.7439
622.000000, 92.639, 24.3677
630.000000, 92.646, 25.0372
640.000000, 92.654, 25.8289
650.000000, 92.666, 26.6428
660.000000, 92.685, 27.5009
670.000000, 92.708, 28.3694
680.000000, 92.729, 29.1590
690.000000, 92.752, 29.9777
700.000000, 92.777, 30.8128
710.000000, 92.806, 31.6382
720.000000, 92.836, 32.4166
730.000000, 92.869, 33.2160
740.000000, 92.902, 34.0140
750.000000, 92.934, 34.8369
762.000000, 92.978, 35.8063
775.000000, 93.027, 36.8205
788.000000, 93.073, 37.8270
800.000000, 93.123, 38.7343
812.000000, 93.182, 39.6066
825.000000, 93.253, 40.5021
838.000000, 93.320, 41.3472
850.000000, 93.371, 42.0931
862.000000, 93.409, 42.8602
875.000000, 93.445, 43.7228
885.000000, 93.477, 44.4193
900.000000, 93.536, 45.4708
912.000000, 93.592, 46.3066
925.000000, 93.651, 47.2031
938.000000, 93.709, 48.1321
950.000000, 93.768, 49.0083
962.000000, 93.834, 49.8444
975.000000, 93.911, 50.7039
988.000000, 93.990, 51.5406
1000.000000, 94.063, 52.2902
1015.000000, 94.158, 53.1740
1030.000000, 94.260, 53.9818
1044.000000, 94.358, 54.6762
1060.000000, 94.464, 55.4471
1075.000000, 94.552, 56.1776
1090.000000, 94.637, 56.8834
1106.000000, 94.739, 57.5978
1120.000000, 94.834, 58.1708
1138.000000, 94.959, 58.8720
1150.000000, 95.038, 59.3354
1172.000000, 95.175, 60.1781
1180.000000, 95.224, 60.4768
1206.000000, 95.395, 61.4589
1220.000000, 95.491, 61.9596
1241.000000, 95.633, 62.6687
1250.000000, 95.689, 62.9753
1265.000000, 95.778, 63.5112
1280.000000, 95.862, 64.0444
1315.000000, 96.063, 65.2620
1320.000000, 96.093, 65.4269
1340.000000, 96.213, 66.0759
1360.000000, 96.315, 66.7323
1380.000000, 96.406, 67.3555
1400.000000, 96.502, 68.0536
1430.000000, 96.648, 69.1083
1450.000000, 96.751, 69.7585
1475.000000, 96.889, 70.5575
1500.000000, 97.026, 71.3782
1525.000000, 97.160, 72.1908
1550.000000, 97.290, 72.9773
1575.000000, 97.417, 73.7571
1600.000000, 97.544, 74.5292
1625.000000, 97.676, 75.2529
1650.000000, 97.813, 75.9508
1675.000000, 97.951, 76.6109
1700.000000, 98.087, 77.2787
1725.000000, 98.217, 77.9247
1750.000000, 98.344, 78.5612
1775.000000, 98.469, 79.1682
1800.000000, 98.593, 79.7628
1825.000000, 98.718, 80.3466
1850.000000, 98.843, 80.9146
1875.000000, 98.969, 81.4649
1900.000000, 99.094, 81.9872
1925.000000, 99.219, 82.5020
1950.000000, 99.344, 82.9751
1975.000000, 99.470, 83.4388
2000.000000, 99.597, 83.8557
2030.000000, 99.746, 84.3398
2060.000000, 99.887, 84.7945
2090.000000, 100.027, 85.2166
2120.000000, 100.172, 85.5955
2140.000000, 100.271, 85.8314
2180.000000, 100.466, 86.2461
2200.000000, 100.558, 86.4354
2240.000000, 100.732, 86.7619
2270.000000, 100.859, 86.9733
2300.000000, 100.985, 87.1333
2330.000000, 101.107, 87.2582
2360.000000, 101.222, 87.3456
2400.000000, 101.367, 87.3993
2430.000000, 101.474, 87.3948
2470.000000, 101.614, 87.3455
2500.000000, 101.710, 87.2804
2540.000000, 101.820, 87.1688
2580.000000, 101.907, 87.0210
2620.000000, 101.981, 86.8645
2650.000000, 102.033, 86.7324
2690.000000, 102.102, 86.5403
2720.000000, 102.148, 86.3869
2760.000000, 102.194, 86.1925
2800.000000, 102.220, 86.0121
2850.000000, 102.228, 85.8073
2900.000000, 102.223, 85.6187
2950.000000, 102.207, 85.4692
3000.000000, 102.176, 85.3680
3040.000000, 102.139, 85.3371
3070.000000, 102.104, 85.3425
3110.000000, 102.051, 85.3907
3150.000000, 101.995, 85.4705
3200.000000, 101.919, 85.6350
3250.000000, 101.835, 85.8722
3300.000000, 101.740, 86.1993
3350.000000, 101.641, 86.5852
3400.000000, 101.540, 87.0479
3450.000000, 101.443, 87.5666
3500.000000, 101.348, 88.1495
3550.000000, 101.255, 88.7886
3600.000000, 101.164, 89.4818
3650.000000, 101.073, 90.2196
3700.000000, 100.976, 91.0204
3750.000000, 100.878, 91.8617
3820.000000, 100.746, 93.0942
3870.000000, 100.654, 94.0158
3950.000000, 100.505, 95.5608
4000.000000, 100.411, 96.5589
4060.000000, 100.298, 97.7968
4120.000000, 100.191, 99.0592
4180.000000, 100.088, 100.3482
4250.000000, 99.967, 101.8760
4310.000000, 99.858, 103.2277
4370.000000, 99.740, 104.6160
4440.000000, 99.600, 106.3043
4500.000000, 99.489, 107.7951
4550.000000, 99.404, 109.0435
4620.000000, 99.294, 110.7490
4680.000000, 99.204, 112.1530
4750.000000, 99.098, 113.7420
4820.000000, 98.986, 115.3291
4870.000000, 98.902, 116.4642
4940.000000, 98.775, 118.1088
5000.000000, 98.661, 119.5450
5080.000000, 98.511, 121.4909
5150.000000, 98.387, 123.2439
5220.000000, 98.272, 125.0849
5300.000000, 98.159, 127.1939
5380.000000, 98.046, 129.1353
5450.000000, 97.927, 130.8095
5520.000000, 97.799, 132.5392
5600.000000, 97.655, 134.5863
5700.000000, 97.479, 137.2433
5800.000000, 97.308, 139.9626
5900.000000, 97.142, 142.7565
6000.000000, 96.979, 145.6247
6080.000000, 96.853, 147.9870
6150.000000, 96.751, 150.1062
6220.000000, 96.655, 152.2795
6300.000000, 96.551, 154.8337
6400.000000, 96.433, 158.1459
6500.000000, 96.341, 161.5902
6600.000000, 96.288, 165.0921
6700.000000, 96.286, 168.5568
6800.000000, 96.334, 171.9027
6900.000000, 96.439, 175.0698
7000.000000, 96.594, 178.0748
7100.000000, 96.781, -179.0864
7200.000000, 96.996, -176.4438
7300.000000, 97.243, -174.0869
7400.000000, 97.526, -172.1113
7500.000000, 97.845, -170.6402
7620.000000, 98.267, -169.7017
7750.000000, 98.705, -169.8250
7880.000000, 98.984, -171.1562
8000.000000, 99.074, -173.3119
8120.000000, 98.987, -176.1130
8250.000000, 98.666, -179.5632
8380.000000, 98.091, 176.9037
8500.000000, 97.326, 173.9245
8620.000000, 96.335, 171.6334
8750.000000, 95.031, 170.5237
8850.000000, 93.911, 170.9689
9000.000000, 92.173, 173.9028
9120.000000, 90.826, 177.9619
9250.000000, 89.475, -176.4056
9380.000000, 88.250, -169.9174
9500.000000, 87.228, -163.4504
9620.000000, 86.293, -156.6635
9750.000000, 85.363, -149.0220
9880.000000, 84.503, -141.1163
10000.000000, 83.760, -133.5787
10150.000000, 82.894, -123.7857
10300.000000, 82.097, -113.4853
10440.000000, 81.424, -103.3046
10600.000000, 80.765, -90.8090
10750.000000, 80.325, -78.2635
10900.000000, 80.151, -65.3231
11060.000000, 80.300, -52.1989
11200.000000, 80.632, -42.2292
11380.000000, 81.113, -31.8626
11500.000000, 81.361, -26.0750
11720.000000, 81.587, -16.3242
11800.000000, 81.606, -12.7541
12060.000000, 81.557, -0.4511
12200.000000, 81.518, 6.6687
12410.000000, 81.495, 17.8593
12500.000000, 81.509, 22.8029
12650.000000, 81.574, 31.1780
12800.000000, 81.696, 39.6644
13150.000000, 82.232, 59.6371
13200.000000, 82.341, 62.4884
13400.000000, 82.863, 73.8192
13600.000000, 83.545, 84.9549
13800.000000, 84.419, 95.7021
14000.000000, 85.518, 105.9491
14300.000000, 87.739, 119.5301
14500.000000, 89.721, 126.0393
14750.000000, 92.725, 127.9434
15000.000000, 95.515, 118.8681
15250.000000, 96.610, 100.3202
15500.000000, 95.379, 82.7315
15750.000000, 92.843, 74.8491
16000.000000, 90.340, 76.0516
16250.000000, 88.408, 82.0276
16500.000000, 86.991, 89.5704
16750.000000, 85.894, 97.1602
17000.000000, 84.953, 104.2072
17250.000000, 84.033, 110.6120
17500.000000, 83.034, 116.6463
17750.000000, 81.895, 122.8712
18000.000000, 80.609, 129.9079
18250.000000, 79.231, 138.2598
18500.000000, 77.894, 148.1697
18750.000000, 76.783, 159.6417
19000.000000, 75.960, 172.5472
19250.000000, 75.235, -173.3320
19500.000000, 74.381, -158.2183
19750.000000, 73.371, -142.3372
20000.000000, 72.253, -125.8144
20300.000000, 70.908, -105.2805
20600.000000, 69.747, -84.5157
20900.000000, 68.736, -64.4871
21200.000000, 67.751, -46.3481
21400.000000, 67.005, -35.7363
21800.000000, 64.929, -17.5091
22000.000000, 63.471, -8.9073
22400.000000, 59.670, 9.6952
22700.000000, 56.122, 25.5808
23000.000000, 52.009, 42.7825
23300.000000, 47.288, 60.5820
23600.000000, 42.033, 78.5121
24000.000000, 36.506, 104.7238
