* Measurement data measured by REW V5.31.3
* Source: Headset (DS by VECLAN.COM), MICROPHONE (Master Volume), L, volume: 1.000. Timing signal peak level -17.2 dBFS, measurement signal peak level -13.4 dBFS
* Format: 2M Log Swept Sine, 1 sweep at -38.1 dBFS using an acoustic timing reference
* Dated: Apr 9, 2025 11:15:24 AM
* REW Settings:
*  C-weighting compensation: Off
*  Target level: 85.0 dB
* Note: ; Fosi DS1 Delay -0.0710 ms (-24 mm, -0.96 in) using estimated IR delay relative to Acoustic reference played from SPEAKER R with no timing offset Clock adjustment: -24.6 ppm
* Measurement: R
* Smoothing: 1/24 octave
* Frequency Step: 1/48 octave
* Start Frequency: 1.000 Hz
*
* Freq(Hz), SPL(dB), Phase(degrees)
1.000000, 82.124, 120.9102
1.015000, 82.336, 121.0978
1.030000, 82.546, 121.2723
1.044000, 82.741, 121.4230
1.060000, 82.961, 121.5805
1.075000, 83.165, 121.7138
1.090000, 83.368, 121.8349
1.106000, 83.582, 121.9615
1.120000, 83.769, 122.0877
1.138000, 84.009, 122.2789
1.150000, 84.168, 122.4219
1.172000, 84.459, 122.7030
1.180000, 84.564, 122.8060
1.206000, 84.903, 123.1514
1.220000, 85.083, 123.3392
1.241000, 85.351, 123.6165
1.250000, 85.464, 123.7322
1.265000, 85.651, 123.9187
1.280000, 85.835, 124.0955
1.315000, 86.253, 124.4602
1.320000, 86.311, 124.5059
1.340000, 86.540, 124.6710
1.360000, 86.762, 124.8067
1.380000, 86.976, 124.8727
1.400000, 87.183, 124.8902
1.430000, 87.476, 124.8503
1.450000, 87.660, 124.7805
1.475000, 87.875, 124.6645
1.500000, 88.071, 124.5658
1.525000, 88.248, 124.4997
1.550000, 88.410, 124.4571
1.575000, 88.557, 124.4099
1.600000, 88.693, 124.3348
1.625000, 88.818, 124.2538
1.650000, 88.937, 124.1595
1.675000, 89.050, 124.0455
1.700000, 89.161, 123.9063
1.725000, 89.271, 123.7371
1.750000, 89.382, 123.5343
1.775000, 89.498, 123.2804
1.800000, 89.619, 122.9601
1.825000, 89.747, 122.6038
1.850000, 89.882, 122.2302
1.875000, 90.019, 121.8651
1.900000, 90.157, 121.5146
1.925000, 90.296, 121.1759
1.950000, 90.435, 120.8451
1.975000, 90.574, 120.5072
2.000000, 90.713, 120.1477
2.030000, 90.880, 119.7119
2.060000, 91.045, 119.2647
2.090000, 91.209, 118.8004
2.120000, 91.372, 118.3143
2.140000, 91.479, 117.9758
2.180000, 91.690, 117.2411
2.200000, 91.794, 116.8383
2.240000, 92.000, 116.0249
2.270000, 92.153, 115.4219
2.300000, 92.304, 114.8276
2.330000, 92.454, 114.2412
2.360000, 92.602, 113.6608
2.400000, 92.798, 112.8554
2.430000, 92.942, 112.2479
2.470000, 93.132, 111.4357
2.500000, 93.272, 110.8214
2.540000, 93.455, 109.9906
2.580000, 93.635, 109.1301
2.620000, 93.811, 108.2334
2.650000, 93.941, 107.5639
2.690000, 94.112, 106.6794
2.720000, 94.237, 106.0242
2.760000, 94.401, 105.1645
2.800000, 94.562, 104.2829
2.850000, 94.759, 103.1944
2.900000, 94.949, 102.1231
2.950000, 95.134, 101.0602
3.000000, 95.313, 99.9697
3.040000, 95.452, 99.0915
3.070000, 95.554, 98.4392
3.110000, 95.688, 97.5824
3.150000, 95.817, 96.7436
3.200000, 95.975, 95.6949
3.250000, 96.129, 94.6672
3.300000, 96.278, 93.6712
3.350000, 96.422, 92.6930
3.400000, 96.560, 91.6996
3.450000, 96.694, 90.7128
3.500000, 96.824, 89.7513
3.550000, 96.950, 88.8230
3.600000, 97.073, 87.9061
3.650000, 97.193, 87.0172
3.700000, 97.310, 86.1594
3.750000, 97.424, 85.3210
3.820000, 97.577, 84.1515
3.870000, 97.684, 83.3387
3.950000, 97.849, 82.0997
4.000000, 97.951, 81.3444
4.060000, 98.072, 80.4673
4.120000, 98.189, 79.6258
4.180000, 98.304, 78.8081
4.250000, 98.436, 77.8624
4.310000, 98.547, 77.0847
4.370000, 98.658, 76.3335
4.440000, 98.786, 75.4651
4.500000, 98.896, 74.7488
4.550000, 98.986, 74.1700
4.620000, 99.112, 73.3587
4.680000, 99.219, 72.6747
4.750000, 99.342, 71.8928
4.820000, 99.465, 71.1050
4.870000, 99.553, 70.5484
4.940000, 99.674, 69.7836
5.000000, 99.777, 69.1239
5.080000, 99.911, 68.2418
5.150000, 100.026, 67.4739
5.220000, 100.138, 66.6866
5.300000, 100.263, 65.7841
5.380000, 100.383, 64.8899
5.450000, 100.483, 64.0989
5.520000, 100.578, 63.3173
5.600000, 100.679, 62.4125
5.700000, 100.797, 61.2725
5.800000, 100.903, 60.1648
5.900000, 100.999, 59.0889
6.000000, 101.082, 58.0331
6.080000, 101.141, 57.2029
6.150000, 101.187, 56.5152
6.220000, 101.229, 55.8532
6.300000, 101.270, 55.1394
6.400000, 101.313, 54.2945
6.500000, 101.350, 53.5058
6.600000, 101.385, 52.8031
6.700000, 101.418, 52.1758
6.800000, 101.449, 51.6218
6.900000, 101.483, 51.1201
7.000000, 101.522, 50.6826
7.100000, 101.565, 50.3040
7.200000, 101.614, 49.9678
7.300000, 101.672, 49.6331
7.400000, 101.741, 49.3028
7.500000, 101.819, 48.9738
7.620000, 101.922, 48.5462
7.750000, 102.041, 47.9923
7.880000, 102.168, 47.3430
8.000000, 102.285, 46.6633
8.120000, 102.398, 45.8764
8.250000, 102.514, 44.9138
8.380000, 102.617, 43.8759
8.500000, 102.697, 42.8532
8.620000, 102.761, 41.7756
8.750000, 102.813, 40.5959
8.850000, 102.839, 39.6985
9.000000, 102.857, 38.3704
9.120000, 102.857, 37.3556
9.250000, 102.844, 36.3385
9.380000, 102.820, 35.4042
9.500000, 102.793, 34.6152
9.620000, 102.766, 33.9198
9.750000, 102.736, 33.2545
9.880000, 102.706, 32.6582
10.000000, 102.678, 32.1688
10.150000, 102.645, 31.5802
10.300000, 102.619, 31.0019
10.440000, 102.601, 30.4538
10.600000, 102.587, 29.7909
10.750000, 102.577, 29.1051
10.900000, 102.568, 28.3683
11.060000, 102.551, 27.5105
11.200000, 102.528, 26.6896
11.380000, 102.480, 25.6656
11.500000, 102.436, 25.0229
11.720000, 102.338, 23.9843
11.800000, 102.299, 23.6707
12.060000, 102.176, 22.8750
12.200000, 102.122, 22.5696
12.410000, 102.066, 22.2783
12.500000, 102.053, 22.1908
12.650000, 102.047, 22.0755
12.800000, 102.058, 21.9504
13.150000, 102.140, 21.3778
13.200000, 102.155, 21.2485
13.400000, 102.215, 20.6276
13.600000, 102.264, 19.8749
13.800000, 102.289, 19.0350
14.000000, 102.288, 18.1919
14.300000, 102.238, 17.0101
14.500000, 102.182, 16.4161
14.750000, 102.109, 15.9341
15.000000, 102.054, 15.7116
15.250000, 102.040, 15.5919
15.500000, 102.065, 15.4791
15.750000, 102.117, 15.2533
16.000000, 102.181, 14.8348
16.250000, 102.238, 14.1783
16.500000, 102.274, 13.3761
16.750000, 102.282, 12.5090
17.000000, 102.264, 11.6553
17.250000, 102.226, 10.8452
17.500000, 102.175, 10.1453
17.750000, 102.120, 9.5645
18.000000, 102.067, 9.0829
18.250000, 102.021, 8.6454
18.500000, 101.982, 8.2515
18.750000, 101.953, 7.8820
19.000000, 101.931, 7.5194
19.250000, 101.917, 7.1228
19.500000, 101.908, 6.7133
19.750000, 101.901, 6.2867
20.000000, 101.896, 5.8417
20.299999, 101.889, 5.2565
20.600000, 101.878, 4.6684
20.900000, 101.862, 4.0993
21.200001, 101.842, 3.5493
21.400000, 101.827, 3.2029
21.799999, 101.797, 2.5757
22.000000, 101.783, 2.2895
22.400000, 101.757, 1.7355
22.700001, 101.738, 1.3582
23.000000, 101.719, 1.0137
23.299999, 101.702, 0.6858
23.600000, 101.688, 0.3792
24.000000, 101.676, -0.0254
24.299999, 101.669, -0.3652
24.700001, 101.657, -0.8545
25.000000, 101.641, -1.2336
25.400000, 101.609, -1.7361
25.799999, 101.571, -2.1799
26.200001, 101.536, -2.5802
26.500000, 101.514, -2.8746
26.900000, 101.491, -3.2761
27.200001, 101.476, -3.6021
27.600000, 101.455, -4.0606
28.000000, 101.433, -4.5250
28.500000, 101.404, -5.1195
29.000000, 101.375, -5.6841
29.500000, 101.344, -6.1905
30.000000, 101.317, -6.6158
30.400000, 101.304, -6.9445
30.700001, 101.299, -7.2049
31.100000, 101.291, -7.5979
31.500000, 101.271, -8.0293
32.000000, 101.220, -8.4915
32.500000, 101.157, -8.7456
33.000000, 101.115, -8.8245
33.500000, 101.105, -8.9790
34.000000, 101.100, -9.3581
34.500000, 101.065, -9.8886
35.000000, 100.993, -10.3495
35.500000, 100.914, -10.6230
36.000000, 100.859, -10.7845
36.500000, 100.830, -11.0304
37.000000, 100.803, -11.4443
37.500000, 100.756, -11.9519
38.200001, 100.662, -12.5068
38.700001, 100.604, -12.7203
39.500000, 100.562, -13.0179
40.000000, 100.546, -13.3337
40.599998, 100.506, -13.8073
41.200001, 100.439, -14.1676
41.799999, 100.371, -14.3465
42.500000, 100.313, -14.4683
43.099998, 100.278, -14.6409
43.700001, 100.245, -14.9432
44.400002, 100.187, -15.4494
45.000000, 100.116, -15.8392
45.500000, 100.064, -16.0588
46.200001, 100.024, -16.4193
46.799999, 99.994, -16.9031
47.500000, 99.936, -17.3458
48.200001, 99.916, -17.5476
48.700001, 99.931, -17.8205
49.400002, 99.912, -18.4191
50.000000, 99.836, -18.5950
50.799999, 99.803, -18.1077
51.500000, 99.873, -18.0977
52.200001, 99.864, -18.7909
53.000000, 99.697, -19.1057
53.799999, 99.581, -18.5215
54.500000, 99.598, -18.3426
55.200001, 99.592, -19.0311
56.000000, 99.438, -19.9346
57.000000, 99.230, -19.6779
58.000000, 99.252, -19.3029
59.000000, 99.313, -19.7759
60.000000, 99.323, -20.7263
60.799999, 99.204, -21.4863
61.500000, 99.057, -21.4091
62.200001, 98.972, -21.1090
63.000000, 98.858, -21.1855
64.000000, 98.613, -20.1876
65.000000, 98.697, -18.6155
66.000000, 98.867, -19.7173
67.000000, 98.714, -20.8094
68.000000, 98.660, -20.2505
69.000000, 98.736, -20.7992
70.000000, 98.547, -21.4331
71.000000, 98.362, -20.3381
72.000000, 98.359, -19.8291
73.000000, 98.255, -20.5917
74.000000, 98.050, -21.2456
75.000000, 97.911, -21.9115
76.199997, 97.789, -23.1347
77.500000, 97.745, -23.6552
78.800003, 97.923, -23.6541
80.000000, 98.127, -24.2260
81.199997, 98.137, -24.9269
82.500000, 97.967, -24.7207
83.800003, 97.752, -23.9616
85.000000, 97.577, -23.2770
86.199997, 97.459, -23.0102
87.500000, 97.386, -23.0291
88.500000, 97.369, -23.1730
90.000000, 97.365, -23.4152
91.199997, 97.358, -23.5205
92.500000, 97.321, -23.5136
93.800003, 97.260, -23.4477
95.000000, 97.195, -23.4337
96.199997, 97.138, -23.4227
97.500000, 97.090, -23.4154
98.800003, 97.047, -23.4891
100.000000, 96.985, -23.4936
101.500000, 96.909, -23.3566
103.000000, 96.837, -23.1253
104.400002, 96.792, -23.1223
106.000000, 96.723, -23.1347
107.500000, 96.684, -23.1990
109.000000, 96.623, -23.2396
110.599998, 96.564, -23.3024
112.000000, 96.479, -23.3066
113.800003, 96.396, -22.9617
115.000000, 96.352, -22.8137
117.199997, 96.294, -22.5317
118.000000, 96.268, -22.5394
120.599998, 96.153, -22.3231
122.000000, 96.107, -22.1784
124.099998, 96.051, -22.1074
125.000000, 96.022, -22.1021
126.500000, 95.969, -21.9964
128.000000, 95.910, -21.9413
131.500000, 95.772, -21.3857
132.000000, 95.763, -21.3241
134.000000, 95.718, -21.2899
136.000000, 95.651, -21.2457
138.000000, 95.583, -21.1648
140.000000, 95.516, -21.0114
143.000000, 95.436, -20.7388
145.000000, 95.383, -20.6158
147.500000, 95.319, -20.4207
150.000000, 95.269, -20.1218
152.500000, 95.221, -19.8150
155.000000, 95.179, -19.6060
157.500000, 95.134, -19.3533
160.000000, 95.094, -18.9771
162.500000, 95.026, -18.5764
165.000000, 94.943, -18.2772
167.500000, 94.862, -18.1349
170.000000, 94.818, -17.9456
172.500000, 94.788, -17.7723
175.000000, 94.729, -17.5729
177.500000, 94.644, -17.1670
180.000000, 94.576, -16.7937
182.500000, 94.522, -16.5738
185.000000, 94.479, -16.3253
187.500000, 94.457, -15.9543
190.000000, 94.434, -15.6828
192.500000, 94.399, -15.4682
195.000000, 94.348, -15.2736
197.500000, 94.279, -15.1429
200.000000, 94.203, -14.8286
203.000000, 94.167, -14.4701
206.000000, 94.112, -14.0321
209.000000, 94.079, -13.3655
212.000000, 94.065, -13.0716
214.000000, 94.053, -12.7414
218.000000, 94.086, -11.5650
220.000000, 94.125, -11.2782
224.000000, 94.033, -11.9129
227.000000, 93.857, -11.6145
230.000000, 93.778, -10.7867
233.000000, 93.769, -10.4161
236.000000, 93.736, -10.3347
240.000000, 93.637, -9.7532
243.000000, 93.590, -8.9292
247.000000, 93.632, -8.4570
250.000000, 93.628, -8.2287
254.000000, 93.582, -7.7859
258.000000, 93.589, -7.3034
262.000000, 93.578, -7.0996
265.000000, 93.570, -6.9354
269.000000, 93.576, -6.6406
272.000000, 93.552, -6.3164
276.000000, 93.484, -5.9751
280.000000, 93.431, -5.6647
285.000000, 93.397, -5.4035
290.000000, 93.331, -5.5466
295.000000, 93.290, -4.9018
300.000000, 93.336, -3.5087
304.000000, 93.383, -2.9408
307.000000, 93.395, -2.8042
311.000000, 93.375, -2.6329
315.000000, 93.344, -2.3205
320.000000, 93.306, -1.8437
325.000000, 93.264, -1.4364
330.000000, 93.247, -1.1687
335.000000, 93.233, -0.6538
340.000000, 93.213, -0.0897
345.000000, 93.191, 0.4171
350.000000, 93.170, 0.8686
355.000000, 93.144, 1.3017
360.000000, 93.134, 1.7995
365.000000, 93.187, 2.2149
370.000000, 93.266, 2.7351
375.000000, 93.283, 2.8917
382.000000, 93.175, 3.3785
387.000000, 93.098, 3.7798
395.000000, 92.998, 4.6468
400.000000, 92.965, 5.2838
406.000000, 92.960, 5.8216
412.000000, 92.944, 6.3603
418.000000, 92.926, 6.9744
425.000000, 92.907, 7.6841
431.000000, 92.890, 8.2270
437.000000, 92.875, 8.7063
444.000000, 92.860, 9.2908
450.000000, 92.845, 9.8206
455.000000, 92.831, 10.2952
462.000000, 92.810, 10.9325
468.000000, 92.796, 11.4339
475.000000, 92.788, 12.0268
482.000000, 92.783, 12.6469
487.000000, 92.782, 13.0831
494.000000, 92.784, 13.6736
500.000000, 92.777, 14.1871
508.000000, 92.771, 14.9310
515.000000, 92.767, 15.5779
522.000000, 92.764, 16.1999
530.000000, 92.768, 16.8601
538.000000, 92.777, 17.4993
545.000000, 92.785, 18.0580
552.000000, 92.790, 18.6431
560.000000, 92.792, 19.3257
570.000000, 92.791, 20.1779
580.000000, 92.794, 21.0807
590.000000, 92.801, 21.9432
600.000000, 92.807, 22.7024
608.000000, 92.818, 23.3752
615.000000, 92.826, 23.9713
622.000000, 92.835, 24.5638
630.000000, 92.849, 25.2087
640.000000, 92.866, 26.0316
650.000000, 92.881, 26.9327
660.000000, 92.888, 27.8542
670.000000, 92.899, 28.6021
680.000000, 92.917, 29.3764
690.000000, 92.934, 30.2228
700.000000, 92.958, 31.0258
710.000000, 92.991, 31.8383
720.000000, 93.023, 32.6405
730.000000, 93.051, 33.4340
740.000000, 93.077, 34.2498
750.000000, 93.109, 35.0941
762.000000, 93.150, 36.0571
775.000000, 93.185, 37.0163
788.000000, 93.227, 38.0955
800.000000, 93.296, 39.0373
812.000000, 93.352, 39.9444
825.000000, 93.399, 40.9583
838.000000, 93.446, 41.9612
850.000000, 93.497, 42.8562
862.000000, 93.557, 43.7306
875.000000, 93.627, 44.6872
885.000000, 93.683, 45.4382
900.000000, 93.771, 46.5330
912.000000, 93.847, 47.3473
925.000000, 93.935, 48.1573
938.000000, 94.021, 48.9381
950.000000, 94.096, 49.6608
962.000000, 94.170, 50.3563
975.000000, 94.249, 51.0748
988.000000, 94.328, 51.7824
1000.000000, 94.399, 52.4201
1015.000000, 94.487, 53.1979
1030.000000, 94.573, 53.9627
1044.000000, 94.653, 54.6409
1060.000000, 94.742, 55.3894
1075.000000, 94.825, 56.0749
1090.000000, 94.913, 56.7366
1106.000000, 95.015, 57.4138
1120.000000, 95.106, 57.9911
1138.000000, 95.226, 58.7072
1150.000000, 95.306, 59.1628
1172.000000, 95.449, 59.9862
1180.000000, 95.499, 60.2756
1206.000000, 95.653, 61.2262
1220.000000, 95.735, 61.7359
1241.000000, 95.863, 62.4559
1250.000000, 95.920, 62.7623
1265.000000, 96.012, 63.2917
1280.000000, 96.101, 63.8106
1315.000000, 96.311, 64.9950
1320.000000, 96.341, 65.1591
1340.000000, 96.456, 65.8121
1360.000000, 96.546, 66.4747
1380.000000, 96.629, 67.1526
1400.000000, 96.725, 67.8350
1430.000000, 96.877, 68.8127
1450.000000, 96.980, 69.4727
1475.000000, 97.113, 70.2729
1500.000000, 97.248, 71.0540
1525.000000, 97.378, 71.8413
1550.000000, 97.503, 72.5884
1575.000000, 97.625, 73.3185
1600.000000, 97.746, 74.0913
1625.000000, 97.872, 74.8047
1650.000000, 98.003, 75.5049
1675.000000, 98.136, 76.1943
1700.000000, 98.267, 76.8566
1725.000000, 98.391, 77.5246
1750.000000, 98.508, 78.1936
1775.000000, 98.624, 78.8295
1800.000000, 98.743, 79.4497
1825.000000, 98.863, 80.0634
1850.000000, 98.987, 80.6534
1875.000000, 99.115, 81.2258
1900.000000, 99.244, 81.7738
1925.000000, 99.372, 82.3018
1950.000000, 99.495, 82.8154
1975.000000, 99.614, 83.3150
2000.000000, 99.734, 83.7820
2030.000000, 99.882, 84.3061
2060.000000, 100.029, 84.7915
2090.000000, 100.172, 85.2438
2120.000000, 100.312, 85.6664
2140.000000, 100.406, 85.9259
2180.000000, 100.597, 86.3792
2200.000000, 100.691, 86.5737
2240.000000, 100.878, 86.9130
2270.000000, 101.014, 87.1285
2300.000000, 101.147, 87.3079
2330.000000, 101.274, 87.4550
2360.000000, 101.394, 87.5595
2400.000000, 101.547, 87.6426
2430.000000, 101.656, 87.6632
2470.000000, 101.792, 87.6423
2500.000000, 101.886, 87.5927
2540.000000, 102.000, 87.4810
2580.000000, 102.102, 87.3326
2620.000000, 102.196, 87.1492
2650.000000, 102.260, 86.9989
2690.000000, 102.332, 86.7815
2720.000000, 102.372, 86.6175
2760.000000, 102.411, 86.4052
2800.000000, 102.437, 86.1897
2850.000000, 102.457, 85.9281
2900.000000, 102.461, 85.6922
2950.000000, 102.451, 85.4863
3000.000000, 102.422, 85.3329
3040.000000, 102.385, 85.2532
3070.000000, 102.350, 85.2223
3110.000000, 102.298, 85.2145
3150.000000, 102.240, 85.2472
3200.000000, 102.162, 85.3509
3250.000000, 102.077, 85.5305
3300.000000, 101.983, 85.7909
3350.000000, 101.881, 86.1226
3400.000000, 101.773, 86.5303
3450.000000, 101.664, 87.0119
3500.000000, 101.557, 87.5545
3550.000000, 101.452, 88.1636
3600.000000, 101.346, 88.8356
3650.000000, 101.241, 89.5583
3700.000000, 101.139, 90.3412
3750.000000, 101.041, 91.1729
3820.000000, 100.908, 92.4099
3870.000000, 100.809, 93.3401
3950.000000, 100.636, 94.9149
4000.000000, 100.525, 95.9420
4060.000000, 100.397, 97.2140
4120.000000, 100.281, 98.5190
4180.000000, 100.175, 99.8496
4250.000000, 100.053, 101.4433
4310.000000, 99.941, 102.8478
4370.000000, 99.820, 104.2726
4440.000000, 99.677, 105.9568
4500.000000, 99.561, 107.4190
4550.000000, 99.468, 108.6422
4620.000000, 99.340, 110.3604
4680.000000, 99.229, 111.8386
4750.000000, 99.101, 113.5701
4820.000000, 98.978, 115.3070
4870.000000, 98.893, 116.5507
4940.000000, 98.773, 118.3265
5000.000000, 98.668, 119.8717
5080.000000, 98.522, 121.9573
5150.000000, 98.396, 123.8157
5220.000000, 98.273, 125.7323
5300.000000, 98.144, 128.0508
5380.000000, 98.055, 130.3736
5450.000000, 97.994, 132.2172
5520.000000, 97.916, 133.9743
5600.000000, 97.805, 136.0163
5700.000000, 97.651, 138.6814
5800.000000, 97.503, 141.4186
5900.000000, 97.367, 144.2351
6000.000000, 97.240, 147.1252
6080.000000, 97.147, 149.5027
6150.000000, 97.077, 151.6237
6220.000000, 97.019, 153.7624
6300.000000, 96.966, 156.2143
6400.000000, 96.915, 159.2570
6500.000000, 96.880, 162.2697
6600.000000, 96.866, 165.2085
6700.000000, 96.872, 168.0571
6800.000000, 96.898, 170.8340
6900.000000, 96.954, 173.5358
7000.000000, 97.050, 176.1649
7100.000000, 97.176, 178.7287
7200.000000, 97.336, -178.7827
7300.000000, 97.539, -176.4847
7400.000000, 97.790, -174.5564
7500.000000, 98.076, -173.1429
7620.000000, 98.454, -172.2921
7750.000000, 98.849, -172.5377
7880.000000, 99.078, -173.9474
8000.000000, 99.118, -176.1161
8120.000000, 98.987, -178.8947
8250.000000, 98.627, 177.6456
8380.000000, 97.999, 174.0108
8500.000000, 97.156, 170.9607
8620.000000, 96.064, 168.8103
8750.000000, 94.651, 168.1913
8850.000000, 93.474, 169.1824
9000.000000, 91.705, 172.9504
9120.000000, 90.366, 177.5349
9250.000000, 89.033, -176.4277
9380.000000, 87.824, -169.6384
9500.000000, 86.802, -162.9058
9620.000000, 85.858, -155.8279
9750.000000, 84.910, -147.8132
9880.000000, 84.028, -139.4144
10000.000000, 83.268, -131.2716
10150.000000, 82.394, -120.4402
10300.000000, 81.631, -108.7181
10440.000000, 81.069, -96.8699
10600.000000, 80.711, -82.4692
10750.000000, 80.751, -69.0676
10900.000000, 81.128, -57.2219
11060.000000, 81.694, -47.4144
11200.000000, 82.117, -40.9870
11380.000000, 82.402, -34.2355
11500.000000, 82.429, -29.8730
11720.000000, 82.267, -21.1011
11800.000000, 82.177, -17.5754
12060.000000, 81.890, -5.0255
12200.000000, 81.770, 2.2683
12410.000000, 81.651, 13.6615
12500.000000, 81.628, 18.6689
12650.000000, 81.632, 27.1320
12800.000000, 81.700, 35.6864
13150.000000, 82.135, 55.7537
13200.000000, 82.230, 58.6109
13400.000000, 82.689, 69.9631
13600.000000, 83.292, 81.1451
13800.000000, 84.079, 91.9979
14000.000000, 85.091, 102.3561
14300.000000, 87.148, 116.3691
14500.000000, 89.010, 123.6091
14750.000000, 91.929, 127.2123
15000.000000, 94.882, 120.2756
15250.000000, 96.400, 102.4965
15500.000000, 95.526, 83.2809
15750.000000, 93.036, 73.0836
16000.000000, 90.360, 72.8302
16250.000000, 88.212, 78.2336
16500.000000, 86.610, 85.7324
16750.000000, 85.378, 93.5893
17000.000000, 84.348, 101.1056
17250.000000, 83.390, 108.0652
17500.000000, 82.411, 114.5854
17750.000000, 81.342, 121.0587
18000.000000, 80.149, 127.9457
18250.000000, 78.852, 135.6796
18500.000000, 77.558, 144.5780
18750.000000, 76.442, 154.7562
19000.000000, 75.552, 166.2332
19250.000000, 74.702, 178.8938
19500.000000, 73.669, -167.3613
19750.000000, 72.432, -152.6364
20000.000000, 71.050, -137.0277
20300.000000, 69.339, -117.2587
20600.000000, 67.780, -96.8423
20900.000000, 66.372, -76.8707
21200.000000, 64.989, -58.5256
21400.000000, 63.977, -47.6428
21800.000000, 61.380, -28.7434
22000.000000, 59.668, -19.9174
22400.000000, 55.298, -1.1560
22700.000000, 51.223, 14.8949
23000.000000, 46.502, 32.6909
23300.000000, 41.231, 52.4307
23600.000000, 36.254, 74.9468
24000.000000, 33.205, 116.2328
