* Measurement data measured by REW V5.31.3
* Source: E2x2, MICROPHONE (Analogue 1), 1, volume: 1.000. Timing signal peak level -35.6 dBFS, measurement signal peak level -33.2 dBFS
* Format: 512k Log Swept Sine, 1 sweep at -32.7 dBFS using an acoustic timing reference
* Dated: Aug 23, 2025 8:27:18 PM
* REW Settings:
*  C-weighting compensation: Off
*  Target level: 75.0 dB
* Note: ; Fosi DS1 4.4mm + E2x2 MacBook Delay -0.0287 ms (-9.8 mm, -0.39 in) using estimated IR delay relative to Acoustic reference played from SPEAKER L with no timing offset Clock adjustment: -27.2 ppm
* Measurement: L
* Smoothing: 1/24 octave
* Frequency Step: 1/48 octave
* Start Frequency: 1.000 Hz
*
* Freq(Hz), SPL(dB), Phase(degrees)
1.000000, 62.619, -141.8461
1.015000, 62.764, -142.8936
1.030000, 62.911, -143.9038
1.044000, 63.051, -144.8202
1.060000, 63.212, -145.8439
1.075000, 63.363, -146.7863
1.090000, 63.515, -147.7133
1.106000, 63.678, -148.6654
1.120000, 63.828, -149.4294
1.138000, 64.032, -150.2934
1.150000, 64.175, -150.7979
1.172000, 64.450, -151.6777
1.180000, 64.554, -152.0509
1.206000, 64.905, -153.1283
1.220000, 65.101, -153.6366
1.241000, 65.403, -154.3195
1.250000, 65.534, -154.5866
1.265000, 65.756, -155.0021
1.280000, 65.981, -155.3850
1.315000, 66.510, -156.1780
1.320000, 66.586, -156.2821
1.340000, 66.890, -156.6807
1.360000, 67.192, -157.0525
1.380000, 67.490, -157.5364
1.400000, 67.783, -158.0589
1.430000, 68.208, -158.8326
1.450000, 68.481, -159.3458
1.475000, 68.809, -159.9657
1.500000, 69.131, -160.5060
1.525000, 69.448, -160.9487
1.550000, 69.763, -161.3056
1.575000, 70.074, -161.6633
1.600000, 70.382, -162.0933
1.625000, 70.687, -162.4781
1.650000, 70.990, -162.8297
1.675000, 71.289, -163.1581
1.700000, 71.585, -163.4724
1.725000, 71.878, -163.7805
1.750000, 72.168, -164.0887
1.775000, 72.455, -164.4561
1.800000, 72.739, -164.9382
1.825000, 73.021, -165.4278
1.850000, 73.299, -165.9102
1.875000, 73.575, -166.3596
1.900000, 73.847, -166.7699
1.925000, 74.116, -167.1440
1.950000, 74.382, -167.4854
1.975000, 74.646, -167.8500
2.000000, 74.906, -168.2915
2.030000, 75.214, -168.7942
2.060000, 75.519, -169.2805
2.090000, 75.820, -169.7576
2.120000, 76.117, -170.2321
2.140000, 76.313, -170.5502
2.180000, 76.700, -171.2481
2.200000, 76.891, -171.6493
2.240000, 77.268, -172.4331
2.270000, 77.546, -172.9918
2.300000, 77.820, -173.5245
2.330000, 78.090, -174.0334
2.360000, 78.356, -174.5224
2.400000, 78.706, -175.2672
2.430000, 78.964, -175.8273
2.470000, 79.303, -176.5604
2.500000, 79.553, -177.1049
2.540000, 79.882, -177.8294
2.580000, 80.206, -178.5931
2.620000, 80.524, -179.4253
2.650000, 80.759, 179.9672
2.690000, 81.066, 179.1790
2.720000, 81.293, 178.6042
2.760000, 81.590, 177.8616
2.800000, 81.883, 177.0507
2.850000, 82.240, 176.0469
2.900000, 82.590, 175.0622
2.950000, 82.932, 174.0893
3.000000, 83.266, 173.0589
3.040000, 83.527, 172.2231
3.070000, 83.719, 171.6071
3.110000, 83.971, 170.8015
3.150000, 84.218, 170.0147
3.200000, 84.520, 168.9996
3.250000, 84.816, 167.9840
3.300000, 85.106, 166.9900
3.350000, 85.389, 166.0117
3.400000, 85.664, 164.9881
3.450000, 85.933, 163.9589
3.500000, 86.195, 162.9536
3.550000, 86.452, 161.9770
3.600000, 86.703, 160.9832
3.650000, 86.948, 159.9973
3.700000, 87.189, 159.0312
3.750000, 87.423, 158.0770
3.820000, 87.741, 156.7034
3.870000, 87.962, 155.7324
3.950000, 88.306, 154.2308
4.000000, 88.516, 153.2932
4.060000, 88.762, 152.1801
4.120000, 89.002, 151.0879
4.180000, 89.235, 150.0044
4.250000, 89.499, 148.7212
4.310000, 89.720, 147.6556
4.370000, 89.937, 146.6179
4.440000, 90.183, 145.3991
4.500000, 90.389, 144.3742
4.550000, 90.556, 143.5353
4.620000, 90.786, 142.3490
4.680000, 90.978, 141.3502
4.750000, 91.198, 140.2188
4.820000, 91.413, 139.0847
4.870000, 91.564, 138.2825
4.940000, 91.770, 137.1805
5.000000, 91.944, 136.2366
5.080000, 92.170, 134.9922
5.150000, 92.363, 133.9315
5.220000, 92.552, 132.8661
5.300000, 92.763, 131.6621
5.380000, 92.969, 130.4801
5.450000, 93.144, 129.4437
5.520000, 93.317, 128.4289
5.600000, 93.509, 127.2749
5.700000, 93.743, 125.8367
5.800000, 93.970, 124.4244
5.900000, 94.190, 123.0250
6.000000, 94.402, 121.6424
6.080000, 94.567, 120.5382
6.150000, 94.708, 119.5917
6.220000, 94.846, 118.6462
6.300000, 94.999, 117.5793
6.400000, 95.184, 116.2591
6.500000, 95.363, 114.9502
6.600000, 95.536, 113.6699
6.700000, 95.703, 112.4027
6.800000, 95.864, 111.1554
6.900000, 96.019, 109.9244
7.000000, 96.169, 108.7221
7.100000, 96.315, 107.5345
7.200000, 96.455, 106.3693
7.300000, 96.592, 105.2226
7.400000, 96.724, 104.1014
7.500000, 96.853, 102.9942
7.620000, 97.002, 101.6935
7.750000, 97.159, 100.3186
7.880000, 97.310, 98.9659
8.000000, 97.445, 97.7465
8.120000, 97.577, 96.5481
8.250000, 97.715, 95.2720
8.380000, 97.848, 94.0215
8.500000, 97.967, 92.8844
8.620000, 98.083, 91.7653
8.750000, 98.204, 90.5727
8.850000, 98.295, 89.6676
9.000000, 98.426, 88.3340
9.120000, 98.527, 87.2843
9.250000, 98.633, 86.1660
9.380000, 98.736, 85.0686
9.500000, 98.827, 84.0696
9.620000, 98.916, 83.0896
9.750000, 99.009, 82.0454
9.880000, 99.090, 81.0181
10.000000, 99.154, 80.0901
10.150000, 99.220, 78.9265
10.300000, 99.275, 77.7931
10.440000, 99.320, 76.7610
10.600000, 99.368, 75.6105
10.750000, 99.412, 74.5588
10.900000, 99.456, 73.5320
11.060000, 99.500, 72.4468
11.200000, 99.536, 71.4945
11.380000, 99.579, 70.3008
11.500000, 99.606, 69.5237
11.720000, 99.653, 68.1380
11.800000, 99.671, 67.6467
12.060000, 99.727, 66.0813
12.200000, 99.758, 65.2427
12.410000, 99.805, 64.0186
12.500000, 99.824, 63.5056
12.650000, 99.855, 62.6652
12.800000, 99.885, 61.8418
13.150000, 99.950, 59.9540
13.200000, 99.959, 59.6858
13.400000, 99.995, 58.6273
13.600000, 100.030, 57.5927
13.800000, 100.064, 56.5818
14.000000, 100.096, 55.5938
14.300000, 100.139, 54.1257
14.500000, 100.164, 53.1791
14.750000, 100.194, 52.0332
15.000000, 100.223, 50.9254
15.250000, 100.255, 49.8276
15.500000, 100.288, 48.7607
15.750000, 100.318, 47.7230
16.000000, 100.345, 46.7128
16.250000, 100.370, 45.7098
16.500000, 100.393, 44.7363
16.750000, 100.414, 43.7946
17.000000, 100.435, 42.8832
17.250000, 100.456, 41.9864
17.500000, 100.477, 41.1150
17.750000, 100.497, 40.2663
18.000000, 100.517, 39.4347
18.250000, 100.535, 38.6056
18.500000, 100.552, 37.7896
18.750000, 100.567, 36.9895
19.000000, 100.581, 36.2070
19.250000, 100.595, 35.4316
19.500000, 100.606, 34.6784
19.750000, 100.617, 33.9478
20.000000, 100.626, 33.2390
20.299999, 100.637, 32.4000
20.600000, 100.647, 31.5846
20.900000, 100.656, 30.7893
21.200001, 100.663, 30.0041
21.400000, 100.667, 29.4879
21.799999, 100.673, 28.4810
22.000000, 100.674, 27.9896
22.400000, 100.677, 27.0197
22.700001, 100.678, 26.3118
23.000000, 100.678, 25.6185
23.299999, 100.677, 24.9324
23.600000, 100.676, 24.2595
24.000000, 100.673, 23.3837
24.299999, 100.670, 22.7366
24.700001, 100.665, 21.8967
25.000000, 100.660, 21.2852
25.400000, 100.652, 20.4863
25.799999, 100.643, 19.7168
26.200001, 100.634, 18.9695
26.500000, 100.627, 18.4197
26.900000, 100.617, 17.7013
27.200001, 100.609, 17.1689
27.600000, 100.598, 16.4731
28.000000, 100.584, 15.8021
28.500000, 100.567, 14.9930
29.000000, 100.553, 14.2043
29.500000, 100.539, 13.4026
30.000000, 100.519, 12.5964
30.400000, 100.495, 11.9710
30.700001, 100.474, 11.5320
31.100000, 100.447, 10.9915
31.500000, 100.424, 10.4850
32.000000, 100.405, 9.8608
32.500000, 100.388, 9.2039
33.000000, 100.368, 8.5261
33.500000, 100.341, 7.8609
34.000000, 100.314, 7.2349
34.500000, 100.289, 6.6379
35.000000, 100.265, 6.0561
35.500000, 100.241, 5.4817
36.000000, 100.215, 4.9244
36.500000, 100.188, 4.3859
37.000000, 100.160, 3.8671
37.500000, 100.133, 3.3606
38.200001, 100.094, 2.6687
38.700001, 100.065, 2.1812
39.500000, 100.017, 1.4172
40.000000, 99.986, 0.9561
40.599998, 99.950, 0.4109
41.200001, 99.913, -0.1291
41.799999, 99.874, -0.6536
42.500000, 99.830, -1.2261
43.099998, 99.798, -1.7010
43.700001, 99.769, -2.1954
44.400002, 99.730, -2.7868
45.000000, 99.689, -3.2603
45.500000, 99.655, -3.6151
46.200001, 99.611, -4.0698
46.799999, 99.578, -4.4524
47.500000, 99.541, -4.9097
48.200001, 99.502, -5.3715
48.700001, 99.472, -5.6926
49.400002, 99.429, -6.1202
50.000000, 99.394, -6.4736
50.799999, 99.347, -6.9484
51.500000, 99.303, -7.3563
52.200001, 99.258, -7.7335
53.000000, 99.211, -8.1410
53.799999, 99.165, -8.5570
54.500000, 99.123, -8.9239
55.200001, 99.079, -9.2760
56.000000, 99.028, -9.6515
57.000000, 98.967, -10.0831
58.000000, 98.909, -10.5076
59.000000, 98.850, -10.9420
60.000000, 98.787, -11.3510
60.799999, 98.738, -11.6499
61.500000, 98.697, -11.9024
62.200001, 98.658, -12.1614
63.000000, 98.612, -12.4680
64.000000, 98.552, -12.8366
65.000000, 98.493, -13.1735
66.000000, 98.436, -13.4979
67.000000, 98.379, -13.8085
68.000000, 98.322, -14.1010
69.000000, 98.266, -14.3800
70.000000, 98.208, -14.6497
71.000000, 98.151, -14.8990
72.000000, 98.095, -15.1388
73.000000, 98.040, -15.3825
74.000000, 97.983, -15.6202
75.000000, 97.927, -15.8455
76.199997, 97.861, -16.1005
77.500000, 97.792, -16.3644
78.800003, 97.722, -16.6163
80.000000, 97.658, -16.8336
81.199997, 97.595, -17.0343
82.500000, 97.529, -17.2449
83.800003, 97.464, -17.4513
85.000000, 97.405, -17.6306
86.199997, 97.347, -17.8003
87.500000, 97.285, -17.9588
88.500000, 97.239, -18.0733
90.000000, 97.169, -18.2388
91.199997, 97.114, -18.3644
92.500000, 97.056, -18.4984
93.800003, 96.999, -18.6310
95.000000, 96.945, -18.7401
96.199997, 96.892, -18.8361
97.500000, 96.834, -18.9318
98.800003, 96.777, -19.0209
100.000000, 96.724, -19.0967
101.500000, 96.658, -19.1837
103.000000, 96.594, -19.2661
104.400002, 96.536, -19.3342
106.000000, 96.472, -19.4066
107.500000, 96.412, -19.4759
109.000000, 96.352, -19.5293
110.599998, 96.287, -19.5753
112.000000, 96.230, -19.6095
113.800003, 96.158, -19.6368
115.000000, 96.112, -19.6439
117.199997, 96.028, -19.6628
118.000000, 95.997, -19.6715
120.599998, 95.900, -19.6686
122.000000, 95.853, -19.6740
124.099998, 95.787, -19.6807
125.000000, 95.759, -19.6791
126.500000, 95.712, -19.6652
128.000000, 95.664, -19.6335
131.500000, 95.558, -19.5446
132.000000, 95.543, -19.5380
134.000000, 95.486, -19.5114
136.000000, 95.431, -19.4606
138.000000, 95.380, -19.3912
140.000000, 95.329, -19.3235
143.000000, 95.250, -19.2258
145.000000, 95.199, -19.1561
147.500000, 95.138, -19.0592
150.000000, 95.080, -18.9524
152.500000, 95.022, -18.8451
155.000000, 94.963, -18.7192
157.500000, 94.905, -18.5868
160.000000, 94.848, -18.4611
162.500000, 94.794, -18.3359
165.000000, 94.740, -18.1982
167.500000, 94.686, -18.0500
170.000000, 94.632, -17.9037
172.500000, 94.577, -17.7528
175.000000, 94.524, -17.5974
177.500000, 94.473, -17.4538
180.000000, 94.421, -17.3110
182.500000, 94.369, -17.1396
185.000000, 94.318, -16.9633
187.500000, 94.267, -16.7949
190.000000, 94.220, -16.6259
192.500000, 94.178, -16.4553
195.000000, 94.135, -16.2826
197.500000, 94.091, -16.0962
200.000000, 94.046, -15.8993
203.000000, 93.998, -15.6588
206.000000, 93.952, -15.4222
209.000000, 93.906, -15.1816
212.000000, 93.862, -14.9517
214.000000, 93.834, -14.8005
218.000000, 93.779, -14.4484
220.000000, 93.752, -14.2584
224.000000, 93.698, -13.9370
227.000000, 93.660, -13.7296
230.000000, 93.630, -13.5087
233.000000, 93.605, -13.2682
236.000000, 93.573, -13.0139
240.000000, 93.528, -12.6836
243.000000, 93.502, -12.4932
247.000000, 93.470, -12.1422
250.000000, 93.447, -11.8401
254.000000, 93.416, -11.5458
258.000000, 93.386, -11.3425
262.000000, 93.353, -11.1143
265.000000, 93.329, -10.9220
269.000000, 93.296, -10.6609
272.000000, 93.270, -10.4558
276.000000, 93.239, -10.1940
280.000000, 93.210, -9.9224
285.000000, 93.173, -9.5560
290.000000, 93.137, -9.1860
295.000000, 93.103, -8.8340
300.000000, 93.072, -8.4781
304.000000, 93.049, -8.1974
307.000000, 93.034, -7.9865
311.000000, 93.014, -7.7035
315.000000, 92.993, -7.4218
320.000000, 92.966, -7.0607
325.000000, 92.942, -6.6932
330.000000, 92.919, -6.3235
335.000000, 92.895, -5.9688
340.000000, 92.876, -5.6193
345.000000, 92.856, -5.2604
350.000000, 92.836, -4.8963
355.000000, 92.816, -4.5516
360.000000, 92.799, -4.1924
365.000000, 92.780, -3.8456
370.000000, 92.760, -3.5092
375.000000, 92.743, -3.1718
382.000000, 92.718, -2.7098
387.000000, 92.700, -2.3760
395.000000, 92.672, -1.8300
400.000000, 92.656, -1.4845
406.000000, 92.639, -1.0750
412.000000, 92.623, -0.6694
418.000000, 92.608, -0.2736
425.000000, 92.592, 0.1834
431.000000, 92.579, 0.5674
437.000000, 92.566, 0.9519
444.000000, 92.550, 1.4023
450.000000, 92.537, 1.7949
455.000000, 92.527, 2.1176
462.000000, 92.515, 2.5621
468.000000, 92.505, 2.9397
475.000000, 92.495, 3.3854
482.000000, 92.486, 3.8371
487.000000, 92.481, 4.1583
494.000000, 92.475, 4.5954
500.000000, 92.471, 4.9675
508.000000, 92.468, 5.4703
515.000000, 92.465, 5.9095
522.000000, 92.463, 6.3467
530.000000, 92.463, 6.8429
538.000000, 92.462, 7.3405
545.000000, 92.463, 7.7786
552.000000, 92.465, 8.2152
560.000000, 92.468, 8.7198
570.000000, 92.475, 9.3467
580.000000, 92.484, 9.9587
590.000000, 92.495, 10.5667
600.000000, 92.505, 11.1843
608.000000, 92.513, 11.6790
615.000000, 92.519, 12.1061
622.000000, 92.525, 12.5343
630.000000, 92.532, 13.0237
640.000000, 92.543, 13.6316
650.000000, 92.556, 14.2355
660.000000, 92.571, 14.8425
670.000000, 92.586, 15.4516
680.000000, 92.603, 16.0600
690.000000, 92.624, 16.6614
700.000000, 92.648, 17.2532
710.000000, 92.673, 17.8477
720.000000, 92.698, 18.4465
730.000000, 92.726, 19.0447
740.000000, 92.756, 19.6317
750.000000, 92.787, 20.2123
762.000000, 92.827, 20.9068
775.000000, 92.870, 21.6545
788.000000, 92.915, 22.3908
800.000000, 92.959, 23.0646
812.000000, 93.004, 23.7405
825.000000, 93.055, 24.4716
838.000000, 93.108, 25.2120
850.000000, 93.164, 25.9243
862.000000, 93.230, 26.6461
875.000000, 93.314, 27.3613
885.000000, 93.384, 27.8044
900.000000, 93.481, 28.3432
912.000000, 93.544, 28.7620
925.000000, 93.606, 29.2679
938.000000, 93.673, 29.8078
950.000000, 93.740, 30.3004
962.000000, 93.808, 30.7724
975.000000, 93.881, 31.2528
988.000000, 93.954, 31.7000
1000.000000, 94.023, 32.0881
1015.000000, 94.109, 32.5500
1030.000000, 94.193, 32.9890
1044.000000, 94.272, 33.3779
1060.000000, 94.360, 33.7909
1075.000000, 94.442, 34.1547
1090.000000, 94.527, 34.5009
1106.000000, 94.627, 34.8499
1120.000000, 94.717, 35.1361
1138.000000, 94.831, 35.4841
1150.000000, 94.905, 35.7050
1172.000000, 95.040, 36.0920
1180.000000, 95.088, 36.2255
1206.000000, 95.242, 36.6354
1220.000000, 95.325, 36.8498
1241.000000, 95.451, 37.1612
1250.000000, 95.504, 37.2923
1265.000000, 95.592, 37.5082
1280.000000, 95.680, 37.7184
1315.000000, 95.880, 38.2025
1320.000000, 95.908, 38.2715
1340.000000, 96.013, 38.5455
1360.000000, 96.099, 38.8143
1380.000000, 96.184, 39.0772
1400.000000, 96.284, 39.3355
1430.000000, 96.442, 39.7017
1450.000000, 96.547, 39.9286
1475.000000, 96.678, 40.1926
1500.000000, 96.806, 40.4362
1525.000000, 96.931, 40.6613
1550.000000, 97.050, 40.8687
1575.000000, 97.163, 41.0742
1600.000000, 97.275, 41.2749
1625.000000, 97.387, 41.4703
1650.000000, 97.498, 41.6615
1675.000000, 97.608, 41.8517
1700.000000, 97.717, 42.0374
1725.000000, 97.826, 42.2126
1750.000000, 97.935, 42.3782
1775.000000, 98.045, 42.5337
1800.000000, 98.156, 42.6753
1825.000000, 98.266, 42.8043
1850.000000, 98.377, 42.9200
1875.000000, 98.489, 43.0199
1900.000000, 98.600, 43.1028
1925.000000, 98.711, 43.1712
1950.000000, 98.823, 43.2170
1975.000000, 98.935, 43.2458
2000.000000, 99.045, 43.2560
2030.000000, 99.177, 43.2483
2060.000000, 99.307, 43.2087
2090.000000, 99.438, 43.1398
2120.000000, 99.569, 43.0430
2140.000000, 99.656, 42.9630
2180.000000, 99.828, 42.7649
2200.000000, 99.911, 42.6439
2240.000000, 100.075, 42.3638
2270.000000, 100.194, 42.1223
2300.000000, 100.311, 41.8549
2330.000000, 100.425, 41.5604
2360.000000, 100.536, 41.2389
2400.000000, 100.680, 40.7716
2430.000000, 100.783, 40.3946
2470.000000, 100.914, 39.8580
2500.000000, 101.009, 39.4285
2540.000000, 101.130, 38.8155
2580.000000, 101.244, 38.1657
2620.000000, 101.350, 37.4816
2650.000000, 101.423, 36.9529
2690.000000, 101.515, 36.2273
2720.000000, 101.577, 35.6741
2760.000000, 101.649, 34.9260
2800.000000, 101.711, 34.1725
2850.000000, 101.778, 33.2232
2900.000000, 101.832, 32.2715
2950.000000, 101.875, 31.3243
3000.000000, 101.905, 30.3898
3040.000000, 101.923, 29.6534
3070.000000, 101.931, 29.1103
3110.000000, 101.937, 28.4005
3150.000000, 101.937, 27.7086
3200.000000, 101.928, 26.8646
3250.000000, 101.911, 26.0527
3300.000000, 101.887, 25.2684
3350.000000, 101.858, 24.5177
3400.000000, 101.824, 23.7990
3450.000000, 101.791, 23.1127
3500.000000, 101.757, 22.4578
3550.000000, 101.720, 21.8329
3600.000000, 101.681, 21.2360
3650.000000, 101.638, 20.6650
3700.000000, 101.592, 20.1130
3750.000000, 101.544, 19.5815
3820.000000, 101.470, 18.8636
3870.000000, 101.412, 18.3672
3950.000000, 101.309, 17.5966
4000.000000, 101.240, 17.1315
4060.000000, 101.150, 16.5935
4120.000000, 101.055, 16.0810
4180.000000, 100.956, 15.5898
4250.000000, 100.832, 15.0454
4310.000000, 100.716, 14.6078
4370.000000, 100.586, 14.2004
4440.000000, 100.422, 13.7749
4500.000000, 100.274, 13.4581
4550.000000, 100.149, 13.2205
4620.000000, 99.970, 12.9264
4680.000000, 99.813, 12.7159
4750.000000, 99.624, 12.5331
4820.000000, 99.432, 12.4187
4870.000000, 99.296, 12.3733
4940.000000, 99.105, 12.3385
5000.000000, 98.938, 12.3286
5080.000000, 98.706, 12.3772
5150.000000, 98.502, 12.5317
5220.000000, 98.307, 12.7236
5300.000000, 98.076, 12.9183
5380.000000, 97.831, 13.2150
5450.000000, 97.615, 13.5903
5520.000000, 97.403, 14.0576
5600.000000, 97.165, 14.6931
5700.000000, 96.875, 15.6344
5800.000000, 96.593, 16.7450
5900.000000, 96.326, 18.0248
6000.000000, 96.079, 19.4498
6080.000000, 95.898, 20.6772
6150.000000, 95.754, 21.8051
6220.000000, 95.626, 22.9684
6300.000000, 95.497, 24.3254
6400.000000, 95.361, 26.0352
6500.000000, 95.248, 27.7477
6600.000000, 95.158, 29.4681
6700.000000, 95.097, 31.2034
6800.000000, 95.074, 32.9276
6900.000000, 95.108, 34.6060
7000.000000, 95.206, 36.1833
7100.000000, 95.352, 37.5948
7200.000000, 95.539, 38.7544
7300.000000, 95.758, 39.5775
7400.000000, 95.999, 39.9953
7500.000000, 96.252, 39.9770
7620.000000, 96.571, 39.3133
7750.000000, 96.902, 37.7377
7880.000000, 97.096, 35.3528
8000.000000, 97.162, 32.4875
8120.000000, 97.124, 28.8599
8250.000000, 96.882, 24.0183
8380.000000, 96.320, 18.8403
8500.000000, 95.492, 14.7286
8620.000000, 94.424, 12.0420
8750.000000, 93.105, 11.1555
8850.000000, 92.048, 11.9399
9000.000000, 90.495, 15.3806
9120.000000, 89.343, 19.9883
9250.000000, 88.259, 26.7780
9380.000000, 87.453, 35.2451
9500.000000, 87.069, 43.9544
9620.000000, 87.094, 52.3406
9750.000000, 87.511, 59.4651
9880.000000, 88.098, 63.5342
10000.000000, 88.554, 64.7879
10150.000000, 88.814, 64.4243
10300.000000, 88.698, 63.6990
10440.000000, 88.348, 63.7988
10600.000000, 87.808, 65.2508
10750.000000, 87.268, 67.8297
10900.000000, 86.762, 71.3495
11060.000000, 86.292, 75.8566
11200.000000, 85.953, 80.2473
11380.000000, 85.614, 86.3036
11500.000000, 85.447, 90.5139
11720.000000, 85.258, 98.4898
11800.000000, 85.226, 101.4557
12060.000000, 85.261, 111.3423
12200.000000, 85.376, 116.8084
12410.000000, 85.693, 125.0579
12500.000000, 85.888, 128.5586
12650.000000, 86.299, 134.2874
12800.000000, 86.824, 139.8322
13150.000000, 88.589, 151.6529
13200.000000, 88.918, 153.1349
13400.000000, 90.474, 158.1552
13600.000000, 92.492, 160.6953
13800.000000, 94.934, 158.4639
14000.000000, 97.325, 148.7124
14300.000000, 98.917, 121.2648
14500.000000, 97.969, 102.8364
14750.000000, 95.408, 89.4142
15000.000000, 92.806, 86.6185
15250.000000, 90.913, 89.5805
15500.000000, 89.788, 94.5724
15750.000000, 89.313, 99.6486
16000.000000, 89.353, 103.4814
16250.000000, 89.782, 104.5546
16500.000000, 90.340, 101.2871
16750.000000, 90.560, 93.2375
17000.000000, 89.961, 82.4800
17250.000000, 88.413, 72.9174
17500.000000, 86.223, 67.5823
17750.000000, 83.841, 67.0919
18000.000000, 81.582, 70.4687
18250.000000, 79.580, 76.3241
18500.000000, 77.844, 83.6780
18750.000000, 76.342, 91.9226
19000.000000, 75.032, 100.6605
19250.000000, 73.868, 109.8747
19500.000000, 72.814, 119.3286
19750.000000, 71.885, 129.1336
20000.000000, 71.042, 138.9768
20300.000000, 70.178, 150.6753
20600.000000, 69.570, 162.0238
20900.000000, 69.023, 172.6855
21200.000000, 67.844, -179.5530
21400.000000, 66.228, -174.2403
21800.000000, 61.138, -150.8790
22000.000000, 58.198, 149.8745
22400.000000, 52.466, -152.3266
22700.000000, 48.369, -162.2071
23000.000000, 44.670, -151.9054
23300.000000, 42.641, -103.3871
23600.000000, 45.030, -51.4781
24000.000000, 49.364, 8.7626
