* Measurement data measured by REW V5.31.3
* Source: E2x2, MICROPHONE (Analogue 1), 1, volume: 1.000. Timing signal peak level -36.3 dBFS, measurement signal peak level -24.0 dBFS
* Format: 512k Log Swept Sine, 1 sweep at -37.5 dBFS using an acoustic timing reference
* Dated: Apr 19, 2025 5:03:06 PM
* REW Settings:
*  C-weighting compensation: Off
*  Target level: 75.0 dB
* Note: ; Fosi DS1 + E2x2 MacBook Delay -0.0221 ms (-7.6 mm, -0.3 in) using estimated IR delay relative to Acoustic reference played from SPEAKER L with no timing offset Clock adjustment: -29.1 ppm
* Measurement: UC L
* Smoothing: 1/24 octave
* Frequency Step: 1/48 octave
* Start Frequency: 1.000 Hz
*
* Freq(Hz), SPL(dB), Phase(degrees)
1.000000, 58.809, 10.9242
1.015000, 58.631, 10.6113
1.030000, 58.474, 10.2416
1.044000, 58.347, 9.8505
1.060000, 58.228, 9.3569
1.075000, 58.143, 8.8585
1.090000, 58.085, 8.3406
1.106000, 58.055, 7.8106
1.120000, 58.054, 7.4255
1.138000, 58.088, 7.0667
1.150000, 58.129, 6.9061
1.172000, 58.245, 6.6592
1.180000, 58.298, 6.5144
1.206000, 58.509, 6.1621
1.220000, 58.646, 6.0288
1.241000, 58.875, 5.8823
1.250000, 58.982, 5.8344
1.265000, 59.171, 5.7691
1.280000, 59.370, 5.7164
1.315000, 59.871, 5.6155
1.320000, 59.945, 5.6014
1.340000, 60.249, 5.5420
1.360000, 60.559, 5.4779
1.380000, 60.871, 5.2738
1.400000, 61.181, 5.0075
1.430000, 61.637, 4.5854
1.450000, 61.928, 4.2954
1.475000, 62.283, 3.9774
1.500000, 62.645, 3.8235
1.525000, 63.024, 3.8506
1.550000, 63.418, 4.0153
1.575000, 63.823, 4.2034
1.600000, 64.239, 4.3232
1.625000, 64.662, 4.4771
1.650000, 65.090, 4.6429
1.675000, 65.520, 4.8035
1.700000, 65.950, 4.9459
1.725000, 66.378, 5.0604
1.750000, 66.800, 5.1407
1.775000, 67.214, 5.1291
1.800000, 67.618, 4.9733
1.825000, 68.010, 4.7902
1.850000, 68.393, 4.6227
1.875000, 68.772, 4.5241
1.900000, 69.147, 4.4971
1.925000, 69.519, 4.5247
1.950000, 69.889, 4.5909
1.975000, 70.254, 4.6297
2.000000, 70.616, 4.5796
2.030000, 71.045, 4.5227
2.060000, 71.468, 4.4491
2.090000, 71.885, 4.3468
2.120000, 72.295, 4.2064
2.140000, 72.564, 4.0881
2.180000, 73.093, 3.7374
2.200000, 73.353, 3.4910
2.240000, 73.862, 3.0203
2.270000, 74.235, 2.7131
2.300000, 74.602, 2.4401
2.330000, 74.962, 2.1915
2.360000, 75.315, 1.9564
2.400000, 75.777, 1.5309
2.430000, 76.116, 1.1902
2.470000, 76.559, 0.7160
2.500000, 76.885, 0.3375
2.540000, 77.310, -0.2056
2.580000, 77.727, -0.8251
2.620000, 78.132, -1.5254
2.650000, 78.429, -2.0348
2.690000, 78.815, -2.6939
2.720000, 79.099, -3.1751
2.760000, 79.468, -3.8004
2.800000, 79.827, -4.5061
2.850000, 80.263, -5.4012
2.900000, 80.686, -6.3093
2.950000, 81.095, -7.2412
3.000000, 81.489, -8.2589
3.040000, 81.794, -9.0969
3.070000, 82.016, -9.7190
3.110000, 82.305, -10.5358
3.150000, 82.585, -11.3363
3.200000, 82.924, -12.3705
3.250000, 83.251, -13.4085
3.300000, 83.567, -14.4334
3.350000, 83.871, -15.4642
3.400000, 84.161, -16.5638
3.450000, 84.439, -17.6814
3.500000, 84.705, -18.7758
3.550000, 84.961, -19.8335
3.600000, 85.206, -20.8937
3.650000, 85.442, -21.9306
3.700000, 85.667, -22.9457
3.750000, 85.881, -23.9630
3.820000, 86.163, -25.4403
3.870000, 86.353, -26.4810
3.950000, 86.640, -28.0566
4.000000, 86.810, -29.0047
4.060000, 87.004, -30.0987
4.120000, 87.186, -31.1626
4.180000, 87.356, -32.2130
4.250000, 87.542, -33.4368
4.310000, 87.693, -34.4172
4.370000, 87.839, -35.3250
4.440000, 88.001, -36.3344
4.500000, 88.132, -37.1452
4.550000, 88.236, -37.7871
4.620000, 88.376, -38.6696
4.680000, 88.494, -39.3793
4.750000, 88.632, -40.1329
4.820000, 88.770, -40.8360
4.870000, 88.868, -41.2987
4.940000, 89.003, -41.8949
5.000000, 89.119, -42.3902
5.080000, 89.278, -43.0325
5.150000, 89.423, -43.5628
5.220000, 89.572, -44.0758
5.300000, 89.747, -44.6285
5.380000, 89.927, -45.1739
5.450000, 90.087, -45.6926
5.520000, 90.251, -46.2329
5.600000, 90.444, -46.8742
5.700000, 90.690, -47.7154
5.800000, 90.936, -48.6193
5.900000, 91.178, -49.6296
6.000000, 91.418, -50.7223
6.080000, 91.607, -51.6517
6.150000, 91.767, -52.4857
6.220000, 91.920, -53.3592
6.300000, 92.088, -54.3977
6.400000, 92.286, -55.7530
6.500000, 92.472, -57.1414
6.600000, 92.642, -58.5212
6.700000, 92.795, -59.9174
6.800000, 92.934, -61.3185
6.900000, 93.061, -62.6899
7.000000, 93.176, -63.9951
7.100000, 93.278, -65.2594
7.200000, 93.371, -66.4725
7.300000, 93.460, -67.6180
7.400000, 93.545, -68.6750
7.500000, 93.628, -69.6630
7.620000, 93.729, -70.7683
7.750000, 93.848, -71.8719
7.880000, 93.976, -72.8871
8.000000, 94.105, -73.7857
8.120000, 94.247, -74.6892
8.250000, 94.415, -75.6677
8.380000, 94.593, -76.6867
8.500000, 94.762, -77.7034
8.620000, 94.936, -78.7813
8.750000, 95.122, -80.0202
8.850000, 95.260, -81.0340
9.000000, 95.458, -82.6376
9.120000, 95.604, -83.9622
9.250000, 95.747, -85.4245
9.380000, 95.873, -86.9045
9.500000, 95.976, -88.2493
9.620000, 96.066, -89.5500
9.750000, 96.148, -90.9114
9.880000, 96.212, -92.1932
10.000000, 96.254, -93.2840
10.150000, 96.290, -94.5620
10.300000, 96.321, -95.7090
10.440000, 96.349, -96.6628
10.600000, 96.390, -97.6587
10.750000, 96.445, -98.5304
10.900000, 96.513, -99.3686
11.060000, 96.597, -100.2988
11.200000, 96.678, -101.1665
11.380000, 96.784, -102.3477
11.500000, 96.853, -103.1862
11.720000, 96.969, -104.8023
11.800000, 97.006, -105.4102
12.060000, 97.102, -107.4260
12.200000, 97.137, -108.5110
12.410000, 97.168, -110.0662
12.500000, 97.174, -110.6878
12.650000, 97.176, -111.6571
12.800000, 97.171, -112.5352
13.150000, 97.157, -114.2386
13.200000, 97.157, -114.4503
13.400000, 97.166, -115.2231
13.600000, 97.190, -115.9209
13.800000, 97.230, -116.5872
14.000000, 97.282, -117.2673
14.300000, 97.373, -118.3950
14.500000, 97.435, -119.2119
14.750000, 97.508, -120.2954
15.000000, 97.575, -121.4312
15.250000, 97.635, -122.6190
15.500000, 97.686, -123.8146
15.750000, 97.725, -124.9991
16.000000, 97.752, -126.1545
16.250000, 97.768, -127.2773
16.500000, 97.776, -128.3228
16.750000, 97.779, -129.2700
17.000000, 97.788, -130.1196
17.250000, 97.808, -130.9093
17.500000, 97.841, -131.6711
17.750000, 97.888, -132.4612
18.000000, 97.939, -133.3213
18.250000, 97.986, -134.2725
18.500000, 98.018, -135.2664
18.750000, 98.030, -136.2292
19.000000, 98.025, -137.0795
19.250000, 98.017, -137.7649
19.500000, 98.022, -138.2707
19.750000, 98.055, -138.6614
20.000000, 98.126, -139.0645
20.299999, 98.250, -139.7732
20.600000, 98.382, -140.8447
20.900000, 98.477, -142.2473
21.200001, 98.502, -143.7774
21.400000, 98.476, -144.7104
21.799999, 98.359, -145.9906
22.000000, 98.302, -146.2567
22.400000, 98.278, -146.2395
22.700001, 98.375, -146.1957
23.000000, 98.546, -146.5871
23.299999, 98.726, -147.6189
23.600000, 98.851, -149.1964
24.000000, 98.866, -151.6076
24.299999, 98.766, -153.1770
24.700001, 98.562, -154.4444
25.000000, 98.432, -154.7537
25.400000, 98.365, -154.7716
25.799999, 98.405, -155.0079
26.200001, 98.462, -155.8092
26.500000, 98.467, -156.6613
26.900000, 98.406, -157.7727
27.200001, 98.332, -158.4065
27.600000, 98.237, -158.9323
28.000000, 98.173, -159.2410
28.500000, 98.131, -159.5737
29.000000, 98.112, -159.8676
29.500000, 98.134, -160.1239
30.000000, 98.213, -160.6033
30.400000, 98.284, -161.3318
30.700001, 98.317, -162.0457
31.100000, 98.318, -163.0399
31.500000, 98.284, -163.8701
32.000000, 98.248, -164.5671
32.500000, 98.261, -165.1496
33.000000, 98.300, -165.9318
33.500000, 98.318, -166.9055
34.000000, 98.307, -167.8505
34.500000, 98.289, -168.6780
35.000000, 98.272, -169.4489
35.500000, 98.243, -170.1542
36.000000, 98.206, -170.6679
36.500000, 98.195, -171.0031
37.000000, 98.223, -171.3941
37.500000, 98.252, -172.0188
38.200001, 98.226, -172.9566
38.700001, 98.187, -173.3643
39.500000, 98.160, -173.8922
40.000000, 98.115, -174.2645
40.599998, 98.014, -174.1609
41.200001, 98.024, -173.3005
41.799999, 98.245, -173.0436
42.500000, 98.477, -174.9280
43.099998, 98.392, -177.2388
43.700001, 98.119, -178.4595
44.400002, 97.901, -178.3830
45.000000, 97.874, -178.5052
45.500000, 97.851, -179.1349
46.200001, 97.742, 179.9072
46.799999, 97.654, 179.4105
47.500000, 97.612, 178.8238
48.200001, 97.575, 178.0239
48.700001, 97.539, 177.4858
49.400002, 97.495, 176.8853
50.000000, 97.472, 176.4440
50.799999, 97.449, 175.8956
51.500000, 97.431, 175.4281
52.200001, 97.404, 174.9355
53.000000, 97.352, 174.4126
53.799999, 97.289, 173.9818
54.500000, 97.237, 173.6119
55.200001, 97.186, 173.2034
56.000000, 97.131, 172.6563
57.000000, 97.050, 171.8856
58.000000, 96.964, 171.2906
59.000000, 96.912, 170.7785
60.000000, 96.856, 170.2271
60.799999, 96.796, 169.8780
61.500000, 96.732, 169.7087
62.200001, 96.673, 169.7372
63.000000, 96.646, 169.8188
64.000000, 96.631, 169.4101
65.000000, 96.547, 168.7168
66.000000, 96.441, 168.2161
67.000000, 96.361, 167.6863
68.000000, 96.284, 167.0364
69.000000, 96.202, 166.5065
70.000000, 96.141, 166.1963
71.000000, 96.103, 165.9920
72.000000, 96.069, 165.8840
73.000000, 96.046, 165.8925
74.000000, 96.033, 165.6991
75.000000, 95.960, 165.2881
76.199997, 95.826, 165.1182
77.500000, 95.688, 164.9459
78.800003, 95.571, 165.0535
80.000000, 95.515, 164.8428
81.199997, 95.437, 164.7362
82.500000, 95.365, 164.3671
83.800003, 95.191, 164.4618
85.000000, 95.133, 165.0627
86.199997, 95.126, 164.7111
87.500000, 95.001, 164.1353
88.500000, 94.950, 164.1105
90.000000, 94.931, 163.3315
91.199997, 94.872, 162.7962
92.500000, 94.798, 162.5984
93.800003, 94.726, 162.7640
95.000000, 94.660, 163.1660
96.199997, 94.621, 163.2870
97.500000, 94.492, 162.9272
98.800003, 94.328, 162.8734
100.000000, 94.212, 162.6702
101.500000, 94.070, 162.5426
103.000000, 94.007, 162.7517
104.400002, 93.958, 162.8015
106.000000, 93.857, 163.0369
107.500000, 93.758, 163.3091
109.000000, 93.703, 163.2449
110.599998, 93.677, 162.7200
112.000000, 93.656, 162.3303
113.800003, 93.614, 162.6239
115.000000, 93.565, 163.2456
117.199997, 93.424, 164.8562
118.000000, 93.383, 165.1787
120.599998, 93.186, 164.6968
122.000000, 93.099, 164.2353
124.099998, 93.045, 163.8592
125.000000, 93.032, 163.8687
126.500000, 93.021, 164.2369
128.000000, 93.048, 164.8094
131.500000, 93.058, 165.9831
132.000000, 93.038, 166.1720
134.000000, 92.870, 166.7273
136.000000, 92.607, 167.0323
138.000000, 92.473, 167.0183
140.000000, 92.505, 166.7098
143.000000, 92.604, 168.4631
145.000000, 92.632, 170.2185
147.500000, 92.525, 170.5843
150.000000, 92.327, 170.0673
152.500000, 92.281, 169.9078
155.000000, 92.306, 169.9133
157.500000, 92.271, 170.4872
160.000000, 92.322, 171.4203
162.500000, 92.346, 171.8177
165.000000, 92.315, 171.8703
167.500000, 92.333, 172.3249
170.000000, 92.289, 172.2548
172.500000, 92.226, 173.6107
175.000000, 92.201, 173.5384
177.500000, 92.061, 174.5912
180.000000, 92.260, 176.2215
182.500000, 92.431, 174.9141
185.000000, 92.228, 173.8238
187.500000, 92.012, 175.1989
190.000000, 92.029, 177.3998
192.500000, 92.142, 178.7004
195.000000, 92.216, 178.7549
197.500000, 92.234, 178.4243
200.000000, 92.273, 178.9329
203.000000, 92.314, 179.6866
206.000000, 92.314, 179.7839
209.000000, 92.330, 179.3910
212.000000, 92.282, 179.7295
214.000000, 92.309, -179.9295
218.000000, 92.495, 179.2512
220.000000, 92.483, 179.1786
224.000000, 92.309, -179.8704
227.000000, 92.209, 179.6773
230.000000, 92.159, -179.9034
233.000000, 92.072, -179.0410
236.000000, 91.941, -178.5330
240.000000, 91.981, -179.0772
243.000000, 92.107, -179.8648
247.000000, 92.429, -179.2332
250.000000, 92.557, -177.7940
254.000000, 92.516, -177.1552
258.000000, 92.493, -177.6130
262.000000, 92.495, -177.5832
265.000000, 92.464, -177.4488
269.000000, 92.494, -177.4163
272.000000, 92.526, -177.2202
276.000000, 92.596, -176.7536
280.000000, 92.659, -176.4376
285.000000, 92.699, -175.8047
290.000000, 92.663, -175.0284
295.000000, 92.637, -174.8549
300.000000, 92.687, -175.0879
304.000000, 92.741, -175.3454
307.000000, 92.770, -175.4339
311.000000, 92.803, -175.2441
315.000000, 92.860, -175.0720
320.000000, 92.930, -174.7153
325.000000, 92.920, -174.2304
330.000000, 92.891, -173.9333
335.000000, 92.876, -173.8407
340.000000, 92.872, -173.8993
345.000000, 92.877, -173.9949
350.000000, 92.885, -173.7970
355.000000, 92.908, -173.3335
360.000000, 92.956, -173.2314
365.000000, 92.965, -173.3064
370.000000, 92.963, -173.3908
375.000000, 92.976, -173.2596
382.000000, 93.008, -173.0248
387.000000, 93.038, -172.8087
395.000000, 93.084, -172.3949
400.000000, 93.098, -172.0687
406.000000, 93.096, -172.0840
412.000000, 93.111, -172.1269
418.000000, 93.124, -172.0435
425.000000, 93.132, -171.9055
431.000000, 93.132, -171.6473
437.000000, 93.128, -171.4931
444.000000, 93.122, -171.4045
450.000000, 93.119, -171.2947
455.000000, 93.125, -171.2229
462.000000, 93.143, -171.0413
468.000000, 93.167, -170.9454
475.000000, 93.199, -170.9001
482.000000, 93.223, -170.7171
487.000000, 93.233, -170.5489
494.000000, 93.241, -170.3517
500.000000, 93.241, -170.1890
508.000000, 93.233, -169.9672
515.000000, 93.246, -169.7541
522.000000, 93.250, -169.5568
530.000000, 93.253, -169.3333
538.000000, 93.277, -168.9940
545.000000, 93.318, -169.0244
552.000000, 93.332, -169.2715
560.000000, 93.335, -168.9902
570.000000, 93.425, -168.4412
580.000000, 93.530, -167.4327
590.000000, 93.567, -166.9598
600.000000, 93.590, -167.4635
608.000000, 93.604, -167.6864
615.000000, 93.614, -167.7107
622.000000, 93.618, -167.7073
630.000000, 93.608, -167.5341
640.000000, 93.597, -167.2147
650.000000, 93.605, -167.3696
660.000000, 93.564, -167.6311
670.000000, 93.539, -167.1542
680.000000, 93.533, -166.6550
690.000000, 93.524, -166.7953
700.000000, 93.559, -166.8615
710.000000, 93.556, -166.3624
720.000000, 93.527, -165.9570
730.000000, 93.518, -165.5105
740.000000, 93.522, -165.0724
750.000000, 93.542, -164.6337
762.000000, 93.555, -164.2949
775.000000, 93.567, -163.9507
788.000000, 93.588, -163.5507
800.000000, 93.613, -163.2233
812.000000, 93.639, -162.9598
825.000000, 93.680, -162.7327
838.000000, 93.745, -162.4620
850.000000, 93.793, -162.2089
862.000000, 93.827, -161.9859
875.000000, 93.848, -161.7726
885.000000, 93.842, -161.6091
900.000000, 93.830, -161.2680
912.000000, 93.829, -161.0148
925.000000, 93.836, -160.7907
938.000000, 93.870, -160.5400
950.000000, 93.921, -160.4130
962.000000, 93.968, -160.2985
975.000000, 94.000, -160.0791
988.000000, 94.008, -159.8325
1000.000000, 94.007, -159.6317
1015.000000, 93.998, -159.3831
1030.000000, 93.993, -159.1779
1044.000000, 94.008, -159.0242
1060.000000, 94.032, -158.8330
1075.000000, 94.037, -158.6500
1090.000000, 94.041, -158.4892
1106.000000, 94.060, -158.2785
1120.000000, 94.088, -158.1114
1138.000000, 94.132, -157.9446
1150.000000, 94.150, -157.8409
1172.000000, 94.156, -157.5487
1180.000000, 94.155, -157.4171
1206.000000, 94.167, -157.0835
1220.000000, 94.188, -156.9039
1241.000000, 94.229, -156.6559
1250.000000, 94.241, -156.5371
1265.000000, 94.246, -156.2844
1280.000000, 94.243, -155.9783
1315.000000, 94.271, -155.2750
1320.000000, 94.277, -155.1768
1340.000000, 94.296, -154.7856
1360.000000, 94.292, -154.3715
1380.000000, 94.274, -153.9091
1400.000000, 94.270, -153.4165
1430.000000, 94.282, -152.5992
1450.000000, 94.293, -152.0481
1475.000000, 94.298, -151.2601
1500.000000, 94.303, -150.4060
1525.000000, 94.329, -149.4930
1550.000000, 94.381, -148.5444
1575.000000, 94.453, -147.5850
1600.000000, 94.542, -146.6919
1625.000000, 94.644, -146.0117
1650.000000, 94.739, -145.4386
1675.000000, 94.818, -144.9893
1700.000000, 94.875, -144.5762
1725.000000, 94.918, -144.0948
1750.000000, 94.973, -143.6719
1775.000000, 95.043, -143.1982
1800.000000, 95.114, -142.6637
1825.000000, 95.185, -142.1638
1850.000000, 95.244, -141.6139
1875.000000, 95.295, -141.0080
1900.000000, 95.349, -140.4476
1925.000000, 95.401, -139.8338
1950.000000, 95.454, -139.1894
1975.000000, 95.519, -138.5899
2000.000000, 95.596, -137.9491
2030.000000, 95.697, -137.1357
2060.000000, 95.807, -136.2401
2090.000000, 95.931, -135.2747
2120.000000, 96.073, -134.3125
2140.000000, 96.178, -133.6659
2180.000000, 96.431, -132.5381
2200.000000, 96.582, -132.1419
2240.000000, 96.907, -131.7651
2270.000000, 97.146, -131.8251
2300.000000, 97.358, -132.1322
2330.000000, 97.536, -132.5445
2360.000000, 97.687, -133.0253
2400.000000, 97.854, -133.6583
2430.000000, 97.959, -134.0885
2470.000000, 98.090, -134.6289
2500.000000, 98.184, -134.9639
2540.000000, 98.318, -135.4275
2580.000000, 98.456, -135.9114
2620.000000, 98.579, -136.4259
2650.000000, 98.657, -136.8828
2690.000000, 98.742, -137.6078
2720.000000, 98.800, -138.2631
2760.000000, 98.882, -139.2762
2800.000000, 98.948, -140.3237
2850.000000, 98.978, -141.5925
2900.000000, 98.927, -142.6653
2950.000000, 98.832, -143.5361
3000.000000, 98.751, -144.2413
3040.000000, 98.700, -144.6738
3070.000000, 98.671, -144.9730
3110.000000, 98.632, -145.3168
3150.000000, 98.578, -145.5909
3200.000000, 98.505, -145.9138
3250.000000, 98.414, -146.1833
3300.000000, 98.305, -146.3383
3350.000000, 98.211, -146.5050
3400.000000, 98.119, -146.5652
3450.000000, 98.053, -146.6351
3500.000000, 98.008, -146.7078
3550.000000, 97.951, -146.7245
3600.000000, 97.892, -146.7944
3650.000000, 97.822, -146.8827
3700.000000, 97.736, -146.9881
3750.000000, 97.645, -147.1575
3820.000000, 97.474, -147.3020
3870.000000, 97.313, -147.1748
3950.000000, 97.067, -146.1310
4000.000000, 96.975, -145.4140
4060.000000, 96.880, -144.7814
4120.000000, 96.765, -144.2071
4180.000000, 96.633, -143.4251
4250.000000, 96.489, -142.1127
4310.000000, 96.389, -140.7923
4370.000000, 96.309, -139.4091
4440.000000, 96.238, -137.7705
4500.000000, 96.207, -136.4176
4550.000000, 96.199, -135.3459
4620.000000, 96.218, -133.9385
4680.000000, 96.279, -132.8912
4750.000000, 96.377, -131.8212
4820.000000, 96.500, -130.9535
4870.000000, 96.601, -130.4906
4940.000000, 96.734, -130.0166
5000.000000, 96.841, -129.8147
5080.000000, 96.981, -129.8603
5150.000000, 97.094, -130.1584
5220.000000, 97.205, -130.7040
5300.000000, 97.299, -131.5554
5380.000000, 97.330, -132.5969
5450.000000, 97.300, -133.6461
5520.000000, 97.209, -134.7900
5600.000000, 97.040, -136.1363
5700.000000, 96.745, -137.6697
5800.000000, 96.354, -138.7156
5900.000000, 95.904, -139.1154
6000.000000, 95.412, -138.7538
6080.000000, 95.034, -137.9863
6150.000000, 94.731, -137.0124
6220.000000, 94.444, -135.7570
6300.000000, 94.146, -134.0500
6400.000000, 93.825, -131.5889
6500.000000, 93.554, -128.7740
6600.000000, 93.369, -125.6935
6700.000000, 93.284, -122.4447
6800.000000, 93.298, -119.1932
6900.000000, 93.415, -116.1845
7000.000000, 93.602, -113.4191
7100.000000, 93.855, -110.8365
7200.000000, 94.195, -108.4825
7300.000000, 94.630, -106.5768
7400.000000, 95.145, -105.2807
7500.000000, 95.735, -104.6252
7620.000000, 96.548, -105.0899
7750.000000, 97.480, -107.9360
7880.000000, 98.202, -113.6797
8000.000000, 98.469, -121.0194
8120.000000, 98.159, -128.8871
8250.000000, 97.312, -136.4655
8380.000000, 96.150, -141.4682
8500.000000, 94.931, -143.3914
8620.000000, 93.723, -142.9683
8750.000000, 92.519, -140.2395
8850.000000, 91.737, -136.8356
9000.000000, 90.919, -130.1827
9120.000000, 90.664, -124.4872
9250.000000, 90.802, -119.9821
9380.000000, 91.066, -119.0061
9500.000000, 91.028, -120.5912
9620.000000, 90.603, -122.2586
9750.000000, 89.890, -122.2102
9880.000000, 89.181, -120.0087
10000.000000, 88.665, -116.7993
10150.000000, 88.225, -112.1860
10300.000000, 87.982, -107.6142
10440.000000, 87.893, -103.7844
10600.000000, 87.909, -100.2105
10750.000000, 87.985, -97.7965
10900.000000, 88.056, -96.2563
11060.000000, 88.074, -95.2641
11200.000000, 88.040, -94.6701
11380.000000, 87.906, -94.1547
11500.000000, 87.737, -93.8897
11720.000000, 87.256, -92.7668
11800.000000, 87.047, -91.9270
12060.000000, 86.464, -87.5541
12200.000000, 86.271, -84.5434
12410.000000, 86.136, -79.9458
12500.000000, 86.131, -78.0990
12650.000000, 86.179, -75.2541
12800.000000, 86.279, -72.6676
13150.000000, 86.733, -67.4883
13200.000000, 86.829, -66.8736
13400.000000, 87.313, -64.9443
13600.000000, 87.983, -64.4431
13800.000000, 88.759, -66.1889
14000.000000, 89.444, -70.7367
14300.000000, 89.742, -81.7478
14500.000000, 89.220, -89.4949
14750.000000, 87.900, -96.1913
15000.000000, 86.312, -97.9461
15250.000000, 84.903, -95.3862
15500.000000, 83.905, -89.9936
15750.000000, 83.390, -83.1551
16000.000000, 83.294, -75.8045
16250.000000, 83.622, -68.5518
16500.000000, 84.409, -62.0272
16750.000000, 85.682, -57.1623
17000.000000, 87.402, -55.3927
17250.000000, 89.323, -58.3778
17500.000000, 90.990, -66.9043
17750.000000, 91.907, -79.5014
18000.000000, 91.893, -92.4386
18250.000000, 91.291, -102.4572
18500.000000, 90.676, -109.0134
18750.000000, 90.347, -114.2135
19000.000000, 90.198, -120.4025
19250.000000, 89.909, -128.2318
19500.000000, 89.211, -137.0670
19750.000000, 88.078, -145.0626
20000.000000, 86.620, -151.2084
20300.000000, 84.714, -156.1086
20600.000000, 82.872, -159.4988
20900.000000, 80.826, -162.2837
21200.000000, 77.993, -165.3284
21400.000000, 75.303, -164.5977
21800.000000, 67.979, -141.5507
22000.000000, 63.789, 164.6403
22400.000000, 55.704, -127.5422
22700.000000, 50.684, -124.7856
23000.000000, 46.874, -110.9870
23300.000000, 46.749, -153.9890
23600.000000, 51.855, -107.2892
24000.000000, 56.979, -50.6531
