* Measurement data measured by REW V5.31.3
* Source: Headset (Odo By VECLAN.COM), MICROPHONE (Master Volume), R, volume: 0.250
* Format: 1M Log Swept Sine, 1 sweep at -12.0 dBFS with no timing reference
* Dated: 03 29, 25 6:27:17 AM
* REW Settings:
*  C-weighting compensation: Off
*  Target level: 75.0 dB
* Note: ; 
* Measurement: aether R
* Smoothing: 1/24 octave
* Frequency Step: 1/48 octave
* Start Frequency: 1.000 Hz
*
* Freq(Hz) SPL(dB) Phase(degrees)
1.000000 70.036 -59.4924
1.015000 70.203 -60.3980
1.030000 70.369 -61.2807
1.044000 70.523 -62.0842
1.060000 70.697 -62.9793
1.075000 70.858 -63.7964
1.090000 71.017 -64.5926
1.106000 71.185 -65.4162
1.120000 71.335 -66.1106
1.138000 71.533 -66.9654
1.150000 71.668 -67.5127
1.172000 71.920 -68.4741
1.180000 72.013 -68.8119
1.206000 72.318 -69.8656
1.220000 72.483 -70.4072
1.241000 72.732 -71.1884
1.250000 72.838 -71.5126
1.265000 73.014 -72.0395
1.280000 73.188 -72.5508
1.315000 73.586 -73.6877
1.320000 73.641 -73.8442
1.340000 73.858 -74.4565
1.360000 74.067 -75.0483
1.380000 74.266 -75.6103
1.400000 74.453 -76.1501
1.430000 74.711 -76.9281
1.450000 74.864 -77.4259
1.475000 75.033 -78.0167
1.500000 75.176 -78.5525
1.525000 75.295 -79.0306
1.550000 75.394 -79.4604
1.575000 75.475 -79.8464
1.600000 75.542 -80.1930
1.625000 75.597 -80.5168
1.650000 75.643 -80.8245
1.675000 75.685 -81.1219
1.700000 75.724 -81.4137
1.725000 75.763 -81.7043
1.750000 75.807 -81.9973
1.775000 75.858 -82.2997
1.800000 75.918 -82.6176
1.825000 75.991 -82.9410
1.850000 76.073 -83.2563
1.875000 76.160 -83.5461
1.900000 76.251 -83.8086
1.925000 76.343 -84.0485
1.950000 76.438 -84.2709
1.975000 76.535 -84.4845
2.000000 76.633 -84.6974
2.030000 76.753 -84.9474
2.060000 76.874 -85.1977
2.090000 76.996 -85.4536
2.120000 77.119 -85.7198
2.140000 77.201 -85.9048
2.180000 77.364 -86.3024
2.200000 77.446 -86.5147
2.240000 77.610 -86.9243
2.270000 77.735 -87.2073
2.300000 77.861 -87.4729
2.330000 77.988 -87.7263
2.360000 78.116 -87.9730
2.400000 78.287 -88.3212
2.430000 78.415 -88.5893
2.470000 78.586 -88.9594
2.500000 78.713 -89.2510
2.540000 78.881 -89.6629
2.580000 79.048 -90.1076
2.620000 79.214 -90.5738
2.650000 79.339 -90.9134
2.690000 79.505 -91.3557
2.720000 79.629 -91.6822
2.760000 79.793 -92.1140
2.800000 79.956 -92.5768
2.850000 80.156 -93.1712
2.900000 80.352 -93.7872
2.950000 80.543 -94.4269
3.000000 80.730 -95.1006
3.040000 80.878 -95.6466
3.070000 80.987 -96.0533
3.110000 81.130 -96.5913
3.150000 81.271 -97.1251
3.200000 81.443 -97.8116
3.250000 81.610 -98.5083
3.300000 81.773 -99.2096
3.350000 81.931 -99.9193
3.400000 82.084 -100.6587
3.450000 82.233 -101.4049
3.500000 82.378 -102.1406
3.550000 82.518 -102.8605
3.600000 82.654 -103.5899
3.650000 82.784 -104.3151
3.700000 82.910 -105.0354
3.750000 83.031 -105.7602
3.820000 83.193 -106.8094
3.870000 83.303 -107.5514
3.950000 83.470 -108.6891
4.000000 83.569 -109.3864
4.060000 83.683 -110.2061
4.120000 83.790 -111.0150
4.180000 83.890 -111.8210
4.250000 84.001 -112.7661
4.310000 84.090 -113.5315
4.370000 84.175 -114.2512
4.440000 84.269 -115.0734
4.500000 84.344 -115.7527
4.550000 84.403 -116.3004
4.620000 84.481 -117.0615
4.680000 84.545 -117.6768
4.750000 84.618 -118.3327
4.820000 84.688 -118.9568
4.870000 84.736 -119.3799
4.940000 84.801 -119.9351
5.000000 84.856 -120.3935
5.080000 84.929 -120.9662
5.150000 84.994 -121.4133
5.220000 85.060 -121.8356
5.300000 85.136 -122.2772
5.380000 85.213 -122.6820
5.450000 85.283 -123.0368
5.520000 85.356 -123.3653
5.600000 85.443 -123.7212
5.700000 85.555 -124.1510
5.800000 85.671 -124.5725
5.900000 85.791 -125.0182
6.000000 85.915 -125.4650
6.080000 86.016 -125.8393
6.150000 86.105 -126.1674
6.220000 86.193 -126.5241
6.300000 86.292 -126.9473
6.400000 86.417 -127.4975
6.500000 86.538 -128.0773
6.600000 86.655 -128.6712
6.700000 86.767 -129.2973
6.800000 86.873 -129.9384
6.900000 86.974 -130.5911
7.000000 87.069 -131.2369
7.100000 87.157 -131.8942
7.200000 87.239 -132.5452
7.300000 87.315 -133.1859
7.400000 87.387 -133.8027
7.500000 87.453 -134.4123
7.620000 87.527 -135.1184
7.750000 87.602 -135.8440
7.880000 87.673 -136.5460
8.000000 87.736 -137.1611
8.120000 87.797 -137.7546
8.250000 87.861 -138.3742
8.380000 87.924 -138.9746
8.500000 87.982 -139.5265
8.620000 88.038 -140.0706
8.750000 88.097 -140.6549
8.850000 88.140 -141.1056
9.000000 88.199 -141.7737
9.120000 88.244 -142.3018
9.250000 88.288 -142.8604
9.380000 88.328 -143.4009
9.500000 88.362 -143.8869
9.620000 88.394 -144.3467
9.750000 88.424 -144.8214
9.880000 88.450 -145.2709
10.000000 88.469 -145.6519
10.150000 88.486 -146.1413
10.300000 88.503 -146.5970
10.440000 88.519 -146.9964
10.600000 88.538 -147.4420
10.750000 88.560 -147.8650
10.900000 88.584 -148.2988
11.060000 88.611 -148.8177
11.200000 88.634 -149.3393
11.380000 88.659 -150.0306
11.500000 88.670 -150.5020
11.720000 88.676 -151.3584
11.800000 88.674 -151.6591
12.060000 88.654 -152.5963
12.200000 88.636 -153.0820
12.410000 88.611 -153.7174
12.500000 88.603 -153.9529
12.650000 88.596 -154.2985
12.800000 88.597 -154.5987
13.150000 88.628 -155.2473
13.200000 88.636 -155.3484
13.400000 88.674 -155.7672
13.600000 88.717 -156.2314
13.800000 88.761 -156.7558
14.000000 88.798 -157.3369
14.300000 88.836 -158.3345
14.500000 88.844 -158.9885
14.750000 88.837 -159.7281
15.000000 88.818 -160.3394
15.250000 88.799 -160.8574
15.500000 88.789 -161.2479
15.750000 88.795 -161.5573
16.000000 88.821 -161.8551
16.250000 88.862 -162.2435
16.500000 88.910 -162.7159
16.750000 88.953 -163.2765
17.000000 88.984 -163.9008
17.250000 88.998 -164.5735
17.500000 88.995 -165.2145
17.750000 88.978 -165.7765
18.000000 88.955 -166.2399
18.250000 88.934 -166.6289
18.500000 88.919 -166.9390
18.750000 88.915 -167.2030
19.000000 88.921 -167.4612
19.250000 88.934 -167.7715
19.500000 88.949 -168.1273
19.750000 88.961 -168.5271
20.000000 88.966 -168.9531
20.299999 88.962 -169.4908
20.600000 88.946 -169.9771
20.900000 88.927 -170.3813
21.200001 88.911 -170.7227
21.400000 88.906 -170.9257
21.799999 88.911 -171.3161
22.000000 88.920 -171.5306
22.400000 88.941 -172.0537
22.700001 88.952 -172.4960
23.000000 88.956 -172.9490
23.299999 88.953 -173.3934
23.600000 88.947 -173.7920
24.000000 88.946 -174.2581
24.299999 88.952 -174.6089
24.700001 88.967 -175.1131
25.000000 88.977 -175.5344
25.400000 88.980 -176.1475
25.799999 88.965 -176.7337
26.200001 88.939 -177.2382
26.500000 88.918 -177.5511
26.900000 88.896 -177.8927
27.200001 88.885 -178.1293
27.600000 88.875 -178.4530
28.000000 88.864 -178.7929
28.500000 88.843 -179.2262
29.000000 88.815 -179.6012
29.500000 88.792 -179.9239
30.000000 88.777 179.7661
30.400000 88.770 179.4771
30.700001 88.764 179.2333
31.100000 88.752 178.8805
31.500000 88.732 178.5173
32.000000 88.703 178.1108
32.500000 88.678 177.7449
33.000000 88.663 177.3708
33.500000 88.650 176.9232
34.000000 88.625 176.4291
34.500000 88.586 175.9711
35.000000 88.544 175.6321
35.500000 88.515 175.3832
36.000000 88.504 175.1368
36.500000 88.501 174.8156
37.000000 88.497 174.4277
37.500000 88.486 174.0087
38.200001 88.462 173.4196
38.700001 88.438 173.0088
39.500000 88.388 172.4431
40.000000 88.358 172.1671
40.599998 88.332 171.8596
41.200001 88.310 171.5260
41.799999 88.283 171.1820
42.500000 88.247 170.8298
43.099998 88.224 170.5520
43.700001 88.204 170.2339
44.400002 88.173 169.8112
45.000000 88.137 169.4677
45.500000 88.106 169.2017
46.200001 88.064 168.8287
46.799999 88.024 168.4996
47.500000 87.972 168.1474
48.200001 87.922 167.8463
48.700001 87.890 167.6408
49.400002 87.847 167.3486
50.000000 87.810 167.1075
50.799999 87.763 166.8165
51.500000 87.722 166.5754
52.200001 87.675 166.3668
53.000000 87.620 166.2632
53.799999 87.589 166.2458
54.500000 87.580 166.1144
55.200001 87.558 165.8857
56.000000 87.524 165.6913
57.000000 87.509 165.3948
58.000000 87.476 164.9019
59.000000 87.434 164.5787
60.000000 87.423 164.2366
60.799999 87.411 163.8613
61.500000 87.393 163.5137
62.200001 87.364 163.1642
63.000000 87.311 162.8721
64.000000 87.253 162.7020
65.000000 87.209 162.4738
66.000000 87.148 162.1895
67.000000 87.079 161.8828
68.000000 86.990 161.7121
69.000000 86.949 161.7545
70.000000 86.950 161.4214
71.000000 86.913 160.8958
72.000000 86.865 160.5339
73.000000 86.820 160.2212
74.000000 86.773 160.0037
75.000000 86.738 159.8102
76.199997 86.682 159.4959
77.500000 86.605 159.3288
78.800003 86.553 159.1877
80.000000 86.503 158.8926
81.199997 86.438 158.6067
82.500000 86.367 158.3784
83.800003 86.311 158.1915
85.000000 86.265 157.9554
86.199997 86.214 157.7094
87.500000 86.159 157.4953
88.500000 86.116 157.3525
90.000000 86.051 157.1906
91.199997 85.998 157.0818
92.500000 85.938 156.9782
93.800003 85.878 156.8621
95.000000 85.824 156.7456
96.199997 85.773 156.6066
97.500000 85.719 156.4402
98.800003 85.665 156.2906
100.000000 85.615 156.1799
101.500000 85.555 156.0881
103.000000 85.495 156.0068
104.400002 85.440 155.9149
106.000000 85.376 155.7769
107.500000 85.314 155.6472
109.000000 85.255 155.5311
110.599998 85.190 155.4336
112.000000 85.134 155.3852
113.800003 85.066 155.3352
115.000000 85.020 155.2976
117.199997 84.937 155.1696
118.000000 84.904 155.1153
120.599998 84.808 155.0505
122.000000 84.764 154.9507
124.099998 84.687 154.8724
125.000000 84.657 154.8949
126.500000 84.616 154.9545
128.000000 84.589 154.9343
131.500000 84.469 154.5382
132.000000 84.447 154.5568
134.000000 84.387 154.7390
136.000000 84.345 154.8287
138.000000 84.285 154.8094
140.000000 84.209 154.7684
143.000000 84.102 154.7704
145.000000 84.042 154.8398
147.500000 83.968 154.9992
150.000000 83.890 155.1614
152.500000 83.817 155.2479
155.000000 83.750 155.3467
157.500000 83.695 155.5349
160.000000 83.644 155.6750
162.500000 83.577 155.8015
165.000000 83.508 155.9457
167.500000 83.443 156.0290
170.000000 83.378 156.0804
172.500000 83.314 156.1530
175.000000 83.248 156.2262
177.500000 83.173 156.2802
180.000000 83.099 156.3548
182.500000 83.032 156.4465
185.000000 82.972 156.5510
187.500000 82.916 156.6465
190.000000 82.860 156.7307
192.500000 82.801 156.8065
195.000000 82.735 156.9044
197.500000 82.668 157.0499
200.000000 82.602 157.2328
203.000000 82.525 157.4770
206.000000 82.456 157.6591
209.000000 82.397 157.8269
212.000000 82.344 158.0443
214.000000 82.305 158.1833
218.000000 82.233 158.4569
220.000000 82.200 158.5689
224.000000 82.121 158.8422
227.000000 82.065 159.0920
230.000000 82.016 159.3088
233.000000 81.968 159.5492
236.000000 81.920 159.8177
240.000000 81.861 160.1782
243.000000 81.815 160.4445
247.000000 81.753 160.8541
250.000000 81.709 161.2108
254.000000 81.661 161.7318
258.000000 81.635 162.2136
262.000000 81.624 162.5616
265.000000 81.613 162.7782
269.000000 81.587 163.0287
272.000000 81.564 163.1673
276.000000 81.532 163.3344
280.000000 81.496 163.5201
285.000000 81.450 163.7319
290.000000 81.397 163.9647
295.000000 81.337 164.2516
300.000000 81.278 164.5444
304.000000 81.231 164.7768
307.000000 81.198 164.9720
311.000000 81.156 165.2473
315.000000 81.115 165.5210
320.000000 81.065 165.8765
325.000000 81.019 166.2254
330.000000 80.978 166.5750
335.000000 80.936 166.9549
340.000000 80.898 167.3260
345.000000 80.863 167.6788
350.000000 80.829 168.0206
355.000000 80.793 168.3760
360.000000 80.754 168.7198
365.000000 80.718 169.0718
370.000000 80.682 169.4301
375.000000 80.649 169.7826
382.000000 80.607 170.2697
387.000000 80.578 170.6077
395.000000 80.531 171.1633
400.000000 80.500 171.5221
406.000000 80.465 171.9490
412.000000 80.430 172.3691
418.000000 80.400 172.7904
425.000000 80.370 173.2755
431.000000 80.346 173.6874
437.000000 80.321 174.1106
444.000000 80.295 174.6072
450.000000 80.275 175.0176
455.000000 80.259 175.3660
462.000000 80.236 175.8555
468.000000 80.219 176.2646
475.000000 80.201 176.7416
482.000000 80.184 177.2203
487.000000 80.173 177.5572
494.000000 80.159 178.0201
500.000000 80.146 178.4021
508.000000 80.128 178.9120
515.000000 80.114 179.3922
522.000000 80.100 179.8515
530.000000 80.087 -179.6311
538.000000 80.077 -179.1122
545.000000 80.069 -178.6726
552.000000 80.061 -178.2326
560.000000 80.053 -177.6954
570.000000 80.043 -177.0421
580.000000 80.034 -176.4099
590.000000 80.024 -175.7740
600.000000 80.014 -175.1196
608.000000 80.008 -174.6042
615.000000 80.008 -174.1557
622.000000 80.009 -173.7110
630.000000 80.011 -173.1997
640.000000 80.015 -172.5550
650.000000 80.022 -171.9212
660.000000 80.033 -171.2874
670.000000 80.046 -170.6599
680.000000 80.057 -170.0398
690.000000 80.065 -169.4009
700.000000 80.075 -168.7561
710.000000 80.090 -168.1249
720.000000 80.106 -167.4839
730.000000 80.123 -166.8378
740.000000 80.146 -166.2045
750.000000 80.173 -165.5840
762.000000 80.210 -164.8279
775.000000 80.248 -164.0026
788.000000 80.286 -163.1718
800.000000 80.327 -162.4244
812.000000 80.371 -161.6799
825.000000 80.419 -160.8732
838.000000 80.468 -160.0646
850.000000 80.518 -159.3327
862.000000 80.576 -158.6182
875.000000 80.644 -157.8431
885.000000 80.698 -157.2400
900.000000 80.786 -156.3655
912.000000 80.857 -155.6856
925.000000 80.934 -154.9430
938.000000 81.016 -154.2082
950.000000 81.098 -153.5613
962.000000 81.185 -152.9086
975.000000 81.284 -152.2170
988.000000 81.389 -151.5490
1000.000000 81.491 -150.9524
1015.000000 81.628 -150.2379
1030.000000 81.774 -149.5710
1044.000000 81.917 -149.0035
1060.000000 82.088 -148.4643
1075.000000 82.252 -148.0776
1090.000000 82.413 -147.7808
1106.000000 82.577 -147.5697
1120.000000 82.715 -147.4204
1138.000000 82.882 -147.2735
1150.000000 82.990 -147.1845
1172.000000 83.183 -147.0319
1180.000000 83.252 -146.9794
1206.000000 83.475 -146.8246
1220.000000 83.595 -146.7662
1241.000000 83.775 -146.7051
1250.000000 83.854 -146.6893
1265.000000 83.987 -146.6816
1280.000000 84.124 -146.6991
1315.000000 84.445 -146.8705
1320.000000 84.491 -146.9067
1340.000000 84.674 -147.0974
1360.000000 84.868 -147.3741
1380.000000 85.065 -147.7705
1400.000000 85.258 -148.2796
1430.000000 85.540 -149.3553
1450.000000 85.720 -150.3108
1475.000000 85.919 -151.8394
1500.000000 86.060 -153.7785
1525.000000 86.091 -156.0968
1550.000000 85.954 -158.4171
1575.000000 85.628 -160.0338
1600.000000 85.194 -160.2149
1625.000000 84.815 -158.8725
1650.000000 84.601 -156.6390
1675.000000 84.560 -154.1779
1700.000000 84.658 -151.9236
1725.000000 84.849 -150.1134
1750.000000 85.092 -148.7635
1775.000000 85.357 -147.8243
1800.000000 85.633 -147.2149
1825.000000 85.911 -146.8789
1850.000000 86.190 -146.7864
1875.000000 86.465 -146.9400
1900.000000 86.723 -147.3158
1925.000000 86.956 -147.8558
1950.000000 87.159 -148.4686
1975.000000 87.336 -149.0341
2000.000000 87.504 -149.4932
2030.000000 87.730 -149.8963
2060.000000 88.015 -150.4151
2090.000000 88.329 -151.4452
2120.000000 88.604 -153.0385
2140.000000 88.746 -154.2455
2180.000000 88.953 -156.6481
2200.000000 89.031 -157.7762
2240.000000 89.162 -159.8823
2270.000000 89.247 -161.3622
2300.000000 89.324 -162.7567
2330.000000 89.398 -164.0850
2360.000000 89.484 -165.4020
2400.000000 89.630 -167.3070
2430.000000 89.753 -169.0333
2470.000000 89.891 -171.8785
2500.000000 89.952 -174.3924
2540.000000 89.956 -178.1967
2580.000000 89.829 177.4294
2620.000000 89.473 172.5659
2650.000000 88.969 169.0585
2690.000000 87.934 166.2728
2720.000000 87.018 167.0078
2760.000000 86.090 172.0416
2800.000000 85.860 178.2401
2850.000000 86.171 -177.1828
2900.000000 86.524 -175.6939
2950.000000 86.755 -175.3079
3000.000000 86.921 -175.1847
3040.000000 87.049 -175.2103
3070.000000 87.147 -175.3933
3110.000000 87.270 -175.9272
3150.000000 87.362 -176.8371
3200.000000 87.386 -178.3996
3250.000000 87.266 179.9084
3300.000000 86.999 178.7138
3350.000000 86.658 178.6697
3400.000000 86.389 179.8291
3450.000000 86.277 -178.5276
3500.000000 86.304 -177.0294
3550.000000 86.439 -175.9427
3600.000000 86.662 -175.4290
3650.000000 86.957 -175.7845
3700.000000 87.273 -177.4114
3750.000000 87.504 179.3527
3820.000000 87.333 172.4443
3870.000000 86.630 167.6965
3950.000000 84.755 166.6496
4000.000000 83.729 171.3397
4060.000000 83.185 179.0265
4120.000000 83.232 -174.5153
4180.000000 83.532 -170.0398
4250.000000 83.966 -166.7764
4310.000000 84.324 -165.1126
4370.000000 84.647 -164.1018
4440.000000 84.992 -163.5391
4500.000000 85.263 -163.6409
4550.000000 85.445 -164.2366
4620.000000 85.546 -165.6975
4680.000000 85.452 -166.7958
4750.000000 85.207 -167.0659
4820.000000 84.925 -166.2288
4870.000000 84.703 -165.0958
4940.000000 84.365 -162.0386
5000.000000 84.279 -156.9316
5080.000000 84.947 -150.2166
5150.000000 85.784 -148.8217
5220.000000 86.390 -149.8035
5300.000000 86.824 -151.5701
5380.000000 87.075 -153.3921
5450.000000 87.170 -154.7550
5520.000000 87.196 -155.4137
5600.000000 87.290 -155.2751
5700.000000 87.582 -155.4346
5800.000000 87.873 -156.8785
5900.000000 88.019 -158.9691
6000.000000 88.006 -160.6416
6080.000000 88.001 -161.1941
6150.000000 88.067 -161.7618
6220.000000 88.109 -162.8745
6300.000000 88.029 -164.0231
6400.000000 87.904 -164.0257
6500.000000 87.950 -163.0672
6600.000000 88.167 -162.2760
6700.000000 88.462 -162.1488
6800.000000 88.764 -162.4981
6900.000000 89.066 -163.0903
7000.000000 89.388 -163.8687
7100.000000 89.734 -164.9545
7200.000000 90.086 -166.4254
7300.000000 90.416 -168.2218
7400.000000 90.723 -170.1733
7500.000000 91.014 -172.1229
7620.000000 91.495 -173.7140
7750.000000 92.483 -177.1659
7880.000000 93.365 174.3903
8000.000000 93.663 164.0267
8120.000000 93.366 153.1163
8250.000000 92.452 142.7664
8380.000000 91.170 135.1535
8500.000000 89.880 130.6560
8620.000000 88.649 127.8816
8750.000000 87.370 125.5187
8850.000000 86.274 124.2248
9000.000000 84.439 126.3170
9120.000000 83.321 131.4504
9250.000000 82.644 136.2707
9380.000000 82.100 138.9460
9500.000000 81.422 141.3620
9620.000000 80.730 145.7655
9750.000000 80.259 151.7450
9880.000000 80.097 157.3941
10000.000000 80.143 161.6400
10150.000000 80.337 165.3993
10300.000000 80.513 167.4272
10440.000000 80.495 168.7332
10600.000000 80.374 171.8152
10750.000000 80.556 176.0359
10900.000000 81.071 178.7441
11060.000000 81.739 179.0298
11200.000000 82.282 176.8799
11380.000000 82.588 170.9439
11500.000000 82.359 166.4523
11720.000000 81.300 161.2585
11800.000000 80.828 160.4274
12060.000000 79.313 162.1233
12200.000000 78.714 164.5420
12410.000000 78.044 168.5507
12500.000000 77.830 170.3702
12650.000000 77.563 173.1488
12800.000000 77.339 175.3537
13150.000000 76.871 -179.3913
13200.000000 76.838 -178.7230
13400.000000 76.718 -177.1009
13600.000000 76.340 -176.8865
13800.000000 75.461 -173.9605
14000.000000 74.915 -163.8295
14300.000000 75.878 -151.7408
14500.000000 76.606 -147.9955
14750.000000 77.898 -142.4225
15000.000000 79.900 -141.9589
15250.000000 81.616 -150.1195
15500.000000 82.162 -163.1538
15750.000000 81.454 -173.7860
16000.000000 80.373 -177.9644
16250.000000 79.794 -178.1080
16500.000000 79.730 -178.8693
16750.000000 79.480 177.3201
17000.000000 78.283 175.2025
17250.000000 76.896 -176.5202
17500.000000 76.918 -163.7159
17750.000000 77.914 -156.4461
18000.000000 78.991 -154.3391
18250.000000 79.868 -155.1708
18500.000000 80.522 -157.4772
18750.000000 81.018 -160.6758
19000.000000 81.393 -164.9384
19250.000000 81.576 -170.4995
19500.000000 81.465 -176.8809
19750.000000 81.102 177.1046
20000.000000 80.794 172.9274
