* Measurement data measured by REW V5.31.3
* Source: Headset (Odo By VECLAN.COM), MICROPHONE (Master Volume), R, volume: 0.250
* Format: 1M Log Swept Sine, 1 sweep at -12.0 dBFS with no timing reference
* Dated: 03 29, 25 6:28:38 AM
* REW Settings:
*  C-weighting compensation: Off
*  Target level: 75.0 dB
* Note: ; 
* Measurement: aether L
* Smoothing: 1/24 octave
* Frequency Step: 1/48 octave
* Start Frequency: 1.000 Hz
*
* Freq(Hz) SPL(dB) Phase(degrees)
1.000000 66.314 -79.5496
1.015000 66.704 -79.8382
1.030000 67.089 -80.1417
1.044000 67.443 -80.4386
1.060000 67.842 -80.7941
1.075000 68.211 -81.1427
1.090000 68.576 -81.5036
1.106000 68.959 -81.8879
1.120000 69.290 -82.2007
1.138000 69.708 -82.5597
1.150000 69.981 -82.7743
1.172000 70.472 -83.1267
1.180000 70.647 -83.2447
1.206000 71.204 -83.5955
1.220000 71.495 -83.7682
1.241000 71.921 -84.0125
1.250000 72.100 -84.1133
1.265000 72.392 -84.2778
1.280000 72.677 -84.4398
1.315000 73.314 -84.8172
1.320000 73.401 -84.8719
1.340000 73.744 -85.0942
1.360000 74.073 -85.3247
1.380000 74.388 -85.5547
1.400000 74.689 -85.7924
1.430000 75.114 -86.1740
1.450000 75.379 -86.4452
1.475000 75.686 -86.7888
1.500000 75.959 -87.1014
1.525000 76.198 -87.3727
1.550000 76.407 -87.6117
1.575000 76.589 -87.8231
1.600000 76.748 -88.0113
1.625000 76.889 -88.1929
1.650000 77.014 -88.3740
1.675000 77.128 -88.5601
1.700000 77.235 -88.7556
1.725000 77.338 -88.9645
1.750000 77.442 -89.1897
1.775000 77.551 -89.4384
1.800000 77.667 -89.7161
1.825000 77.794 -90.0131
1.850000 77.928 -90.3167
1.875000 78.063 -90.6096
1.900000 78.195 -90.8875
1.925000 78.325 -91.1521
1.950000 78.453 -91.4060
1.975000 78.579 -91.6556
2.000000 78.703 -91.9070
2.030000 78.849 -92.2043
2.060000 78.992 -92.5012
2.090000 79.133 -92.8012
2.120000 79.273 -93.1078
2.140000 79.364 -93.3174
2.180000 79.545 -93.7590
2.200000 79.634 -93.9930
2.240000 79.810 -94.4586
2.270000 79.939 -94.7977
2.300000 80.065 -95.1271
2.330000 80.189 -95.4479
2.360000 80.311 -95.7616
2.400000 80.470 -96.1927
2.430000 80.588 -96.5147
2.470000 80.741 -96.9415
2.500000 80.855 -97.2620
2.540000 81.003 -97.6929
2.580000 81.149 -98.1411
2.620000 81.292 -98.6135
2.650000 81.397 -98.9631
2.690000 81.534 -99.4216
2.720000 81.635 -99.7592
2.760000 81.766 -100.1996
2.800000 81.895 -100.6593
2.850000 82.052 -101.2263
2.900000 82.204 -101.7828
2.950000 82.352 -102.3333
3.000000 82.495 -102.9071
3.040000 82.606 -103.3713
3.070000 82.687 -103.7150
3.110000 82.792 -104.1655
3.150000 82.896 -104.6059
3.200000 83.021 -105.1638
3.250000 83.144 -105.7145
3.300000 83.263 -106.2493
3.350000 83.379 -106.7748
3.400000 83.491 -107.3193
3.450000 83.599 -107.8646
3.500000 83.705 -108.3960
3.550000 83.807 -108.9092
3.600000 83.907 -109.4293
3.650000 84.005 -109.9408
3.700000 84.100 -110.4377
3.750000 84.192 -110.9268
3.820000 84.317 -111.6348
3.870000 84.403 -112.1337
3.950000 84.537 -112.8971
4.000000 84.618 -113.3739
4.060000 84.714 -113.9371
4.120000 84.807 -114.4855
4.180000 84.897 -115.0288
4.250000 84.998 -115.6790
4.310000 85.084 -116.2135
4.370000 85.167 -116.7302
4.440000 85.262 -117.3460
4.500000 85.341 -117.8611
4.550000 85.405 -118.2804
4.620000 85.493 -118.8823
4.680000 85.567 -119.3879
4.750000 85.651 -119.9553
4.820000 85.734 -120.5323
4.870000 85.791 -120.9415
4.940000 85.870 -121.5009
5.000000 85.937 -121.9843
5.080000 86.023 -122.6224
5.150000 86.097 -123.1608
5.220000 86.168 -123.7096
5.300000 86.248 -124.3309
5.380000 86.325 -124.9375
5.450000 86.391 -125.4770
5.520000 86.455 -125.9974
5.600000 86.526 -126.5921
5.700000 86.611 -127.3393
5.800000 86.692 -128.0650
5.900000 86.771 -128.7811
6.000000 86.845 -129.4803
6.080000 86.903 -130.0411
6.150000 86.951 -130.5109
6.220000 86.999 -130.9825
6.300000 87.052 -131.5050
6.400000 87.115 -132.1418
6.500000 87.177 -132.7707
6.600000 87.238 -133.3733
6.700000 87.297 -133.9635
6.800000 87.356 -134.5335
6.900000 87.414 -135.0965
7.000000 87.472 -135.6406
7.100000 87.531 -136.1788
7.200000 87.589 -136.7028
7.300000 87.648 -137.2264
7.400000 87.706 -137.7410
7.500000 87.765 -138.2578
7.620000 87.834 -138.8731
7.750000 87.909 -139.5400
7.880000 87.982 -140.2212
8.000000 88.047 -140.8430
8.120000 88.110 -141.4667
8.250000 88.174 -142.1444
8.380000 88.234 -142.8136
8.500000 88.287 -143.4293
8.620000 88.337 -144.0374
8.750000 88.387 -144.6828
8.850000 88.422 -145.1690
9.000000 88.471 -145.8731
9.120000 88.507 -146.4178
9.250000 88.544 -146.9815
9.380000 88.579 -147.5163
9.500000 88.610 -147.9954
9.620000 88.641 -148.4506
9.750000 88.672 -148.9234
9.880000 88.699 -149.3792
10.000000 88.718 -149.7764
10.150000 88.736 -150.2961
10.300000 88.750 -150.7863
10.440000 88.759 -151.2196
10.600000 88.768 -151.6908
10.750000 88.776 -152.1134
10.900000 88.783 -152.5193
11.060000 88.792 -152.9669
11.200000 88.801 -153.3908
11.380000 88.810 -153.9183
11.500000 88.815 -154.2593
11.720000 88.821 -154.8613
11.800000 88.822 -155.0725
12.060000 88.823 -155.7552
12.200000 88.823 -156.1490
12.410000 88.824 -156.7153
12.500000 88.826 -156.9491
12.650000 88.834 -157.3271
12.800000 88.844 -157.6915
13.150000 88.868 -158.5468
13.200000 88.871 -158.6743
13.400000 88.883 -159.1729
13.600000 88.894 -159.6549
13.800000 88.903 -160.1219
14.000000 88.911 -160.5789
14.300000 88.919 -161.3084
14.500000 88.921 -161.7756
14.750000 88.922 -162.3298
15.000000 88.919 -162.8497
15.250000 88.918 -163.3896
15.500000 88.917 -163.8941
15.750000 88.917 -164.3662
16.000000 88.922 -164.8168
16.250000 88.931 -165.2981
16.500000 88.944 -165.7772
16.750000 88.957 -166.2574
17.000000 88.968 -166.7404
17.250000 88.977 -167.2484
17.500000 88.982 -167.7426
17.750000 88.985 -168.2095
18.000000 88.987 -168.6474
18.250000 88.989 -169.0828
18.500000 88.993 -169.4958
18.750000 88.999 -169.8932
19.000000 89.007 -170.2863
19.250000 89.014 -170.7060
19.500000 89.019 -171.1301
19.750000 89.020 -171.5522
20.000000 89.016 -171.9612
20.299999 89.006 -172.4484
20.600000 88.992 -172.8816
20.900000 88.978 -173.2581
21.200001 88.968 -173.6112
21.400000 88.964 -173.8418
21.799999 88.960 -174.3084
22.000000 88.959 -174.5550
22.400000 88.952 -175.0961
22.700001 88.941 -175.5019
23.000000 88.926 -175.8852
23.299999 88.909 -176.2495
23.600000 88.895 -176.5833
24.000000 88.885 -177.0171
24.299999 88.882 -177.3856
24.700001 88.879 -177.9379
25.000000 88.869 -178.3819
25.400000 88.842 -178.9699
25.799999 88.804 -179.4589
26.200001 88.770 -179.8286
26.500000 88.756 179.9459
26.900000 88.753 179.6537
27.200001 88.761 179.3880
27.600000 88.772 178.9485
28.000000 88.773 178.4498
28.500000 88.753 177.8398
29.000000 88.723 177.3615
29.500000 88.699 176.9905
30.000000 88.686 176.6475
30.400000 88.679 176.3412
30.700001 88.671 176.0989
31.100000 88.656 175.7732
31.500000 88.637 175.4537
32.000000 88.611 175.0847
32.500000 88.584 174.7166
33.000000 88.556 174.3457
33.500000 88.524 173.9716
34.000000 88.489 173.6138
34.500000 88.455 173.2681
35.000000 88.423 172.9421
35.500000 88.396 172.6203
36.000000 88.375 172.2871
36.500000 88.357 171.9128
37.000000 88.336 171.5045
37.500000 88.308 171.0936
38.200001 88.258 170.6015
38.700001 88.225 170.3203
39.500000 88.182 169.9305
40.000000 88.159 169.6903
40.599998 88.132 169.3886
41.200001 88.103 169.0784
41.799999 88.067 168.7796
42.500000 88.024 168.4722
43.099998 87.993 168.2115
43.700001 87.963 167.9008
44.400002 87.915 167.5222
45.000000 87.870 167.2798
45.500000 87.843 167.1149
46.200001 87.821 166.8149
46.799999 87.798 166.4695
47.500000 87.758 166.0933
48.200001 87.725 165.7894
48.700001 87.708 165.5489
49.400002 87.679 165.1417
50.000000 87.642 164.7935
50.799999 87.584 164.4214
51.500000 87.537 164.1625
52.200001 87.494 163.9337
53.000000 87.450 163.6785
53.799999 87.412 163.3920
54.500000 87.379 163.1221
55.200001 87.345 162.8495
56.000000 87.307 162.5363
57.000000 87.259 162.1627
58.000000 87.214 161.8009
59.000000 87.163 161.4332
60.000000 87.108 161.1154
60.799999 87.064 160.8688
61.500000 87.024 160.6479
62.200001 86.981 160.4417
63.000000 86.935 160.2263
64.000000 86.881 159.9277
65.000000 86.827 159.6135
66.000000 86.772 159.3004
67.000000 86.719 159.0093
68.000000 86.666 158.7049
69.000000 86.605 158.4164
70.000000 86.540 158.2281
71.000000 86.484 158.0801
72.000000 86.432 157.8970
73.000000 86.376 157.7130
74.000000 86.322 157.5084
75.000000 86.263 157.2850
76.199997 86.190 157.0433
77.500000 86.117 156.7928
78.800003 86.042 156.5228
80.000000 85.971 156.3091
81.199997 85.902 156.1347
82.500000 85.831 155.9532
83.800003 85.761 155.7859
85.000000 85.696 155.6333
86.199997 85.633 155.4808
87.500000 85.565 155.3200
88.500000 85.512 155.1967
90.000000 85.432 155.0194
91.199997 85.367 154.8708
92.500000 85.289 154.7280
93.800003 85.210 154.6060
95.000000 85.134 154.5021
96.199997 85.058 154.4027
97.500000 84.972 154.3159
98.800003 84.888 154.2508
100.000000 84.800 154.1714
101.500000 84.683 154.2723
103.000000 84.575 154.3496
104.400002 84.440 154.4462
106.000000 84.285 155.0856
107.500000 84.206 155.9094
109.000000 84.166 156.6659
110.599998 84.144 157.6064
112.000000 84.175 158.5294
113.800003 84.286 159.2843
115.000000 84.373 159.3325
117.199997 84.476 158.6451
118.000000 84.491 158.3149
120.599998 84.481 157.2926
122.000000 84.440 156.9209
124.099998 84.370 156.6373
125.000000 84.343 156.5274
126.500000 84.297 156.3275
128.000000 84.251 156.1406
131.500000 84.155 155.8487
132.000000 84.142 155.8240
134.000000 84.086 155.7410
136.000000 84.024 155.6596
138.000000 83.963 155.5789
140.000000 83.904 155.4613
143.000000 83.812 155.3259
145.000000 83.751 155.2833
147.500000 83.673 155.2661
150.000000 83.594 155.2555
152.500000 83.518 155.2815
155.000000 83.449 155.2917
157.500000 83.377 155.3428
160.000000 83.300 155.4056
162.500000 83.211 155.4881
165.000000 83.119 155.6539
167.500000 83.029 155.8465
170.000000 82.941 156.0267
172.500000 82.859 156.1281
175.000000 82.786 156.2167
177.500000 82.716 156.3436
180.000000 82.645 156.5206
182.500000 82.570 156.7086
185.000000 82.495 156.9067
187.500000 82.421 157.1101
190.000000 82.348 157.3224
192.500000 82.279 157.5649
195.000000 82.214 157.8034
197.500000 82.152 158.0622
200.000000 82.095 158.3190
203.000000 82.032 158.6521
206.000000 81.974 158.9773
209.000000 81.915 159.3199
212.000000 81.864 159.7700
214.000000 81.837 160.1114
218.000000 81.810 160.8726
220.000000 81.815 161.2114
224.000000 81.853 161.6620
227.000000 81.884 161.7548
230.000000 81.897 161.6882
233.000000 81.888 161.5729
236.000000 81.860 161.4743
240.000000 81.809 161.4134
243.000000 81.764 161.4329
247.000000 81.701 161.5257
250.000000 81.653 161.6084
254.000000 81.587 161.7738
258.000000 81.526 161.9860
262.000000 81.467 162.2158
265.000000 81.422 162.3911
269.000000 81.362 162.6437
272.000000 81.318 162.8466
276.000000 81.262 163.1203
280.000000 81.208 163.3924
285.000000 81.145 163.7526
290.000000 81.086 164.0845
295.000000 81.029 164.4220
300.000000 80.975 164.7714
304.000000 80.932 165.0680
307.000000 80.899 165.3034
311.000000 80.857 165.6060
315.000000 80.815 165.8950
320.000000 80.764 166.2681
325.000000 80.720 166.6486
330.000000 80.679 167.0171
335.000000 80.640 167.3820
340.000000 80.601 167.7565
345.000000 80.562 168.1199
350.000000 80.526 168.4804
355.000000 80.490 168.8453
360.000000 80.454 169.1976
365.000000 80.421 169.5659
370.000000 80.388 169.9460
375.000000 80.359 170.3077
382.000000 80.322 170.8152
387.000000 80.295 171.1876
395.000000 80.254 171.7602
400.000000 80.231 172.1204
406.000000 80.203 172.5520
412.000000 80.174 172.9817
418.000000 80.148 173.3952
425.000000 80.121 173.8762
431.000000 80.096 174.3127
437.000000 80.072 174.7540
444.000000 80.048 175.2478
450.000000 80.030 175.6446
455.000000 80.014 175.9701
462.000000 79.992 176.4530
468.000000 79.972 176.8786
475.000000 79.950 177.3595
482.000000 79.930 177.8249
487.000000 79.917 178.1520
494.000000 79.901 178.6172
500.000000 79.889 179.0222
508.000000 79.873 179.5673
515.000000 79.861 -179.9662
522.000000 79.851 -179.5036
530.000000 79.842 -178.9693
538.000000 79.833 -178.4611
545.000000 79.824 -178.0085
552.000000 79.814 -177.5548
560.000000 79.806 -177.0308
570.000000 79.800 -176.3875
580.000000 79.797 -175.7308
590.000000 79.795 -175.0956
600.000000 79.794 -174.4529
608.000000 79.796 -173.9454
615.000000 79.798 -173.5011
622.000000 79.802 -173.0534
630.000000 79.805 -172.5450
640.000000 79.808 -171.9145
650.000000 79.814 -171.2888
660.000000 79.823 -170.6570
670.000000 79.833 -170.0257
680.000000 79.846 -169.3916
690.000000 79.862 -168.7626
700.000000 79.878 -168.1396
710.000000 79.897 -167.5185
720.000000 79.919 -166.9018
730.000000 79.944 -166.2796
740.000000 79.969 -165.6567
750.000000 79.994 -165.0448
762.000000 80.029 -164.3015
775.000000 80.070 -163.5045
788.000000 80.115 -162.7060
800.000000 80.161 -161.9795
812.000000 80.207 -161.2579
825.000000 80.259 -160.4753
838.000000 80.313 -159.7022
850.000000 80.368 -159.0009
862.000000 80.428 -158.3165
875.000000 80.494 -157.5842
885.000000 80.547 -157.0195
900.000000 80.633 -156.1987
912.000000 80.706 -155.5601
925.000000 80.788 -154.8837
938.000000 80.876 -154.2286
950.000000 80.960 -153.6491
962.000000 81.045 -153.0783
975.000000 81.139 -152.4856
988.000000 81.236 -151.9190
1000.000000 81.329 -151.4216
1015.000000 81.449 -150.8360
1030.000000 81.574 -150.2910
1044.000000 81.692 -149.8014
1060.000000 81.826 -149.2932
1075.000000 81.951 -148.8582
1090.000000 82.075 -148.4388
1106.000000 82.211 -148.0501
1120.000000 82.328 -147.7249
1138.000000 82.481 -147.3594
1150.000000 82.584 -147.1395
1172.000000 82.772 -146.7813
1180.000000 82.839 -146.6653
1206.000000 83.054 -146.3272
1220.000000 83.168 -146.1740
1241.000000 83.338 -145.9724
1250.000000 83.413 -145.8970
1265.000000 83.537 -145.7858
1280.000000 83.663 -145.6872
1315.000000 83.957 -145.5202
1320.000000 83.999 -145.4992
1340.000000 84.165 -145.4397
1360.000000 84.334 -145.3996
1380.000000 84.507 -145.4045
1400.000000 84.683 -145.4392
1430.000000 84.952 -145.5765
1450.000000 85.136 -145.7352
1475.000000 85.372 -146.0449
1500.000000 85.614 -146.4851
1525.000000 85.861 -147.1324
1550.000000 86.102 -148.0096
1575.000000 86.323 -149.1703
1600.000000 86.504 -150.6136
1625.000000 86.623 -152.2819
1650.000000 86.659 -154.0596
1675.000000 86.594 -155.6731
1700.000000 86.442 -156.7619
1725.000000 86.255 -157.0173
1750.000000 86.114 -156.4329
1775.000000 86.077 -155.4039
1800.000000 86.149 -154.3761
1825.000000 86.296 -153.6342
1850.000000 86.480 -153.2362
1875.000000 86.679 -153.1508
1900.000000 86.878 -153.3173
1925.000000 87.072 -153.6905
1950.000000 87.253 -154.2256
1975.000000 87.420 -154.8637
2000.000000 87.577 -155.5816
2030.000000 87.757 -156.5078
2060.000000 87.930 -157.5197
2090.000000 88.094 -158.6317
2120.000000 88.243 -159.8569
2140.000000 88.334 -160.7190
2180.000000 88.492 -162.5394
2200.000000 88.560 -163.4915
2240.000000 88.673 -165.4874
2270.000000 88.737 -167.0791
2300.000000 88.781 -168.7593
2330.000000 88.797 -170.5260
2360.000000 88.772 -172.3439
2400.000000 88.672 -174.6677
2430.000000 88.575 -176.2950
2470.000000 88.428 -178.7363
2500.000000 88.229 179.0536
2540.000000 87.701 176.5921
2580.000000 86.975 176.9815
2620.000000 86.536 -179.3374
2650.000000 86.564 -176.4731
2690.000000 86.847 -174.5335
2720.000000 87.068 -174.3537
2760.000000 87.281 -175.0049
2800.000000 87.391 -176.0833
2850.000000 87.414 -177.5403
2900.000000 87.347 -178.8404
2950.000000 87.216 -179.7775
3000.000000 87.059 179.8058
3040.000000 86.957 179.8773
3070.000000 86.914 -179.9676
3110.000000 86.900 -179.8379
3150.000000 86.903 -179.9874
3200.000000 86.874 179.4813
3250.000000 86.781 178.8306
3300.000000 86.630 178.4227
3350.000000 86.465 178.4727
3400.000000 86.340 178.9268
3450.000000 86.288 179.6025
3500.000000 86.331 -179.7579
3550.000000 86.484 -179.5362
3600.000000 86.729 179.7173
3650.000000 86.967 177.2765
3700.000000 86.964 172.9142
3750.000000 86.447 168.1029
3820.000000 84.986 166.1799
3870.000000 84.040 169.3763
3950.000000 83.377 176.6040
4000.000000 83.311 -179.7180
4060.000000 83.368 -176.3268
4120.000000 83.487 -173.7301
4180.000000 83.628 -171.7112
4250.000000 83.805 -169.9367
4310.000000 83.944 -168.8622
4370.000000 84.055 -168.0483
4440.000000 84.174 -167.3485
4500.000000 84.261 -167.2765
4550.000000 84.256 -167.8153
4620.000000 83.914 -168.7249
4680.000000 83.304 -166.5368
4750.000000 83.067 -158.1483
4820.000000 83.829 -151.4156
4870.000000 84.488 -150.0853
4940.000000 85.147 -150.5487
5000.000000 85.494 -151.2894
5080.000000 85.810 -151.9449
5150.000000 86.051 -152.3483
5220.000000 86.283 -152.8862
5300.000000 86.500 -153.8082
5380.000000 86.651 -154.6361
5450.000000 86.791 -155.2883
5520.000000 86.910 -156.3163
5600.000000 86.935 -157.5523
5700.000000 86.889 -158.0910
5800.000000 86.954 -158.0665
5900.000000 87.097 -158.7374
6000.000000 87.136 -160.0433
6080.000000 87.052 -160.7253
6150.000000 86.955 -160.5804
6220.000000 86.918 -159.8036
6300.000000 87.009 -158.7034
6400.000000 87.282 -157.8423
6500.000000 87.613 -157.8129
6600.000000 87.932 -158.3218
6700.000000 88.245 -159.2044
6800.000000 88.548 -160.6237
6900.000000 88.769 -162.9069
7000.000000 88.707 -165.7548
7100.000000 88.251 -165.8923
7200.000000 88.182 -160.2606
7300.000000 89.023 -155.7919
7400.000000 90.052 -155.6587
7500.000000 91.001 -157.5678
7620.000000 92.103 -161.5471
7750.000000 93.232 -168.3480
7880.000000 94.117 -178.0885
8000.000000 94.495 170.8394
8120.000000 94.310 159.1490
8250.000000 93.537 147.6572
8380.000000 92.395 138.5463
8500.000000 91.236 132.0238
8620.000000 90.067 126.1556
8750.000000 88.535 119.5456
8850.000000 86.824 116.6811
9000.000000 84.043 124.5554
9120.000000 82.977 134.1717
9250.000000 82.542 140.3406
9380.000000 82.212 144.3812
9500.000000 81.912 147.2784
9620.000000 81.567 149.7838
9750.000000 81.133 152.9568
9880.000000 80.763 157.1203
10000.000000 80.572 161.4427
10150.000000 80.614 167.0525
10300.000000 80.985 171.7003
10440.000000 81.524 174.1400
10600.000000 82.169 174.0267
10750.000000 82.533 171.0585
10900.000000 82.328 166.9854
11060.000000 81.552 166.4855
11200.000000 81.163 170.1558
11380.000000 81.376 173.2820
11500.000000 81.580 173.1385
11720.000000 81.648 170.9558
11800.000000 81.587 170.1240
12060.000000 81.239 167.8314
12200.000000 81.011 166.8602
12410.000000 80.693 164.7448
12500.000000 80.502 163.2267
12650.000000 79.956 160.1251
12800.000000 78.986 157.7737
13150.000000 76.247 168.6678
13200.000000 76.087 171.6722
13400.000000 76.152 -178.6619
13600.000000 76.487 -174.1359
13800.000000 76.656 -170.2437
14000.000000 77.046 -165.5093
14300.000000 78.078 -161.3720
14500.000000 78.839 -160.5152
14750.000000 79.897 -161.0455
15000.000000 81.186 -164.1975
15250.000000 82.541 -172.8211
15500.000000 83.159 171.9221
15750.000000 82.315 154.5306
16000.000000 80.050 141.0494
16250.000000 76.657 137.5992
16500.000000 73.274 151.9080
16750.000000 71.933 174.9067
17000.000000 72.406 -166.7651
17250.000000 73.623 -154.3673
17500.000000 75.059 -146.7541
17750.000000 76.502 -142.8389
18000.000000 77.813 -142.0012
18250.000000 78.876 -143.4292
18500.000000 79.688 -145.9693
18750.000000 80.351 -149.1509
19000.000000 80.888 -153.3674
19250.000000 81.212 -158.7249
19500.000000 81.281 -164.6035
19750.000000 81.163 -170.3310
20000.000000 81.028 -174.6564
