* Measurement data measured by REW V5.31.3
* Source: Headset (Odo By VECLAN.COM), MICROPHONE (Master Volume), R, volume: 0.250
* Format: 1M Log Swept Sine, 1 sweep at -12.0 dBFS with no timing reference
* Dated: 05 5, 25 10:40:03 PM
* REW Settings:
*  C-weighting compensation: Off
*  Target level: 75.0 dB
* Note: ; 
* Measurement: am16 L
* Smoothing: 1/24 octave
* Frequency Step: 1/48 octave
* Start Frequency: 1.000 Hz
*
* Freq(Hz) SPL(dB) Phase(degrees)
1.000000 61.351 -81.8229
1.015000 61.698 -80.2150
1.030000 62.042 -78.7782
1.044000 62.358 -77.5840
1.060000 62.712 -76.3828
1.075000 63.035 -75.4051
1.090000 63.348 -74.5574
1.106000 63.676 -73.7628
1.120000 63.967 -73.1154
1.138000 64.353 -72.3221
1.150000 64.618 -71.8175
1.172000 65.114 -70.9491
1.180000 65.298 -70.6534
1.206000 65.904 -69.7657
1.220000 66.235 -69.3352
1.241000 66.733 -68.7529
1.250000 66.947 -68.5267
1.265000 67.302 -68.1807
1.280000 67.655 -67.8732
1.315000 68.463 -67.3026
1.320000 68.576 -67.2376
1.340000 69.020 -67.0176
1.360000 69.449 -66.8610
1.380000 69.860 -66.7552
1.400000 70.250 -66.7048
1.430000 70.789 -66.7367
1.450000 71.114 -66.8246
1.475000 71.478 -66.9831
1.500000 71.799 -67.1367
1.525000 72.082 -67.2665
1.550000 72.331 -67.3819
1.575000 72.550 -67.4889
1.600000 72.743 -67.5928
1.625000 72.916 -67.7109
1.650000 73.070 -67.8497
1.675000 73.212 -68.0148
1.700000 73.345 -68.2108
1.725000 73.474 -68.4416
1.750000 73.602 -68.7102
1.775000 73.733 -69.0235
1.800000 73.873 -69.3870
1.825000 74.022 -69.7897
1.850000 74.179 -70.2143
1.875000 74.334 -70.6366
1.900000 74.486 -71.0491
1.925000 74.634 -71.4522
1.950000 74.779 -71.8478
1.975000 74.921 -72.2420
2.000000 75.059 -72.6406
2.030000 75.221 -73.1183
2.060000 75.379 -73.5998
2.090000 75.535 -74.0892
2.120000 75.687 -74.5909
2.140000 75.787 -74.9340
2.180000 75.984 -75.6526
2.200000 76.080 -76.0308
2.240000 76.270 -76.7964
2.270000 76.408 -77.3680
2.300000 76.543 -77.9330
2.330000 76.675 -78.4902
2.360000 76.803 -79.0392
2.400000 76.970 -79.7801
2.430000 77.092 -80.3306
2.470000 77.251 -81.0563
2.500000 77.367 -81.5968
2.540000 77.518 -82.3166
2.580000 77.666 -83.0537
2.620000 77.809 -83.8239
2.650000 77.914 -84.4021
2.690000 78.049 -85.1677
2.720000 78.148 -85.7340
2.760000 78.275 -86.4732
2.800000 78.399 -87.2214
2.850000 78.547 -88.1304
2.900000 78.690 -89.0058
2.950000 78.826 -89.8589
3.000000 78.956 -90.7381
3.040000 79.054 -91.4501
3.070000 79.126 -91.9785
3.110000 79.217 -92.6698
3.150000 79.306 -93.3405
3.200000 79.411 -94.1654
3.250000 79.513 -94.9547
3.300000 79.610 -95.6993
3.350000 79.702 -96.4205
3.400000 79.789 -97.1569
3.450000 79.871 -97.8867
3.500000 79.948 -98.5882
3.550000 80.023 -99.2502
3.600000 80.094 -99.8912
3.650000 80.163 -100.4917
3.700000 80.230 -101.0503
3.750000 80.292 -101.5843
3.820000 80.375 -102.3309
3.870000 80.431 -102.8370
3.950000 80.518 -103.5676
4.000000 80.572 -103.9908
4.060000 80.637 -104.4530
4.120000 80.700 -104.8651
4.180000 80.762 -105.2435
4.250000 80.834 -105.6713
4.310000 80.896 -105.9924
4.370000 80.961 -106.2748
4.440000 81.040 -106.5844
4.500000 81.110 -106.8044
4.550000 81.169 -106.9599
4.620000 81.255 -107.1769
4.680000 81.331 -107.3484
4.750000 81.425 -107.5278
4.820000 81.523 -107.7096
4.870000 81.597 -107.8252
4.940000 81.703 -107.9657
5.000000 81.797 -108.0952
5.080000 81.926 -108.2864
5.150000 82.042 -108.4623
5.220000 82.161 -108.6611
5.300000 82.301 -108.8937
5.380000 82.444 -109.1384
5.450000 82.568 -109.3959
5.520000 82.692 -109.6705
5.600000 82.835 -110.0171
5.700000 83.012 -110.4949
5.800000 83.186 -111.0035
5.900000 83.354 -111.5635
6.000000 83.516 -112.1612
6.080000 83.641 -112.6712
6.150000 83.747 -113.1147
6.220000 83.849 -113.5762
6.300000 83.961 -114.1096
6.400000 84.093 -114.7911
6.500000 84.217 -115.4835
6.600000 84.334 -116.1564
6.700000 84.443 -116.8277
6.800000 84.544 -117.4883
6.900000 84.639 -118.1360
7.000000 84.730 -118.7501
7.100000 84.815 -119.3492
7.200000 84.895 -119.9225
7.300000 84.972 -120.4742
7.400000 85.046 -120.9923
7.500000 85.117 -121.4924
7.620000 85.200 -122.0607
7.750000 85.287 -122.6397
7.880000 85.373 -123.1962
8.000000 85.452 -123.6784
8.120000 85.529 -124.1426
8.250000 85.612 -124.6252
8.380000 85.694 -125.0881
8.500000 85.770 -125.5098
8.620000 85.846 -125.9206
8.750000 85.928 -126.3579
8.850000 85.990 -126.6930
9.000000 86.081 -127.1840
9.120000 86.154 -127.5757
9.250000 86.233 -127.9961
9.380000 86.311 -128.4101
9.500000 86.382 -128.7993
9.620000 86.453 -129.1871
9.750000 86.528 -129.6107
9.880000 86.598 -130.0398
10.000000 86.655 -130.4323
10.150000 86.718 -130.9694
10.300000 86.774 -131.4964
10.440000 86.820 -131.9792
10.600000 86.867 -132.5172
10.750000 86.907 -133.0062
10.900000 86.944 -133.4787
11.060000 86.983 -133.9905
11.200000 87.016 -134.4630
11.380000 87.056 -135.0402
11.500000 87.082 -135.4052
11.720000 87.126 -136.0369
11.800000 87.142 -136.2552
12.060000 87.195 -136.9557
12.200000 87.225 -137.3622
12.410000 87.276 -137.9583
12.500000 87.300 -138.2114
12.650000 87.345 -138.6315
12.800000 87.392 -139.0501
13.150000 87.499 -140.0744
13.200000 87.514 -140.2289
13.400000 87.569 -140.8374
13.600000 87.618 -141.4217
13.800000 87.663 -141.9731
14.000000 87.705 -142.4888
14.300000 87.768 -143.2550
14.500000 87.810 -143.7197
14.750000 87.867 -144.2626
15.000000 87.929 -144.7879
15.250000 87.997 -145.3782
15.500000 88.065 -145.9929
15.750000 88.130 -146.6332
16.000000 88.189 -147.2923
16.250000 88.241 -147.9904
16.500000 88.286 -148.6637
16.750000 88.322 -149.2886
17.000000 88.354 -149.8565
17.250000 88.385 -150.3962
17.500000 88.419 -150.8893
17.750000 88.456 -151.3513
18.000000 88.498 -151.8054
18.250000 88.542 -152.2936
18.500000 88.585 -152.7962
18.750000 88.626 -153.3071
19.000000 88.663 -153.8177
19.250000 88.695 -154.3384
19.500000 88.723 -154.8363
19.750000 88.750 -155.3055
20.000000 88.776 -155.7473
20.299999 88.809 -156.2818
20.600000 88.845 -156.8004
20.900000 88.882 -157.3158
21.200001 88.918 -157.8531
21.400000 88.941 -158.2187
21.799999 88.984 -158.9429
22.000000 89.004 -159.2989
22.400000 89.040 -160.0158
22.700001 89.067 -160.5367
23.000000 89.092 -161.0476
23.299999 89.116 -161.5670
23.600000 89.138 -162.0792
24.000000 89.165 -162.7445
24.299999 89.184 -163.2424
24.700001 89.207 -163.8782
25.000000 89.225 -164.3347
25.400000 89.250 -164.9427
25.799999 89.275 -165.5433
26.200001 89.300 -166.1567
26.500000 89.316 -166.6246
26.900000 89.335 -167.2375
27.200001 89.348 -167.6894
27.600000 89.363 -168.2759
28.000000 89.378 -168.8459
28.500000 89.397 -169.5669
29.000000 89.412 -170.2835
29.500000 89.422 -170.9909
30.000000 89.429 -171.6585
30.400000 89.435 -172.1739
30.700001 89.441 -172.5504
31.100000 89.449 -173.0510
31.500000 89.457 -173.5624
32.000000 89.466 -174.1953
32.500000 89.473 -174.8260
33.000000 89.478 -175.4401
33.500000 89.482 -176.0469
34.000000 89.484 -176.6409
34.500000 89.486 -177.2310
35.000000 89.488 -177.8106
35.500000 89.489 -178.3936
36.000000 89.488 -178.9785
36.500000 89.484 -179.5636
37.000000 89.477 179.8729
37.500000 89.470 179.3336
38.200001 89.461 178.6063
38.700001 89.458 178.0809
39.500000 89.450 177.2198
40.000000 89.441 176.6810
40.599998 89.427 176.0494
41.200001 89.412 175.4469
41.799999 89.398 174.8605
42.500000 89.381 174.1760
43.099998 89.365 173.6031
43.700001 89.348 173.0556
44.400002 89.333 172.4239
45.000000 89.320 171.8629
45.500000 89.307 171.3829
46.200001 89.284 170.7319
46.799999 89.264 170.1991
47.500000 89.243 169.5742
48.200001 89.219 168.9398
48.700001 89.198 168.4994
49.400002 89.169 167.9165
50.000000 89.145 167.4380
50.799999 89.115 166.8034
51.500000 89.088 166.2499
52.200001 89.058 165.7077
53.000000 89.023 165.1012
53.799999 88.987 164.4943
54.500000 88.952 163.9714
55.200001 88.916 163.4734
56.000000 88.879 162.9081
57.000000 88.833 162.1572
58.000000 88.779 161.4392
59.000000 88.730 160.7646
60.000000 88.685 160.0985
60.799999 88.652 159.5670
61.500000 88.624 159.0784
62.200001 88.591 158.5829
63.000000 88.547 158.0546
64.000000 88.491 157.4330
65.000000 88.433 156.8554
66.000000 88.377 156.3203
67.000000 88.329 155.7560
68.000000 88.274 155.1194
69.000000 88.208 154.5109
70.000000 88.143 153.9550
71.000000 88.084 153.3950
72.000000 88.025 152.8274
73.000000 87.966 152.2957
74.000000 87.911 151.7845
75.000000 87.857 151.2661
76.199997 87.786 150.6459
77.500000 87.700 150.0169
78.800003 87.609 149.4354
80.000000 87.529 148.9146
81.199997 87.453 148.3541
82.500000 87.367 147.7098
83.800003 87.278 147.1241
85.000000 87.200 146.6545
86.199997 87.128 146.2011
87.500000 87.044 145.6811
88.500000 86.969 145.2993
90.000000 86.858 144.8268
91.199997 86.780 144.4202
92.500000 86.694 143.9156
93.800003 86.604 143.4451
95.000000 86.524 143.0382
96.199997 86.441 142.6549
97.500000 86.352 142.2824
98.800003 86.265 141.9068
100.000000 86.182 141.4879
101.500000 86.065 141.0292
103.000000 85.959 140.6402
104.400002 85.863 140.2266
106.000000 85.745 139.8028
107.500000 85.637 139.4645
109.000000 85.534 139.0936
110.599998 85.420 138.6894
112.000000 85.321 138.3639
113.800003 85.199 137.9899
115.000000 85.117 137.7726
117.199997 84.967 137.4154
118.000000 84.911 137.2877
120.599998 84.723 136.8669
122.000000 84.618 136.6450
124.099998 84.468 136.3532
125.000000 84.408 136.2317
126.500000 84.307 136.0280
128.000000 84.206 135.8577
131.500000 83.975 135.5283
132.000000 83.943 135.4832
134.000000 83.810 135.3060
136.000000 83.676 135.1696
138.000000 83.545 135.0635
140.000000 83.416 134.9428
143.000000 83.220 134.7954
145.000000 83.090 134.7271
147.500000 82.923 134.6707
150.000000 82.755 134.6564
152.500000 82.591 134.6961
155.000000 82.434 134.8559
157.500000 82.288 135.0767
160.000000 82.148 135.2341
162.500000 82.011 135.4275
165.000000 81.890 135.5826
167.500000 81.748 135.5671
170.000000 81.582 135.6476
172.500000 81.426 135.8413
175.000000 81.277 136.0597
177.500000 81.121 136.2863
180.000000 80.964 136.5278
182.500000 80.812 136.7946
185.000000 80.663 137.1198
187.500000 80.520 137.4622
190.000000 80.382 137.7636
192.500000 80.246 138.0876
195.000000 80.114 138.4502
197.500000 79.983 138.8701
200.000000 79.857 139.3127
203.000000 79.714 139.8766
206.000000 79.580 140.4208
209.000000 79.452 140.9574
212.000000 79.332 141.5325
214.000000 79.255 141.9296
218.000000 79.105 142.7736
220.000000 79.033 143.1973
224.000000 78.895 144.0645
227.000000 78.795 144.7274
230.000000 78.700 145.3916
233.000000 78.612 146.0573
236.000000 78.529 146.7274
240.000000 78.423 147.6300
243.000000 78.349 148.3018
247.000000 78.259 149.1887
250.000000 78.194 149.8365
254.000000 78.105 150.6931
258.000000 78.021 151.5602
262.000000 77.943 152.4383
265.000000 77.888 153.0956
269.000000 77.819 153.9798
272.000000 77.773 154.6466
276.000000 77.718 155.5078
280.000000 77.669 156.3281
285.000000 77.616 157.3505
290.000000 77.562 158.3913
295.000000 77.513 159.3958
300.000000 77.471 160.3813
304.000000 77.442 161.1416
307.000000 77.426 161.7042
311.000000 77.409 162.4308
315.000000 77.396 163.1354
320.000000 77.384 164.0120
325.000000 77.374 164.8691
330.000000 77.367 165.6939
335.000000 77.364 166.4752
340.000000 77.362 167.2256
345.000000 77.360 167.9572
350.000000 77.361 168.6576
355.000000 77.364 169.3623
360.000000 77.367 170.0387
365.000000 77.372 170.6917
370.000000 77.379 171.3247
375.000000 77.387 171.9481
382.000000 77.401 172.7713
387.000000 77.414 173.3382
395.000000 77.442 174.2252
400.000000 77.460 174.7404
406.000000 77.481 175.3204
412.000000 77.498 175.8799
418.000000 77.512 176.4336
425.000000 77.526 177.0486
431.000000 77.540 177.5515
437.000000 77.556 178.0490
444.000000 77.574 178.6110
450.000000 77.589 179.0836
455.000000 77.600 179.4753
462.000000 77.618 -179.9925
468.000000 77.633 -179.5534
475.000000 77.652 -179.0561
482.000000 77.671 -178.5689
487.000000 77.684 -178.2275
494.000000 77.701 -177.7620
500.000000 77.715 -177.3733
508.000000 77.732 -176.8708
515.000000 77.745 -176.4359
522.000000 77.757 -176.0024
530.000000 77.769 -175.5131
538.000000 77.783 -175.0356
545.000000 77.796 -174.6202
552.000000 77.809 -174.2181
560.000000 77.823 -173.7532
570.000000 77.839 -173.1779
580.000000 77.854 -172.5950
590.000000 77.868 -172.0189
600.000000 77.886 -171.4500
608.000000 77.902 -171.0107
615.000000 77.915 -170.6252
622.000000 77.927 -170.2313
630.000000 77.938 -169.7808
640.000000 77.952 -169.2249
650.000000 77.966 -168.6837
660.000000 77.982 -168.1470
670.000000 77.998 -167.6146
680.000000 78.013 -167.0775
690.000000 78.025 -166.5409
700.000000 78.035 -166.0048
710.000000 78.045 -165.4411
720.000000 78.059 -164.8586
730.000000 78.080 -164.2648
740.000000 78.105 -163.6696
750.000000 78.131 -163.0974
762.000000 78.163 -162.4152
775.000000 78.195 -161.6696
788.000000 78.225 -160.9111
800.000000 78.256 -160.2267
812.000000 78.292 -159.5463
825.000000 78.332 -158.7926
838.000000 78.373 -158.0370
850.000000 78.416 -157.3457
862.000000 78.463 -156.6612
875.000000 78.516 -155.9229
885.000000 78.559 -155.3593
900.000000 78.624 -154.5228
912.000000 78.679 -153.8553
925.000000 78.745 -153.1585
938.000000 78.818 -152.4882
950.000000 78.887 -151.8900
962.000000 78.955 -151.2944
975.000000 79.030 -150.6657
988.000000 79.109 -150.0696
1000.000000 79.187 -149.5541
1015.000000 79.286 -148.9350
1030.000000 79.383 -148.3467
1044.000000 79.476 -147.8253
1060.000000 79.585 -147.2833
1075.000000 79.689 -146.8166
1090.000000 79.793 -146.3617
1106.000000 79.905 -145.9280
1120.000000 80.004 -145.5699
1138.000000 80.128 -145.1590
1150.000000 80.209 -144.9100
1172.000000 80.350 -144.4968
1180.000000 80.400 -144.3566
1206.000000 80.560 -143.9357
1220.000000 80.642 -143.7394
1241.000000 80.757 -143.4584
1250.000000 80.805 -143.3424
1265.000000 80.886 -143.1577
1280.000000 80.967 -142.9764
1315.000000 81.143 -142.5737
1320.000000 81.167 -142.5145
1340.000000 81.262 -142.2871
1360.000000 81.355 -142.0466
1380.000000 81.447 -141.8141
1400.000000 81.535 -141.5653
1430.000000 81.664 -141.1869
1450.000000 81.748 -140.9260
1475.000000 81.855 -140.5893
1500.000000 81.961 -140.2250
1525.000000 82.065 -139.8681
1550.000000 82.169 -139.4924
1575.000000 82.274 -139.1097
1600.000000 82.380 -138.7202
1625.000000 82.488 -138.3206
1650.000000 82.598 -137.9295
1675.000000 82.710 -137.5338
1700.000000 82.824 -137.1315
1725.000000 82.941 -136.7382
1750.000000 83.061 -136.3420
1775.000000 83.185 -135.9562
1800.000000 83.311 -135.5688
1825.000000 83.440 -135.1911
1850.000000 83.571 -134.8205
1875.000000 83.706 -134.4622
1900.000000 83.846 -134.1134
1925.000000 83.992 -133.7887
1950.000000 84.145 -133.4889
1975.000000 84.304 -133.2086
2000.000000 84.466 -132.9783
2030.000000 84.666 -132.7628
2060.000000 84.867 -132.6066
2090.000000 85.069 -132.4918
2120.000000 85.271 -132.4218
2140.000000 85.407 -132.3889
2180.000000 85.683 -132.3625
2200.000000 85.826 -132.3734
2240.000000 86.118 -132.4673
2270.000000 86.343 -132.6287
2300.000000 86.569 -132.8799
2330.000000 86.792 -133.2212
2360.000000 87.010 -133.6460
2400.000000 87.291 -134.2994
2430.000000 87.496 -134.8395
2470.000000 87.765 -135.6037
2500.000000 87.967 -136.1665
2540.000000 88.245 -136.8852
2580.000000 88.549 -137.5892
2620.000000 88.894 -138.3835
2650.000000 89.184 -139.1968
2690.000000 89.595 -140.7305
2720.000000 89.900 -142.3144
2760.000000 90.264 -144.9498
2800.000000 90.554 -148.0499
2850.000000 90.802 -152.2657
2900.000000 90.928 -156.6195
2950.000000 90.945 -160.9568
3000.000000 90.858 -165.1897
3040.000000 90.720 -168.4206
3070.000000 90.580 -170.7479
3110.000000 90.346 -173.6744
3150.000000 90.061 -176.3687
3200.000000 89.639 -179.3568
3250.000000 89.159 178.1166
3300.000000 88.637 176.0919
3350.000000 88.090 174.6039
3400.000000 87.524 173.6913
3450.000000 86.952 173.3828
3500.000000 86.392 173.6894
3550.000000 85.860 174.5931
3600.000000 85.374 176.0761
3650.000000 84.951 178.0748
3700.000000 84.606 -179.5107
3750.000000 84.352 -176.8029
3820.000000 84.164 -172.8371
3870.000000 84.147 -170.1037
3950.000000 84.291 -166.2964
4000.000000 84.461 -164.4040
4060.000000 84.717 -162.6840
4120.000000 85.000 -161.5490
4180.000000 85.288 -160.9860
4250.000000 85.599 -160.9704
4310.000000 85.825 -161.4056
4370.000000 85.997 -162.1199
4440.000000 86.129 -163.0579
4500.000000 86.197 -163.7657
4550.000000 86.239 -164.2048
4620.000000 86.314 -164.6442
4680.000000 86.419 -165.0391
4750.000000 86.584 -165.9463
4820.000000 86.725 -167.6486
4870.000000 86.757 -169.2845
4940.000000 86.650 -171.7518
5000.000000 86.413 -173.5422
5080.000000 85.943 -174.7671
5150.000000 85.496 -174.4775
5220.000000 85.125 -172.9815
5300.000000 84.897 -170.3711
5380.000000 84.912 -167.7345
5450.000000 85.078 -166.0690
5520.000000 85.308 -165.2802
5600.000000 85.561 -165.3997
5700.000000 85.754 -166.5718
5800.000000 85.771 -167.8725
5900.000000 85.717 -168.4948
6000.000000 85.693 -168.7049
6080.000000 85.690 -168.7784
6150.000000 85.690 -168.8178
6220.000000 85.694 -168.8047
6300.000000 85.715 -168.7139
6400.000000 85.782 -168.5063
6500.000000 85.896 -168.2083
6600.000000 86.050 -167.8404
6700.000000 86.247 -167.4552
6800.000000 86.494 -167.0855
6900.000000 86.796 -166.8026
7000.000000 87.157 -166.6754
7100.000000 87.584 -166.7920
7200.000000 88.085 -167.2968
7300.000000 88.655 -168.3480
7400.000000 89.285 -170.1486
7500.000000 89.954 -172.8904
7620.000000 90.766 -177.6065
7750.000000 91.583 175.3598
7880.000000 92.221 166.2426
8000.000000 92.529 156.2705
8120.000000 92.475 145.3894
8250.000000 91.985 133.4533
8380.000000 91.096 122.2839
8500.000000 89.999 113.1616
8620.000000 88.720 105.4158
8750.000000 87.198 98.5182
8850.000000 85.960 94.1604
9000.000000 84.012 89.0539
9120.000000 82.372 86.2514
9250.000000 80.521 84.7451
9380.000000 78.643 84.7702
9500.000000 76.874 86.1479
9620.000000 75.063 89.3072
9750.000000 73.113 95.3330
9880.000000 71.317 104.6477
10000.000000 69.997 116.1744
10150.000000 69.121 132.9601
10300.000000 69.179 148.9052
10440.000000 69.809 160.6034
10600.000000 70.811 169.8652
10750.000000 71.786 175.3641
10900.000000 72.687 178.6281
11060.000000 73.519 -179.6271
11200.000000 74.125 -179.1471
11380.000000 74.733 -179.5652
11500.000000 75.026 179.7051
11720.000000 75.332 177.8898
11800.000000 75.377 177.1909
12060.000000 75.330 174.9639
12200.000000 75.188 173.7593
12410.000000 74.816 172.0377
12500.000000 74.593 171.3676
12650.000000 74.130 170.3637
12800.000000 73.546 169.5778
13150.000000 71.627 169.2650
13200.000000 71.264 169.5135
13400.000000 69.480 172.5302
13600.000000 67.361 -174.4859
13800.000000 66.994 -145.6940
14000.000000 68.964 -129.6977
14300.000000 71.205 -126.4408
14500.000000 72.564 -124.3385
14750.000000 74.412 -126.5780
15000.000000 75.692 -134.6187
15250.000000 76.157 -144.5132
15500.000000 76.037 -153.6494
15750.000000 75.506 -161.8493
16000.000000 74.531 -168.3573
16250.000000 73.308 -171.4504
16500.000000 72.071 -170.8489
16750.000000 70.965 -167.0661
17000.000000 70.104 -160.9593
17250.000000 69.531 -153.6096
17500.000000 69.217 -145.8402
17750.000000 69.123 -138.1686
18000.000000 69.202 -130.9974
18250.000000 69.405 -124.5152
18500.000000 69.715 -118.7515
18750.000000 70.147 -113.8376
19000.000000 70.721 -110.0882
19250.000000 71.444 -107.9327
19500.000000 72.290 -107.7847
19750.000000 73.129 -109.8930
20000.000000 73.644 -113.0246
