* Measurement data measured by REW V5.31.3
* Source: Headset (Odo By VECLAN.COM), MICROPHONE (Master Volume), R, volume: 0.250
* Format: 512k Log Swept Sine, 1 sweep at -12.0 dBFS with no timing reference
* Dated: 11 21, 24 1:36:06 PM
* REW Settings:
*  C-weighting compensation: Off
*  Target level: 75.0 dB
* Note: ; 
* Measurement: ap52 L
* Smoothing: 1/24 octave
* Frequency Step: 1/48 octave
* Start Frequency: 1.000 Hz
*
* Freq(Hz) SPL(dB) Phase(degrees)
1.000000 77.519 -92.5945
1.015000 77.769 -93.1537
1.030000 78.014 -93.7047
1.044000 78.239 -94.2129
1.060000 78.492 -94.7882
1.075000 78.724 -95.3237
1.090000 78.950 -95.8559
1.106000 79.188 -96.4166
1.120000 79.394 -96.8938
1.138000 79.659 -97.4842
1.150000 79.834 -97.8635
1.172000 80.154 -98.5325
1.180000 80.270 -98.7685
1.206000 80.642 -99.5072
1.220000 80.839 -99.8882
1.241000 81.130 -100.4398
1.250000 81.252 -100.6695
1.265000 81.453 -101.0438
1.280000 81.650 -101.4084
1.315000 82.092 -102.2256
1.320000 82.153 -102.3389
1.340000 82.390 -102.7847
1.360000 82.616 -103.2200
1.380000 82.831 -103.6353
1.400000 83.033 -104.0387
1.430000 83.310 -104.6315
1.450000 83.476 -105.0196
1.475000 83.660 -105.4923
1.500000 83.814 -105.9375
1.525000 83.940 -106.3515
1.550000 84.041 -106.7385
1.575000 84.119 -107.0981
1.600000 84.179 -107.4307
1.625000 84.224 -107.7494
1.650000 84.257 -108.0581
1.675000 84.282 -108.3601
1.700000 84.303 -108.6584
1.725000 84.322 -108.9559
1.750000 84.344 -109.2550
1.775000 84.371 -109.5623
1.800000 84.408 -109.8836
1.825000 84.455 -110.2108
1.850000 84.512 -110.5391
1.875000 84.571 -110.8602
1.900000 84.631 -111.1716
1.925000 84.691 -111.4732
1.950000 84.751 -111.7657
1.975000 84.811 -112.0537
2.000000 84.871 -112.3415
2.030000 84.943 -112.6782
2.060000 85.015 -113.0074
2.090000 85.086 -113.3310
2.120000 85.157 -113.6509
2.140000 85.204 -113.8629
2.180000 85.298 -114.2931
2.200000 85.344 -114.5145
2.240000 85.437 -114.9510
2.270000 85.505 -115.2695
2.300000 85.574 -115.5798
2.330000 85.642 -115.8820
2.360000 85.710 -116.1767
2.400000 85.800 -116.5801
2.430000 85.867 -116.8786
2.470000 85.956 -117.2686
2.500000 86.022 -117.5564
2.540000 86.109 -117.9357
2.580000 86.195 -118.3237
2.620000 86.281 -118.7318
2.650000 86.344 -119.0324
2.690000 86.429 -119.4255
2.720000 86.492 -119.7144
2.760000 86.574 -120.0900
2.800000 86.656 -120.4852
2.850000 86.757 -120.9715
2.900000 86.855 -121.4460
2.950000 86.952 -121.9120
3.000000 87.046 -122.3987
3.040000 87.119 -122.7927
3.070000 87.174 -123.0842
3.110000 87.246 -123.4663
3.150000 87.316 -123.8402
3.200000 87.403 -124.3184
3.250000 87.488 -124.7935
3.300000 87.571 -125.2562
3.350000 87.653 -125.7108
3.400000 87.733 -126.1847
3.450000 87.811 -126.6611
3.500000 87.888 -127.1270
3.550000 87.963 -127.5793
3.600000 88.037 -128.0444
3.650000 88.109 -128.5069
3.700000 88.180 -128.9601
3.750000 88.249 -129.4092
3.820000 88.343 -130.0666
3.870000 88.408 -130.5336
3.950000 88.510 -131.2541
4.000000 88.571 -131.7097
4.060000 88.643 -132.2533
4.120000 88.713 -132.7882
4.180000 88.781 -133.3232
4.250000 88.858 -133.9686
4.310000 88.921 -134.5018
4.370000 88.983 -135.0193
4.440000 89.052 -135.6394
4.500000 89.109 -136.1624
4.550000 89.156 -136.5907
4.620000 89.218 -137.2068
4.680000 89.270 -137.7241
4.750000 89.329 -138.3029
4.820000 89.386 -138.8895
4.870000 89.425 -139.3056
4.940000 89.479 -139.8748
5.000000 89.523 -140.3658
5.080000 89.580 -141.0107
5.150000 89.629 -141.5509
5.220000 89.676 -142.0976
5.300000 89.728 -142.7136
5.380000 89.778 -143.3137
5.450000 89.821 -143.8473
5.520000 89.863 -144.3611
5.600000 89.909 -144.9457
5.700000 89.965 -145.6795
5.800000 90.020 -146.3981
5.900000 90.072 -147.1176
6.000000 90.122 -147.8276
6.080000 90.161 -148.4034
6.150000 90.194 -148.8936
6.220000 90.225 -149.3944
6.300000 90.259 -149.9618
6.400000 90.299 -150.6697
6.500000 90.336 -151.3826
6.600000 90.369 -152.0820
6.700000 90.398 -152.7864
6.800000 90.423 -153.4836
6.900000 90.443 -154.1741
7.000000 90.458 -154.8410
7.100000 90.468 -155.5034
7.200000 90.474 -156.1436
7.300000 90.475 -156.7576
7.400000 90.470 -157.3322
7.500000 90.461 -157.8834
7.620000 90.446 -158.4916
7.750000 90.426 -159.0683
7.880000 90.401 -159.5748
8.000000 90.379 -159.9633
8.120000 90.359 -160.2768
8.250000 90.341 -160.5318
8.380000 90.331 -160.7167
8.500000 90.332 -160.8423
8.620000 90.343 -160.9211
8.750000 90.367 -160.9904
8.850000 90.393 -161.0516
9.000000 90.447 -161.1480
9.120000 90.500 -161.2655
9.250000 90.566 -161.4531
9.380000 90.638 -161.6980
9.500000 90.706 -161.9945
9.620000 90.773 -162.3575
9.750000 90.842 -162.8212
9.880000 90.899 -163.3432
10.000000 90.937 -163.8638
10.150000 90.966 -164.6018
10.300000 90.975 -165.3351
10.440000 90.965 -166.0046
10.600000 90.936 -166.7197
10.750000 90.896 -167.3125
10.900000 90.847 -167.8256
11.060000 90.791 -168.2972
11.200000 90.743 -168.6638
11.380000 90.685 -169.0288
11.500000 90.650 -169.2107
11.720000 90.600 -169.4590
11.800000 90.586 -169.5338
12.060000 90.558 -169.7816
12.200000 90.552 -169.9750
12.410000 90.554 -170.2997
12.500000 90.558 -170.4548
12.650000 90.569 -170.7347
12.800000 90.581 -171.0338
13.150000 90.602 -171.8263
13.200000 90.604 -171.9501
13.400000 90.608 -172.4393
13.600000 90.609 -172.9144
13.800000 90.606 -173.3730
14.000000 90.601 -173.8243
14.300000 90.588 -174.5531
14.500000 90.573 -175.0220
14.750000 90.545 -175.5586
15.000000 90.508 -176.0082
15.250000 90.468 -176.3880
15.500000 90.435 -176.6295
15.750000 90.419 -176.7560
16.000000 90.429 -176.8364
16.250000 90.467 -177.0077
16.500000 90.524 -177.3069
16.750000 90.581 -177.7769
17.000000 90.621 -178.3973
17.250000 90.631 -179.1201
17.500000 90.605 -179.8034
17.750000 90.550 179.6772
18.000000 90.481 179.3974
18.250000 90.420 179.3521
18.500000 90.388 179.5040
18.750000 90.396 179.7288
19.000000 90.442 179.8785
19.250000 90.511 179.8055
19.500000 90.583 179.4885
19.750000 90.635 178.9545
20.000000 90.654 178.2914
20.299999 90.626 177.4562
20.600000 90.554 176.7785
20.900000 90.461 176.3582
21.200001 90.375 176.1666
21.400000 90.329 176.1228
21.799999 90.271 176.0973
22.000000 90.255 176.0636
22.400000 90.232 175.9067
22.700001 90.221 175.7730
23.000000 90.223 175.6470
23.299999 90.252 175.4656
23.600000 90.311 175.1323
24.000000 90.418 174.2412
24.299999 90.485 173.1653
24.700001 90.503 171.3828
25.000000 90.446 170.0475
25.400000 90.297 168.6773
25.799999 90.144 168.0308
26.200001 90.080 167.8528
26.500000 90.106 167.6434
26.900000 90.182 166.8587
27.200001 90.206 165.8801
27.600000 90.128 164.4850
28.000000 89.931 163.6923
28.500000 89.689 164.2118
29.000000 89.682 165.6556
29.500000 89.881 166.1902
30.000000 90.008 165.3879
30.400000 89.943 164.6674
30.700001 89.828 164.6573
31.100000 89.712 165.5589
31.500000 89.767 166.9122
32.000000 90.056 167.5764
32.500000 90.309 166.3454
33.000000 90.299 164.3578
33.500000 90.078 163.2823
34.000000 89.906 163.5949
34.500000 89.952 164.0265
35.000000 90.081 163.2506
35.500000 90.063 161.5368
36.000000 89.844 160.2209
36.500000 89.589 160.2136
37.000000 89.500 161.0608
37.500000 89.588 161.4751
38.200001 89.710 160.5148
38.700001 89.676 159.5375
39.500000 89.552 158.7415
40.000000 89.509 158.5004
40.599998 89.471 158.1708
41.200001 89.443 157.9167
41.799999 89.467 157.5560
42.500000 89.506 156.3817
43.099998 89.422 154.9940
43.700001 89.226 154.1508
44.400002 89.032 154.2897
45.000000 88.992 154.6631
45.500000 89.007 154.7133
46.200001 89.024 154.5242
46.799999 89.045 154.3525
47.500000 89.096 153.9303
48.200001 89.108 153.1228
48.700001 89.060 152.5558
49.400002 88.950 152.1680
50.000000 88.875 152.2018
50.799999 88.839 152.2535
51.500000 88.826 151.9890
52.200001 88.790 151.5148
53.000000 88.720 150.9816
53.799999 88.651 150.5291
54.500000 88.601 150.1332
55.200001 88.554 149.7577
56.000000 88.517 149.3741
57.000000 88.490 148.7887
58.000000 88.436 148.2199
59.000000 88.379 147.8832
60.000000 88.332 147.5837
60.799999 88.295 147.3558
61.500000 88.270 147.0812
62.200001 88.235 146.6853
63.000000 88.170 146.2495
64.000000 88.099 145.8557
65.000000 88.056 145.3269
66.000000 87.991 144.6613
67.000000 87.912 144.2238
68.000000 87.861 143.9294
69.000000 87.819 143.5538
70.000000 87.762 143.2268
71.000000 87.708 142.9744
72.000000 87.656 142.7245
73.000000 87.610 142.4432
74.000000 87.557 142.0802
75.000000 87.499 141.7745
76.199997 87.449 141.3550
77.500000 87.381 140.7365
78.800003 87.281 140.2360
80.000000 87.200 139.9842
81.199997 87.131 139.6676
82.500000 87.053 139.3983
83.800003 86.989 139.0381
85.000000 86.912 138.7060
86.199997 86.841 138.4542
87.500000 86.773 138.1470
88.500000 86.721 137.8710
90.000000 86.651 137.5042
91.199997 86.613 137.0717
92.500000 86.547 136.5271
93.800003 86.476 136.2195
95.000000 86.430 135.9532
96.199997 86.373 135.6728
97.500000 86.309 135.4734
98.800003 86.244 135.2209
100.000000 86.173 134.9967
101.500000 86.093 134.7859
103.000000 86.031 134.4712
104.400002 85.969 134.0643
106.000000 85.885 133.6307
107.500000 85.808 133.4120
109.000000 85.756 133.2052
110.599998 85.689 132.8685
112.000000 85.616 132.6661
113.800003 85.534 132.4969
115.000000 85.489 132.3224
117.199997 85.402 131.8493
118.000000 85.369 131.6819
120.599998 85.264 131.1914
122.000000 85.206 130.9819
124.099998 85.122 130.7275
125.000000 85.088 130.6275
126.500000 85.033 130.4470
128.000000 84.979 130.2625
131.500000 84.859 129.8848
132.000000 84.841 129.8243
134.000000 84.763 129.5500
136.000000 84.680 129.2366
138.000000 84.606 128.9339
140.000000 84.545 128.6728
143.000000 84.455 128.3996
145.000000 84.388 128.2544
147.500000 84.305 128.0446
150.000000 84.234 127.7997
152.500000 84.168 127.5750
155.000000 84.102 127.3457
157.500000 84.033 127.0752
160.000000 83.966 126.7751
162.500000 83.891 126.4554
165.000000 83.806 126.1995
167.500000 83.725 126.0274
170.000000 83.649 125.8110
172.500000 83.563 125.5195
175.000000 83.472 125.2714
177.500000 83.388 125.0615
180.000000 83.312 124.8879
182.500000 83.237 124.7059
185.000000 83.159 124.4999
187.500000 83.080 124.2916
190.000000 83.006 124.1179
192.500000 82.937 123.9615
195.000000 82.869 123.7777
197.500000 82.801 123.5941
200.000000 82.736 123.4161
203.000000 82.665 123.2090
206.000000 82.601 122.9774
209.000000 82.543 122.8429
212.000000 82.479 122.7747
214.000000 82.429 122.6979
218.000000 82.334 122.4722
220.000000 82.297 122.3295
224.000000 82.228 122.0340
227.000000 82.184 121.8706
230.000000 82.139 121.7260
233.000000 82.079 121.6223
236.000000 82.023 121.5811
240.000000 81.961 121.5311
243.000000 81.903 121.4635
247.000000 81.828 121.3724
250.000000 81.778 121.2997
254.000000 81.714 121.2421
258.000000 81.657 121.1557
262.000000 81.602 121.1245
265.000000 81.559 121.1512
269.000000 81.508 121.2137
272.000000 81.481 121.2831
276.000000 81.469 121.3781
280.000000 81.490 121.4192
285.000000 81.530 121.2908
290.000000 81.539 120.8089
295.000000 81.540 120.2753
300.000000 81.517 119.7056
304.000000 81.487 119.2593
307.000000 81.460 118.9697
311.000000 81.419 118.5812
315.000000 81.381 118.2293
320.000000 81.338 117.8576
325.000000 81.294 117.5048
330.000000 81.252 117.1884
335.000000 81.211 116.8265
340.000000 81.171 116.5057
345.000000 81.136 116.2574
350.000000 81.104 115.9791
355.000000 81.071 115.6935
360.000000 81.037 115.3928
365.000000 81.010 115.1384
370.000000 80.986 114.9114
375.000000 80.961 114.6842
382.000000 80.930 114.2958
387.000000 80.913 114.0043
395.000000 80.887 113.5669
400.000000 80.871 113.2844
406.000000 80.855 112.9750
412.000000 80.845 112.6594
418.000000 80.836 112.3269
425.000000 80.821 111.9048
431.000000 80.810 111.5588
437.000000 80.803 111.2288
444.000000 80.791 110.8513
450.000000 80.782 110.4949
455.000000 80.778 110.2002
462.000000 80.774 109.7890
468.000000 80.773 109.4176
475.000000 80.775 108.9686
482.000000 80.781 108.5334
487.000000 80.788 108.2530
494.000000 80.794 107.8524
500.000000 80.798 107.4737
508.000000 80.805 106.9671
515.000000 80.815 106.5383
522.000000 80.829 106.0420
530.000000 80.842 105.4855
538.000000 80.854 104.9503
545.000000 80.868 104.4786
552.000000 80.879 103.9879
560.000000 80.888 103.4337
570.000000 80.904 102.7599
580.000000 80.921 102.0654
590.000000 80.939 101.3761
600.000000 80.957 100.6997
608.000000 80.969 100.1474
615.000000 80.980 99.6577
622.000000 80.993 99.1762
630.000000 81.004 98.6330
640.000000 81.018 97.9642
650.000000 81.034 97.2746
660.000000 81.050 96.5888
670.000000 81.065 95.9150
680.000000 81.082 95.2591
690.000000 81.099 94.5804
700.000000 81.115 93.9255
710.000000 81.131 93.2963
720.000000 81.146 92.6714
730.000000 81.162 92.0510
740.000000 81.176 91.4567
750.000000 81.189 90.8916
762.000000 81.207 90.2529
775.000000 81.228 89.5806
788.000000 81.257 88.9534
800.000000 81.291 88.3795
812.000000 81.330 87.7963
825.000000 81.373 87.2092
838.000000 81.420 86.6555
850.000000 81.469 86.1095
862.000000 81.526 85.5380
875.000000 81.594 84.9182
885.000000 81.649 84.4366
900.000000 81.735 83.7014
912.000000 81.806 83.1079
925.000000 81.887 82.4365
938.000000 81.970 81.7464
950.000000 82.049 81.0993
962.000000 82.131 80.4439
975.000000 82.220 79.7026
988.000000 82.311 78.9657
1000.000000 82.400 78.2556
1015.000000 82.515 77.2994
1030.000000 82.630 76.3143
1044.000000 82.734 75.4088
1060.000000 82.854 74.3035
1075.000000 82.968 73.1879
1090.000000 83.078 72.0759
1106.000000 83.193 70.8578
1120.000000 83.292 69.7547
1138.000000 83.413 68.2990
1150.000000 83.488 67.3206
1172.000000 83.624 65.4794
1180.000000 83.672 64.7912
1206.000000 83.815 62.5718
1220.000000 83.884 61.3824
1241.000000 83.982 59.5623
1250.000000 84.024 58.7819
1265.000000 84.093 57.4782
1280.000000 84.159 56.1774
1315.000000 84.302 53.1746
1320.000000 84.321 52.7473
1340.000000 84.393 51.0410
1360.000000 84.458 49.3825
1380.000000 84.522 47.7149
1400.000000 84.584 46.0574
1430.000000 84.670 43.6342
1450.000000 84.727 42.0328
1475.000000 84.800 40.0349
1500.000000 84.874 38.0733
1525.000000 84.946 36.1200
1550.000000 85.016 34.1888
1575.000000 85.092 32.2525
1600.000000 85.168 30.2823
1625.000000 85.242 28.3526
1650.000000 85.317 26.3967
1675.000000 85.395 24.4126
1700.000000 85.475 22.4073
1725.000000 85.556 20.3961
1750.000000 85.645 18.3275
1775.000000 85.738 16.2036
1800.000000 85.828 14.0735
1825.000000 85.919 11.8840
1850.000000 86.014 9.6324
1875.000000 86.104 7.3382
1900.000000 86.187 5.0115
1925.000000 86.268 2.6230
1950.000000 86.351 0.1597
1975.000000 86.428 -2.3416
2000.000000 86.495 -4.8829
2030.000000 86.567 -7.9866
2060.000000 86.637 -11.1725
2090.000000 86.693 -14.3802
2120.000000 86.735 -17.6325
2140.000000 86.756 -19.8197
2180.000000 86.782 -24.2019
2200.000000 86.787 -26.3970
2240.000000 86.778 -30.7521
2270.000000 86.759 -33.9910
2300.000000 86.732 -37.2047
2330.000000 86.691 -40.3469
2360.000000 86.638 -43.4257
2400.000000 86.565 -47.4297
2430.000000 86.511 -50.3696
2470.000000 86.428 -54.1440
2500.000000 86.366 -56.8648
2540.000000 86.295 -60.3975
2580.000000 86.234 -63.8079
2620.000000 86.178 -67.0518
2650.000000 86.146 -69.4130
2690.000000 86.117 -72.4556
2720.000000 86.106 -74.6592
2760.000000 86.110 -77.5175
2800.000000 86.138 -80.3160
2850.000000 86.211 -83.7480
2900.000000 86.326 -87.1840
2950.000000 86.485 -90.7963
3000.000000 86.671 -94.6052
3040.000000 86.829 -97.8164
3070.000000 86.946 -100.3488
3110.000000 87.095 -103.8807
3150.000000 87.224 -107.5786
3200.000000 87.343 -112.3708
3250.000000 87.405 -117.2798
3300.000000 87.409 -122.1755
3350.000000 87.354 -126.9753
3400.000000 87.247 -131.5629
3450.000000 87.092 -135.8538
3500.000000 86.893 -139.7237
3550.000000 86.671 -143.1757
3600.000000 86.443 -146.1484
3650.000000 86.228 -148.6816
3700.000000 86.040 -150.8171
3750.000000 85.890 -152.6216
3820.000000 85.750 -154.7654
3870.000000 85.702 -156.1137
3950.000000 85.714 -158.2086
4000.000000 85.776 -159.5765
4060.000000 85.889 -161.3602
4120.000000 86.023 -163.3049
4180.000000 86.166 -165.4667
4250.000000 86.331 -168.2224
4310.000000 86.454 -170.7383
4370.000000 86.546 -173.3464
4440.000000 86.618 -176.4197
4500.000000 86.653 -179.0286
4550.000000 86.666 178.8473
4620.000000 86.655 175.9528
4680.000000 86.627 173.5609
4750.000000 86.564 170.9163
4820.000000 86.467 168.4818
4870.000000 86.380 166.8780
4940.000000 86.250 164.8151
5000.000000 86.131 163.2349
5080.000000 85.945 161.4102
5150.000000 85.767 160.0398
5220.000000 85.594 158.8922
5300.000000 85.403 157.8337
5380.000000 85.219 157.0008
5450.000000 85.072 156.4391
5520.000000 84.939 156.0419
5600.000000 84.800 155.7842
5700.000000 84.645 155.7227
5800.000000 84.530 155.8725
5900.000000 84.455 156.2557
6000.000000 84.413 156.7694
6080.000000 84.411 157.2650
6150.000000 84.433 157.7072
6220.000000 84.476 158.1588
6300.000000 84.554 158.6714
6400.000000 84.705 159.2637
6500.000000 84.898 159.7667
6600.000000 85.117 160.1470
6700.000000 85.363 160.3825
6800.000000 85.631 160.4439
6900.000000 85.906 160.2925
7000.000000 86.190 159.9100
7100.000000 86.478 159.2946
7200.000000 86.760 158.4296
7300.000000 87.036 157.3305
7400.000000 87.301 155.9473
7500.000000 87.552 154.2811
7620.000000 87.819 151.8915
7750.000000 88.059 148.8528
7880.000000 88.229 145.2573
8000.000000 88.281 141.4324
8120.000000 88.187 137.1704
8250.000000 87.909 132.2477
8380.000000 87.430 127.3730
8500.000000 86.806 123.2741
8620.000000 86.029 119.9357
8750.000000 85.069 117.4029
8850.000000 84.282 116.3196
9000.000000 83.077 116.0644
9120.000000 82.138 116.9394
9250.000000 81.177 118.7914
9380.000000 80.296 121.3932
9500.000000 79.560 124.3024
9620.000000 78.903 127.6006
9750.000000 78.283 131.4553
9880.000000 77.759 135.5342
10000.000000 77.360 139.3767
10150.000000 76.981 144.2235
10300.000000 76.723 148.9833
10440.000000 76.569 153.2640
10600.000000 76.462 157.8977
10750.000000 76.407 161.9871
10900.000000 76.395 165.8533
11060.000000 76.415 169.8833
11200.000000 76.463 173.3726
11380.000000 76.586 177.8362
11500.000000 76.719 -179.2736
11720.000000 77.060 -174.3997
11800.000000 77.205 -172.8394
12060.000000 77.713 -168.5440
12200.000000 77.998 -166.7082
12410.000000 78.393 -164.7727
12500.000000 78.523 -164.2162
12650.000000 78.660 -163.4185
12800.000000 78.705 -162.4673
13150.000000 78.696 -158.1603
13200.000000 78.709 -157.3136
13400.000000 78.852 -153.7236
13600.000000 79.140 -150.3923
13800.000000 79.519 -147.8872
14000.000000 79.902 -146.3696
14300.000000 80.336 -145.4192
14500.000000 80.519 -145.0037
14750.000000 80.686 -144.1917
15000.000000 80.897 -142.8582
15250.000000 81.315 -141.3967
15500.000000 82.063 -141.0061
15750.000000 83.144 -143.7124
16000.000000 84.285 -151.5630
16250.000000 84.926 -164.3665
16500.000000 84.626 -178.7156
16750.000000 83.529 169.3463
17000.000000 82.092 160.7131
17250.000000 80.521 154.3330
17500.000000 78.758 149.8581
17750.000000 76.744 148.2069
18000.000000 74.564 150.6648
18250.000000 72.462 158.7153
18500.000000 70.968 171.5117
18750.000000 70.137 -175.4915
19000.000000 69.930 -160.6443
19250.000000 70.473 -148.9144
19500.000000 71.073 -142.1859
19750.000000 71.500 -137.1570
20000.000000 71.749 -133.9467
