* Measurement data measured by REW V5.31.3
* Source: Headset (Odo By VECLAN.COM), MICROPHONE (Master Volume), R, volume: 0.250
* Format: 1M Log Swept Sine, 1 sweep at -12.0 dBFS with no timing reference
* Dated: 03 3, 25 7:47:39 PM
* REW Settings:
*  C-weighting compensation: Off
*  Target level: 75.0 dB
* Note: ; 
* Measurement: bq10 L
* Smoothing: 1/24 octave
* Frequency Step: 1/48 octave
* Start Frequency: 1.000 Hz
*
* Freq(Hz) SPL(dB) Phase(degrees)
1.000000 69.717 -109.8256
1.015000 69.811 -109.9436
1.030000 69.901 -110.0485
1.044000 69.984 -110.1340
1.060000 70.077 -110.2168
1.075000 70.161 -110.2795
1.090000 70.244 -110.3282
1.106000 70.330 -110.3700
1.120000 70.405 -110.4067
1.138000 70.498 -110.4597
1.150000 70.559 -110.4983
1.172000 70.668 -110.5743
1.180000 70.706 -110.6039
1.206000 70.826 -110.6988
1.220000 70.887 -110.7474
1.241000 70.974 -110.8142
1.250000 71.009 -110.8396
1.265000 71.065 -110.8768
1.280000 71.118 -110.9063
1.315000 71.225 -110.9371
1.320000 71.239 -110.9364
1.340000 71.288 -110.9190
1.360000 71.329 -110.8760
1.380000 71.361 -110.7935
1.400000 71.384 -110.6748
1.430000 71.400 -110.4304
1.450000 71.397 -110.2195
1.475000 71.375 -109.9041
1.500000 71.327 -109.5455
1.525000 71.252 -109.1531
1.550000 71.154 -108.7293
1.575000 71.037 -108.2707
1.600000 70.905 -107.7746
1.625000 70.762 -107.2514
1.650000 70.613 -106.7025
1.675000 70.461 -106.1290
1.700000 70.311 -105.5322
1.725000 70.167 -104.9135
1.750000 70.033 -104.2741
1.775000 69.913 -103.6197
1.800000 69.812 -102.9556
1.825000 69.732 -102.2730
1.850000 69.671 -101.5648
1.875000 69.621 -100.8232
1.900000 69.580 -100.0508
1.925000 69.548 -99.2545
1.950000 69.523 -98.4419
1.975000 69.505 -97.6237
2.000000 69.495 -96.8103
2.030000 69.492 -95.8398
2.060000 69.498 -94.8856
2.090000 69.514 -93.9572
2.120000 69.538 -93.0632
2.140000 69.558 -92.4901
2.180000 69.609 -91.4114
2.200000 69.640 -90.9044
2.240000 69.718 -89.9002
2.270000 69.791 -89.1423
2.300000 69.874 -88.3889
2.330000 69.968 -87.6509
2.360000 70.069 -86.9385
2.400000 70.215 -86.0645
2.430000 70.329 -85.4622
2.470000 70.487 -84.7378
2.500000 70.606 -84.2595
2.540000 70.765 -83.7132
2.580000 70.924 -83.2690
2.620000 71.088 -82.8943
2.650000 71.216 -82.6300
2.690000 71.392 -82.3042
2.720000 71.527 -82.0840
2.760000 71.709 -81.8271
2.800000 71.892 -81.6478
2.850000 72.117 -81.5050
2.900000 72.336 -81.4548
2.950000 72.548 -81.4922
3.000000 72.755 -81.6122
3.040000 72.919 -81.7442
3.070000 73.040 -81.8561
3.110000 73.201 -82.0208
3.150000 73.358 -82.2025
3.200000 73.551 -82.4761
3.250000 73.737 -82.7874
3.300000 73.917 -83.1278
3.350000 74.091 -83.4983
3.400000 74.259 -83.9173
3.450000 74.421 -84.3596
3.500000 74.578 -84.8049
3.550000 74.729 -85.2450
3.600000 74.876 -85.7025
3.650000 75.018 -86.1612
3.700000 75.154 -86.6183
3.750000 75.284 -87.0833
3.820000 75.458 -87.7750
3.870000 75.577 -88.2662
3.950000 75.759 -89.0088
4.000000 75.868 -89.4613
4.060000 75.995 -89.9846
4.120000 76.116 -90.4898
4.180000 76.231 -90.9873
4.250000 76.360 -91.5739
4.310000 76.468 -92.0384
4.370000 76.574 -92.4653
4.440000 76.695 -92.9497
4.500000 76.796 -93.3333
4.550000 76.878 -93.6327
4.620000 76.991 -94.0530
4.680000 77.088 -94.3915
4.750000 77.202 -94.7492
4.820000 77.318 -95.0949
4.870000 77.400 -95.3242
4.940000 77.516 -95.6184
5.000000 77.616 -95.8702
5.080000 77.751 -96.2046
5.150000 77.872 -96.4836
5.220000 77.995 -96.7679
5.300000 78.137 -97.0818
5.380000 78.280 -97.3923
5.450000 78.406 -97.6953
5.520000 78.532 -98.0040
5.600000 78.677 -98.3756
5.700000 78.858 -98.8680
5.800000 79.036 -99.3798
5.900000 79.208 -99.9364
6.000000 79.376 -100.5240
6.080000 79.506 -101.0202
6.150000 79.616 -101.4479
6.220000 79.722 -101.8909
6.300000 79.837 -102.4012
6.400000 79.972 -103.0499
6.500000 80.100 -103.6992
6.600000 80.218 -104.3132
6.700000 80.327 -104.9115
6.800000 80.428 -105.4850
6.900000 80.523 -106.0249
7.000000 80.613 -106.5049
7.100000 80.698 -106.9443
7.200000 80.779 -107.3359
7.300000 80.861 -107.6846
7.400000 80.943 -107.9754
7.500000 81.026 -108.2248
7.620000 81.129 -108.4789
7.750000 81.248 -108.7148
7.880000 81.376 -108.9232
8.000000 81.501 -109.1043
8.120000 81.632 -109.3074
8.250000 81.781 -109.5480
8.380000 81.935 -109.8272
8.500000 82.078 -110.1460
8.620000 82.222 -110.5120
8.750000 82.375 -110.9609
8.850000 82.488 -111.3490
9.000000 82.649 -111.9843
9.120000 82.770 -112.5265
9.250000 82.891 -113.1350
9.380000 83.001 -113.7572
9.500000 83.094 -114.3335
9.620000 83.179 -114.8925
9.750000 83.260 -115.4824
9.880000 83.329 -116.0405
10.000000 83.382 -116.5107
10.150000 83.435 -117.0927
10.300000 83.481 -117.6029
10.440000 83.518 -118.0147
10.600000 83.560 -118.4236
10.750000 83.601 -118.7559
10.900000 83.645 -119.0495
11.060000 83.698 -119.3704
11.200000 83.749 -119.6826
11.380000 83.818 -120.0804
11.500000 83.864 -120.3488
11.720000 83.948 -120.8495
11.800000 83.977 -121.0354
12.060000 84.070 -121.6722
12.200000 84.117 -122.0590
12.410000 84.186 -122.6290
12.500000 84.217 -122.8655
12.650000 84.270 -123.2474
12.800000 84.323 -123.6106
13.150000 84.447 -124.4275
13.200000 84.465 -124.5451
13.400000 84.537 -124.9940
13.600000 84.611 -125.4176
13.800000 84.688 -125.8259
14.000000 84.767 -126.2388
14.300000 84.891 -126.9548
14.500000 84.972 -127.4642
14.750000 85.069 -128.1351
15.000000 85.156 -128.8358
15.250000 85.232 -129.5972
15.500000 85.294 -130.3267
15.750000 85.345 -130.9885
16.000000 85.391 -131.5585
16.250000 85.438 -132.0726
16.500000 85.493 -132.5044
16.750000 85.558 -132.8841
17.000000 85.633 -133.2565
17.250000 85.715 -133.6843
17.500000 85.801 -134.1597
17.750000 85.883 -134.6792
18.000000 85.959 -135.2302
18.250000 86.026 -135.8154
18.500000 86.086 -136.3842
18.750000 86.139 -136.9198
19.000000 86.189 -137.4203
19.250000 86.237 -137.9170
19.500000 86.283 -138.3971
19.750000 86.326 -138.8645
20.000000 86.363 -139.3133
20.299999 86.399 -139.8337
20.600000 86.427 -140.2652
20.900000 86.455 -140.5857
21.200001 86.493 -140.8280
21.400000 86.527 -140.9677
21.799999 86.618 -141.2751
22.000000 86.671 -141.4834
22.400000 86.775 -142.0739
22.700001 86.839 -142.6173
23.000000 86.884 -143.1819
23.299999 86.914 -143.7184
23.600000 86.935 -144.1714
24.000000 86.967 -144.6539
24.299999 87.002 -144.9955
24.700001 87.058 -145.4897
25.000000 87.100 -145.9114
25.400000 87.144 -146.5240
25.799999 87.175 -147.0989
26.200001 87.205 -147.6060
26.500000 87.233 -147.9641
26.900000 87.280 -148.4612
27.200001 87.316 -148.8827
27.600000 87.355 -149.4917
28.000000 87.380 -150.0810
28.500000 87.401 -150.7083
29.000000 87.436 -151.2189
29.500000 87.486 -151.7654
30.000000 87.534 -152.4055
30.400000 87.557 -152.9370
30.700001 87.567 -153.2928
31.100000 87.578 -153.6853
31.500000 87.596 -154.0134
32.000000 87.633 -154.4083
32.500000 87.676 -154.8762
33.000000 87.711 -155.3906
33.500000 87.734 -155.8921
34.000000 87.754 -156.3449
34.500000 87.776 -156.7785
35.000000 87.799 -157.2076
35.500000 87.820 -157.6378
36.000000 87.840 -158.0539
36.500000 87.862 -158.4650
37.000000 87.886 -158.8775
37.500000 87.909 -159.3050
38.200001 87.936 -159.9119
38.700001 87.951 -160.3281
39.500000 87.974 -160.9241
40.000000 87.993 -161.2773
40.599998 88.019 -161.7372
41.200001 88.037 -162.2295
41.799999 88.044 -162.6908
42.500000 88.049 -163.1393
43.099998 88.062 -163.4955
43.700001 88.079 -163.8876
44.400002 88.091 -164.3783
45.000000 88.097 -164.7786
45.500000 88.102 -165.0991
46.200001 88.110 -165.5381
46.799999 88.117 -165.9040
47.500000 88.129 -166.3298
48.200001 88.141 -166.7812
48.700001 88.145 -167.1069
49.400002 88.148 -167.5285
50.000000 88.151 -167.8640
50.799999 88.155 -168.3139
51.500000 88.155 -168.6809
52.200001 88.159 -169.0204
53.000000 88.165 -169.4588
53.799999 88.160 -169.9077
54.500000 88.156 -170.2195
55.200001 88.165 -170.5281
56.000000 88.179 -170.9947
57.000000 88.173 -171.6067
58.000000 88.160 -172.0558
59.000000 88.156 -172.4176
60.000000 88.161 -172.7489
60.799999 88.169 -173.0554
61.500000 88.171 -173.3447
62.200001 88.170 -173.6149
63.000000 88.172 -173.9192
64.000000 88.174 -174.3630
65.000000 88.169 -174.7980
66.000000 88.166 -175.1764
67.000000 88.181 -175.5522
68.000000 88.192 -176.0805
69.000000 88.171 -176.5500
70.000000 88.154 -176.7906
71.000000 88.159 -177.0496
72.000000 88.160 -177.3954
73.000000 88.156 -177.7364
74.000000 88.151 -178.1057
75.000000 88.142 -178.4804
76.199997 88.134 -178.8990
77.500000 88.127 -179.3574
78.800003 88.115 -179.7556
80.000000 88.109 179.9245
81.199997 88.105 179.5663
82.500000 88.091 179.1488
83.800003 88.073 178.7509
85.000000 88.056 178.3983
86.199997 88.042 178.0512
87.500000 88.028 177.6820
88.500000 88.017 177.4081
90.000000 88.000 177.0219
91.199997 87.986 176.7049
92.500000 87.968 176.3620
93.800003 87.949 176.0242
95.000000 87.933 175.7177
96.199997 87.919 175.4163
97.500000 87.905 175.0993
98.800003 87.889 174.7906
100.000000 87.874 174.5259
101.500000 87.859 174.2054
103.000000 87.843 173.8551
104.400002 87.825 173.5361
106.000000 87.807 173.1722
107.500000 87.787 172.8347
109.000000 87.762 172.5125
110.599998 87.733 172.2160
112.000000 87.711 171.9678
113.800003 87.684 171.6175
115.000000 87.665 171.3901
117.199997 87.633 170.9990
118.000000 87.622 170.8521
120.599998 87.581 170.3282
122.000000 87.555 170.0659
124.099998 87.519 169.7012
125.000000 87.506 169.5531
126.500000 87.485 169.3159
128.000000 87.465 169.0854
131.500000 87.416 168.5554
132.000000 87.410 168.4758
134.000000 87.389 168.1433
136.000000 87.372 167.7950
138.000000 87.350 167.4510
140.000000 87.324 167.1392
143.000000 87.274 166.7413
145.000000 87.245 166.5572
147.500000 87.212 166.2835
150.000000 87.172 165.9178
152.500000 87.132 165.5343
155.000000 87.099 165.2092
157.500000 87.064 164.9604
160.000000 87.017 164.7036
162.500000 86.960 164.4561
165.000000 86.908 164.2194
167.500000 86.857 163.9774
170.000000 86.802 163.7451
172.500000 86.745 163.4942
175.000000 86.692 163.2509
177.500000 86.641 162.9886
180.000000 86.588 162.7401
182.500000 86.536 162.5073
185.000000 86.486 162.2882
187.500000 86.433 162.0762
190.000000 86.379 161.8810
192.500000 86.324 161.6751
195.000000 86.269 161.4667
197.500000 86.218 161.2750
200.000000 86.166 161.0900
203.000000 86.108 160.8823
206.000000 86.058 160.6748
209.000000 86.010 160.4789
212.000000 85.956 160.3137
214.000000 85.918 160.2018
218.000000 85.852 159.9861
220.000000 85.820 159.8608
224.000000 85.746 159.7338
227.000000 85.691 159.7183
230.000000 85.641 159.6278
233.000000 85.597 159.4523
236.000000 85.558 159.2652
240.000000 85.506 159.0623
243.000000 85.470 158.9221
247.000000 85.416 158.7744
250.000000 85.368 158.6926
254.000000 85.301 158.5374
258.000000 85.232 158.4014
262.000000 85.158 158.3382
265.000000 85.103 158.2924
269.000000 85.030 158.2127
272.000000 84.977 158.1198
276.000000 84.906 158.0272
280.000000 84.834 158.0124
285.000000 84.745 157.9865
290.000000 84.660 157.9477
295.000000 84.575 157.9001
300.000000 84.487 157.9014
304.000000 84.420 157.9589
307.000000 84.372 157.9941
311.000000 84.310 158.0312
315.000000 84.249 158.1013
320.000000 84.176 158.2289
325.000000 84.113 158.3453
330.000000 84.060 158.4524
335.000000 84.012 158.5226
340.000000 83.961 158.5316
345.000000 83.905 158.5465
350.000000 83.847 158.5898
355.000000 83.785 158.6371
360.000000 83.710 158.6266
365.000000 83.639 158.5936
370.000000 83.576 158.6317
375.000000 83.510 158.7170
382.000000 83.415 158.8646
387.000000 83.346 158.9037
395.000000 83.219 159.1157
400.000000 83.150 159.2983
406.000000 83.077 159.4501
412.000000 83.010 159.6065
418.000000 82.934 159.8009
425.000000 82.845 160.0229
431.000000 82.779 160.2401
437.000000 82.715 160.4573
444.000000 82.643 160.7265
450.000000 82.583 160.9511
455.000000 82.534 161.1421
462.000000 82.465 161.4008
468.000000 82.408 161.6163
475.000000 82.341 161.8836
482.000000 82.273 162.1462
487.000000 82.225 162.3392
494.000000 82.159 162.6317
500.000000 82.102 162.8796
508.000000 82.026 163.2269
515.000000 81.962 163.5594
522.000000 81.899 163.8793
530.000000 81.833 164.2452
538.000000 81.778 164.5851
545.000000 81.733 164.8266
552.000000 81.687 165.1358
560.000000 81.624 165.4598
570.000000 81.508 165.9547
580.000000 81.437 166.5752
590.000000 81.335 167.0534
600.000000 81.238 167.6755
608.000000 81.210 168.0826
615.000000 81.189 168.5410
622.000000 81.153 168.9763
630.000000 81.103 169.4341
640.000000 81.046 170.0210
650.000000 80.989 170.6073
660.000000 80.921 171.2698
670.000000 80.869 171.9800
680.000000 80.833 172.6230
690.000000 80.789 173.1033
700.000000 80.744 173.7802
710.000000 80.709 174.5937
720.000000 80.686 175.4313
730.000000 80.671 176.2857
740.000000 80.624 176.7914
750.000000 80.567 177.1274
762.000000 80.496 178.1208
775.000000 80.453 179.0923
788.000000 80.433 179.6126
800.000000 80.432 -179.6561
812.000000 80.420 -178.8419
825.000000 80.408 -177.9324
838.000000 80.398 -177.0308
850.000000 80.391 -176.2221
862.000000 80.391 -175.4142
875.000000 80.396 -174.5215
885.000000 80.404 -173.8507
900.000000 80.421 -172.8581
912.000000 80.440 -172.0782
925.000000 80.467 -171.2536
938.000000 80.499 -170.4297
950.000000 80.531 -169.6898
962.000000 80.566 -168.9611
975.000000 80.609 -168.1908
988.000000 80.658 -167.4487
1000.000000 80.707 -166.7856
1015.000000 80.774 -165.9699
1030.000000 80.847 -165.1873
1044.000000 80.918 -164.4973
1060.000000 80.996 -163.7403
1075.000000 81.067 -163.0899
1090.000000 81.138 -162.4588
1106.000000 81.217 -161.8401
1120.000000 81.286 -161.3197
1138.000000 81.374 -160.6891
1150.000000 81.435 -160.2974
1172.000000 81.550 -159.6407
1180.000000 81.592 -159.4213
1206.000000 81.728 -158.7376
1220.000000 81.800 -158.3711
1241.000000 81.906 -157.8587
1250.000000 81.950 -157.6646
1265.000000 82.021 -157.3411
1280.000000 82.093 -156.9718
1315.000000 82.263 -156.0713
1320.000000 82.288 -155.9487
1340.000000 82.389 -155.5124
1360.000000 82.495 -155.0837
1380.000000 82.613 -154.7273
1400.000000 82.729 -154.4190
1430.000000 82.879 -154.0902
1450.000000 82.974 -153.8647
1475.000000 83.083 -153.5717
1500.000000 83.183 -153.2851
1525.000000 83.283 -152.9485
1550.000000 83.392 -152.5132
1575.000000 83.508 -152.0567
1600.000000 83.627 -151.5661
1625.000000 83.761 -151.0659
1650.000000 83.911 -150.6378
1675.000000 84.072 -150.2759
1700.000000 84.247 -150.0137
1725.000000 84.427 -149.9182
1750.000000 84.596 -149.9253
1775.000000 84.759 -149.9860
1800.000000 84.912 -150.1176
1825.000000 85.057 -150.2930
1850.000000 85.195 -150.4674
1875.000000 85.327 -150.6472
1900.000000 85.455 -150.8368
1925.000000 85.577 -151.0579
1950.000000 85.696 -151.2945
1975.000000 85.817 -151.5217
2000.000000 85.940 -151.7709
2030.000000 86.099 -152.0715
2060.000000 86.272 -152.3879
2090.000000 86.462 -152.7674
2120.000000 86.663 -153.3534
2140.000000 86.797 -153.8779
2180.000000 87.046 -155.2326
2200.000000 87.156 -156.0375
2240.000000 87.339 -157.8507
2270.000000 87.435 -159.3565
2300.000000 87.490 -160.8942
2330.000000 87.508 -162.3787
2360.000000 87.496 -163.7640
2400.000000 87.442 -165.4097
2430.000000 87.382 -166.4846
2470.000000 87.284 -167.7236
2500.000000 87.203 -168.5007
2540.000000 87.094 -169.3672
2580.000000 86.991 -170.0797
2620.000000 86.888 -170.6534
2650.000000 86.811 -171.0290
2690.000000 86.704 -171.4178
2720.000000 86.620 -171.6365
2760.000000 86.506 -171.7808
2800.000000 86.398 -171.7625
2850.000000 86.278 -171.5160
2900.000000 86.189 -171.0815
2950.000000 86.142 -170.5671
3000.000000 86.129 -170.1433
3040.000000 86.127 -169.8732
3070.000000 86.126 -169.7097
3110.000000 86.125 -169.4980
3150.000000 86.120 -169.2849
3200.000000 86.110 -169.0077
3250.000000 86.101 -168.7345
3300.000000 86.096 -168.4444
3350.000000 86.098 -168.1429
3400.000000 86.108 -167.8323
3450.000000 86.126 -167.5104
3500.000000 86.157 -167.1880
3550.000000 86.200 -166.8947
3600.000000 86.254 -166.6449
3650.000000 86.316 -166.4406
3700.000000 86.387 -166.3003
3750.000000 86.469 -166.2204
3820.000000 86.599 -166.2465
3870.000000 86.699 -166.3846
3950.000000 86.868 -166.8567
4000.000000 86.977 -167.3376
4060.000000 87.106 -168.1111
4120.000000 87.223 -169.0705
4180.000000 87.318 -170.2210
4250.000000 87.394 -171.7666
4310.000000 87.422 -173.2266
4370.000000 87.410 -174.7684
4440.000000 87.341 -176.5981
4500.000000 87.234 -178.1143
4550.000000 87.112 -179.2903
4620.000000 86.896 179.2347
4680.000000 86.673 178.2037
4750.000000 86.381 177.3351
4820.000000 86.065 176.8634
4870.000000 85.833 176.7857
4940.000000 85.507 177.0227
5000.000000 85.231 177.5373
5080.000000 84.876 178.6435
5150.000000 84.596 179.9274
5220.000000 84.357 -178.5555
5300.000000 84.144 -176.6231
5380.000000 83.999 -174.5726
5450.000000 83.926 -172.7601
5520.000000 83.900 -171.0006
5600.000000 83.924 -169.1226
5700.000000 84.024 -167.0852
5800.000000 84.177 -165.5500
5900.000000 84.352 -164.5502
6000.000000 84.520 -164.1012
6080.000000 84.629 -164.0596
6150.000000 84.692 -164.2328
6220.000000 84.712 -164.5463
6300.000000 84.660 -164.9704
6400.000000 84.420 -164.7459
6500.000000 84.235 -160.6941
6600.000000 84.898 -156.1059
6700.000000 85.494 -157.5074
6800.000000 85.646 -158.7960
6900.000000 85.741 -158.6608
7000.000000 85.913 -157.8000
7100.000000 86.186 -156.6611
7200.000000 86.575 -155.5052
7300.000000 87.094 -154.5367
7400.000000 87.759 -154.0508
7500.000000 88.583 -154.4149
7620.000000 89.774 -156.7253
7750.000000 91.197 -162.8504
7880.000000 92.407 -173.9344
8000.000000 92.867 172.0012
8120.000000 92.396 156.9673
8250.000000 90.946 143.4722
8380.000000 88.975 134.9434
8500.000000 87.090 131.2497
8620.000000 85.345 130.5086
8750.000000 83.683 131.8550
8850.000000 82.564 133.8746
9000.000000 81.117 137.9429
9120.000000 80.134 141.8211
9250.000000 79.218 146.4658
9380.000000 78.441 151.4501
9500.000000 77.840 156.3082
9620.000000 77.351 161.3976
9750.000000 76.961 167.0446
9880.000000 76.720 172.6291
10000.000000 76.613 177.5239
10150.000000 76.608 -176.5677
10300.000000 76.743 -170.7278
10440.000000 77.013 -165.3571
10600.000000 77.524 -159.4587
10750.000000 78.234 -154.3872
10900.000000 79.220 -150.1260
11060.000000 80.647 -147.1972
11200.000000 82.245 -147.2213
11380.000000 84.587 -153.4981
11500.000000 85.958 -162.8915
11720.000000 86.815 171.3761
11800.000000 86.401 161.6488
12060.000000 83.119 139.9835
12200.000000 80.950 135.9183
12410.000000 78.081 136.6862
12500.000000 77.058 138.5143
12650.000000 75.609 142.6510
12800.000000 74.431 147.6412
13150.000000 72.509 161.0205
13200.000000 72.315 163.0539
13400.000000 71.722 171.3568
13600.000000 71.425 179.8493
13800.000000 71.449 -171.6079
14000.000000 71.856 -163.2766
14300.000000 73.411 -152.9392
14500.000000 75.139 -150.2522
14750.000000 77.567 -156.2258
15000.000000 79.069 -173.3030
15250.000000 78.610 165.3419
15500.000000 76.357 149.3044
15750.000000 73.349 142.5915
16000.000000 70.474 143.5700
16250.000000 68.169 149.8681
16500.000000 66.626 159.3321
16750.000000 65.810 168.8724
17000.000000 65.424 176.6644
17250.000000 65.215 -176.8629
17500.000000 65.173 -170.7167
17750.000000 65.498 -164.9493
18000.000000 66.340 -161.7292
18250.000000 67.424 -164.4628
18500.000000 67.938 -174.1684
18750.000000 67.098 174.0844
19000.000000 65.112 168.8434
19250.000000 63.331 171.7484
19500.000000 62.406 174.0209
19750.000000 61.490 173.0120
20000.000000 60.619 173.0292
