* Measurement data measured by REW V5.31.3
* Source: Odo By VECLAN.COM, Odo By VECLAN.COM, 0, volume: 0.260
* Format: 1M Log Swept Sine, 1 sweep at -12.0 dBFS with no timing reference
* Dated: 04 4, 25 7:49:36 PM
* REW Settings:
*  C-weighting compensation: Off
*  Target level: 75.0 dB
* Note: ; 
* Measurement: ceramic x hifi wn L
* Smoothing: 1/24 octave
* Frequency Step: 1/48 octave
* Start Frequency: 1.000 Hz
*
* Freq(Hz) SPL(dB) Phase(degrees)
1.000000 53.556 63.3528
1.015000 54.257 62.5385
1.030000 54.902 61.7468
1.044000 55.468 61.0515
1.060000 56.079 60.3035
1.075000 56.618 59.6386
1.090000 57.128 59.0006
1.106000 57.641 58.3424
1.120000 58.066 57.7798
1.138000 58.584 57.0682
1.150000 58.912 56.5978
1.172000 59.484 55.7371
1.180000 59.684 55.4232
1.206000 60.306 54.3929
1.220000 60.627 53.8291
1.241000 61.096 52.9676
1.250000 61.294 52.5916
1.265000 61.620 51.9550
1.280000 61.946 51.3048
1.315000 62.711 49.7300
1.320000 62.822 49.4981
1.340000 63.273 48.5570
1.360000 63.727 47.6163
1.380000 64.170 46.7104
1.400000 64.598 45.8433
1.430000 65.214 44.5979
1.450000 65.609 43.7926
1.475000 66.086 42.8017
1.500000 66.547 41.8174
1.525000 66.993 40.8299
1.550000 67.428 39.8312
1.575000 67.852 38.8143
1.600000 68.268 37.7737
1.625000 68.677 36.7046
1.650000 69.083 35.6037
1.675000 69.485 34.4717
1.700000 69.882 33.3262
1.725000 70.269 32.1951
1.750000 70.646 31.0859
1.775000 71.013 29.9965
1.800000 71.371 28.9235
1.825000 71.720 27.8631
1.850000 72.062 26.8117
1.875000 72.396 25.7656
1.900000 72.724 24.7212
1.925000 73.046 23.6749
1.950000 73.363 22.6235
1.975000 73.676 21.5637
2.000000 73.985 20.4935
2.030000 74.350 19.1989
2.060000 74.707 17.9090
2.090000 75.055 16.6337
2.120000 75.395 15.3737
2.140000 75.616 14.5415
2.180000 76.049 12.8931
2.200000 76.261 12.0754
2.240000 76.675 10.4485
2.270000 76.980 9.2320
2.300000 77.278 8.0149
2.330000 77.573 6.7941
2.360000 77.862 5.5683
2.400000 78.239 3.9326
2.430000 78.515 2.7111
2.470000 78.873 1.0937
2.500000 79.134 -0.1098
2.540000 79.475 -1.7017
2.580000 79.806 -3.2803
2.620000 80.130 -4.8484
2.650000 80.369 -6.0197
2.690000 80.680 -7.5791
2.720000 80.909 -8.7492
2.760000 81.207 -10.3092
2.800000 81.496 -11.8645
2.850000 81.847 -13.7951
2.900000 82.186 -15.7060
2.950000 82.515 -17.5955
3.000000 82.835 -19.4655
3.040000 83.084 -20.9528
3.070000 83.267 -22.0684
3.110000 83.505 -23.5569
3.150000 83.736 -25.0424
3.200000 84.016 -26.8877
3.250000 84.288 -28.7135
3.300000 84.551 -30.5157
3.350000 84.807 -32.2943
3.400000 85.054 -34.0606
3.450000 85.294 -35.8271
3.500000 85.524 -37.5898
3.550000 85.747 -39.3396
3.600000 85.963 -41.0689
3.650000 86.172 -42.7725
3.700000 86.375 -44.4513
3.750000 86.571 -46.1183
3.820000 86.833 -48.4481
3.870000 87.013 -50.1018
3.950000 87.287 -52.7081
4.000000 87.451 -54.3035
4.060000 87.641 -56.1872
4.120000 87.823 -58.0576
4.180000 87.996 -59.9187
4.250000 88.189 -62.0638
4.310000 88.346 -63.8676
4.370000 88.497 -65.6339
4.440000 88.666 -67.6632
4.500000 88.802 -69.3886
4.550000 88.911 -70.8131
4.620000 89.057 -72.7757
4.680000 89.176 -74.4208
4.750000 89.309 -76.3000
4.820000 89.434 -78.1535
4.870000 89.519 -79.4628
4.940000 89.632 -81.2679
5.000000 89.725 -82.7826
5.080000 89.843 -84.7538
5.150000 89.940 -86.4465
5.220000 90.031 -88.1130
5.300000 90.130 -89.9786
5.380000 90.224 -91.7953
5.450000 90.302 -93.3487
5.520000 90.376 -94.8755
5.600000 90.456 -96.5875
5.700000 90.550 -98.6723
5.800000 90.639 -100.6968
5.900000 90.723 -102.6718
6.000000 90.802 -104.5986
6.080000 90.862 -106.1048
6.150000 90.913 -107.3995
6.220000 90.962 -108.6749
6.300000 91.016 -110.1099
6.400000 91.081 -111.8711
6.500000 91.143 -113.5996
6.600000 91.201 -115.2990
6.700000 91.257 -116.9711
6.800000 91.310 -118.6191
6.900000 91.359 -120.2461
7.000000 91.406 -121.8518
7.100000 91.448 -123.4371
7.200000 91.487 -125.0057
7.300000 91.522 -126.5567
7.400000 91.553 -128.0869
7.500000 91.580 -129.5986
7.620000 91.606 -131.3895
7.750000 91.628 -133.2915
7.880000 91.642 -135.1548
8.000000 91.648 -136.8388
8.120000 91.648 -138.4797
8.250000 91.642 -140.2112
8.380000 91.630 -141.8911
8.500000 91.614 -143.3911
8.620000 91.595 -144.8449
8.750000 91.571 -146.3676
8.850000 91.552 -147.5012
9.000000 91.520 -149.1453
9.120000 91.494 -150.4170
9.250000 91.466 -151.7531
9.380000 91.439 -153.0542
9.500000 91.414 -154.2306
9.620000 91.390 -155.3859
9.750000 91.364 -156.6214
9.880000 91.339 -157.8462
10.000000 91.314 -158.9688
10.150000 91.282 -160.3667
10.300000 91.247 -161.7612
10.440000 91.210 -163.0572
10.600000 91.162 -164.5316
10.750000 91.111 -165.9010
10.900000 91.052 -167.2520
11.060000 90.982 -168.6665
11.200000 90.914 -169.8734
11.380000 90.818 -171.3774
11.500000 90.750 -172.3445
11.720000 90.615 -174.0381
11.800000 90.564 -174.6270
12.060000 90.390 -176.4380
12.200000 90.294 -177.3487
12.410000 90.147 -178.6320
12.500000 90.083 -179.1530
12.650000 89.977 -179.9835
12.800000 89.871 179.2302
13.150000 89.625 177.5543
13.200000 89.590 177.3314
13.400000 89.453 176.4771
13.600000 89.318 175.6756
13.800000 89.186 174.9196
14.000000 89.056 174.2016
14.300000 88.862 173.1858
14.500000 88.733 172.5482
14.750000 88.570 171.8012
15.000000 88.405 171.1233
15.250000 88.237 170.5296
15.500000 88.071 170.0298
15.750000 87.910 169.6225
16.000000 87.756 169.2915
16.250000 87.612 169.0117
16.500000 87.475 168.7589
16.750000 87.342 168.5180
17.000000 87.209 168.2940
17.250000 87.073 168.1093
17.500000 86.934 167.9957
17.750000 86.795 167.9821
18.000000 86.664 168.0779
18.250000 86.547 168.2657
18.500000 86.449 168.5037
18.750000 86.371 168.7363
19.000000 86.307 168.9155
19.250000 86.250 169.0189
19.500000 86.192 169.0547
19.750000 86.126 169.0592
20.000000 86.052 169.0820
20.299999 85.956 169.1948
20.600000 85.865 169.4322
20.900000 85.792 169.7689
21.200001 85.742 170.1330
21.400000 85.722 170.3491
21.799999 85.701 170.6426
22.000000 85.692 170.7119
22.400000 85.666 170.7391
22.700001 85.635 170.7236
23.000000 85.595 170.7299
23.299999 85.552 170.7856
23.600000 85.510 170.8974
24.000000 85.463 171.1207
24.299999 85.436 171.3269
24.700001 85.418 171.6198
25.000000 85.417 171.8211
25.400000 85.433 172.0069
25.799999 85.459 172.0458
26.200001 85.481 171.9304
26.500000 85.487 171.7739
26.900000 85.480 171.5429
27.200001 85.465 171.3943
27.600000 85.442 171.2548
28.000000 85.424 171.1635
28.500000 85.413 171.0413
29.000000 85.410 170.8397
29.500000 85.402 170.5540
30.000000 85.384 170.2358
30.400000 85.363 169.9990
30.700001 85.346 169.8446
31.100000 85.325 169.6691
31.500000 85.308 169.5112
32.000000 85.294 169.3010
32.500000 85.281 169.0540
33.000000 85.264 168.7841
33.500000 85.243 168.5133
34.000000 85.218 168.2438
34.500000 85.186 167.9768
35.000000 85.145 167.7458
35.500000 85.099 167.5958
36.000000 85.059 167.5219
36.500000 85.029 167.4576
37.000000 85.004 167.3434
37.500000 84.972 167.1912
38.200001 84.911 167.0379
38.700001 84.867 167.0274
39.500000 84.817 167.1470
40.000000 84.807 167.2319
40.599998 84.812 167.2294
41.200001 84.815 167.0532
41.799999 84.796 166.8000
42.500000 84.751 166.6273
43.099998 84.721 166.5895
43.700001 84.702 166.5081
44.400002 84.669 166.3358
45.000000 84.629 166.2548
45.500000 84.599 166.2670
46.200001 84.577 166.3173
46.799999 84.571 166.3276
47.500000 84.574 166.2589
48.200001 84.573 166.0860
48.700001 84.559 165.9803
49.400002 84.538 166.0142
50.000000 84.548 166.1381
50.799999 84.589 166.0955
51.500000 84.605 165.8707
52.200001 84.600 165.6595
53.000000 84.580 165.4429
53.799999 84.540 165.3313
54.500000 84.518 165.3764
55.200001 84.522 165.3610
56.000000 84.531 165.2072
57.000000 84.567 164.9374
58.000000 84.608 164.2079
59.000000 84.576 163.5937
60.000000 84.591 163.4265
60.799999 84.634 163.0140
61.500000 84.634 162.5236
62.200001 84.604 162.1812
63.000000 84.572 161.9887
64.000000 84.544 161.7503
65.000000 84.510 161.4572
66.000000 84.482 161.1335
67.000000 84.457 160.6489
68.000000 84.419 160.0651
69.000000 84.370 159.5280
70.000000 84.325 159.1031
71.000000 84.295 158.7083
72.000000 84.267 158.2620
73.000000 84.228 157.8083
74.000000 84.179 157.3794
75.000000 84.125 157.0026
76.199997 84.065 156.6022
77.500000 84.015 156.1441
78.800003 83.958 155.5631
80.000000 83.885 155.1575
81.199997 83.826 154.9164
82.500000 83.772 154.5565
83.800003 83.688 154.1581
85.000000 83.607 153.9086
86.199997 83.532 153.6014
87.500000 83.450 153.1666
88.500000 83.372 152.7687
90.000000 83.239 152.4938
91.199997 83.182 152.5477
92.500000 83.168 152.4303
93.800003 83.159 152.0832
95.000000 83.117 151.6664
96.199997 83.047 151.4566
97.500000 82.981 151.3879
98.800003 82.917 151.2216
100.000000 82.837 151.0033
101.500000 82.728 150.9167
103.000000 82.653 150.8048
104.400002 82.588 150.5240
106.000000 82.488 150.2391
107.500000 82.405 150.2650
109.000000 82.358 150.3052
110.599998 82.324 150.0953
112.000000 82.264 149.7451
113.800003 82.164 149.4717
115.000000 82.103 149.3511
117.199997 82.002 149.0881
118.000000 81.965 148.9820
120.599998 81.850 148.6460
122.000000 81.786 148.4713
124.099998 81.690 148.3195
125.000000 81.652 148.2793
126.500000 81.591 148.1440
128.000000 81.516 147.9159
131.500000 81.338 147.6091
132.000000 81.318 147.5628
134.000000 81.239 147.3279
136.000000 81.146 147.1523
138.000000 81.051 147.0390
140.000000 80.949 146.8888
143.000000 80.790 146.6886
145.000000 80.688 146.5487
147.500000 80.559 146.3667
150.000000 80.429 146.2231
152.500000 80.293 146.1657
155.000000 80.155 146.1724
157.500000 80.018 146.1310
160.000000 79.877 146.1056
162.500000 79.746 146.1379
165.000000 79.626 146.1221
167.500000 79.506 146.1727
170.000000 79.388 146.3444
172.500000 79.267 146.4962
175.000000 79.141 146.5724
177.500000 79.024 146.6915
180.000000 78.913 146.9038
182.500000 78.793 147.2109
185.000000 78.672 147.4697
187.500000 78.556 147.6801
190.000000 78.449 147.8931
192.500000 78.338 148.1679
195.000000 78.224 148.5285
197.500000 78.113 148.8609
200.000000 78.001 149.0974
203.000000 77.874 149.4573
206.000000 77.778 149.8862
209.000000 77.677 150.2797
212.000000 77.567 150.7006
214.000000 77.492 150.9873
218.000000 77.351 151.6144
220.000000 77.288 151.9005
224.000000 77.179 152.4297
227.000000 77.102 152.8775
230.000000 77.013 153.3708
233.000000 76.918 153.8605
236.000000 76.835 154.2906
240.000000 76.742 154.8138
243.000000 76.673 155.2490
247.000000 76.584 155.8445
250.000000 76.517 156.2920
254.000000 76.422 156.9338
258.000000 76.327 157.5803
262.000000 76.237 158.1173
265.000000 76.172 158.5233
269.000000 76.078 159.0920
272.000000 76.007 159.5438
276.000000 75.921 160.2198
280.000000 75.841 160.8768
285.000000 75.742 161.6316
290.000000 75.656 162.4281
295.000000 75.583 163.4005
300.000000 75.522 164.4152
304.000000 75.494 165.2287
307.000000 75.477 165.7339
311.000000 75.454 166.2905
315.000000 75.444 166.7437
320.000000 75.439 167.2194
325.000000 75.391 167.6503
330.000000 75.326 168.1610
335.000000 75.275 168.8607
340.000000 75.218 169.4601
345.000000 75.168 169.9808
350.000000 75.139 170.4757
355.000000 75.122 171.0098
360.000000 75.098 171.4835
365.000000 75.061 171.8844
370.000000 75.006 172.2684
375.000000 74.941 172.6887
382.000000 74.853 173.3845
387.000000 74.791 173.9459
395.000000 74.692 174.9258
400.000000 74.637 175.5256
406.000000 74.588 176.2649
412.000000 74.553 176.9485
418.000000 74.523 177.5947
425.000000 74.481 178.3729
431.000000 74.438 179.0695
437.000000 74.393 179.7498
444.000000 74.344 -179.5025
450.000000 74.304 -178.8614
455.000000 74.270 -178.3020
462.000000 74.227 -177.5484
468.000000 74.200 -176.9244
475.000000 74.168 -176.1693
482.000000 74.124 -175.3598
487.000000 74.092 -174.7891
494.000000 74.054 -174.0147
500.000000 74.026 -173.3639
508.000000 73.993 -172.4943
515.000000 73.974 -171.7262
522.000000 73.962 -171.0053
530.000000 73.943 -170.1689
538.000000 73.906 -169.2407
545.000000 73.871 -168.4367
552.000000 73.838 -167.6554
560.000000 73.803 -166.7517
570.000000 73.776 -165.6744
580.000000 73.764 -164.5749
590.000000 73.763 -163.4456
600.000000 73.767 -162.3875
608.000000 73.764 -161.5320
615.000000 73.760 -160.7669
622.000000 73.760 -160.0138
630.000000 73.766 -159.1550
640.000000 73.775 -158.0471
650.000000 73.793 -156.9207
660.000000 73.822 -155.8590
670.000000 73.851 -154.8001
680.000000 73.874 -153.7414
690.000000 73.891 -152.6781
700.000000 73.902 -151.6009
710.000000 73.917 -150.5678
720.000000 73.945 -149.5265
730.000000 73.984 -148.4967
740.000000 74.032 -147.4863
750.000000 74.088 -146.4981
762.000000 74.161 -145.3147
775.000000 74.248 -144.0395
788.000000 74.340 -142.8053
800.000000 74.428 -141.7014
812.000000 74.513 -140.5913
825.000000 74.606 -139.4099
838.000000 74.704 -138.2828
850.000000 74.797 -137.2777
862.000000 74.891 -136.2645
875.000000 75.001 -135.2070
885.000000 75.097 -134.4561
900.000000 75.250 -133.3687
912.000000 75.374 -132.5190
925.000000 75.512 -131.6285
938.000000 75.656 -130.7950
950.000000 75.794 -130.0607
962.000000 75.934 -129.3634
975.000000 76.088 -128.6529
988.000000 76.242 -127.9929
1000.000000 76.385 -127.4339
1015.000000 76.566 -126.8077
1030.000000 76.746 -126.2778
1044.000000 76.909 -125.8385
1060.000000 77.091 -125.3769
1075.000000 77.258 -124.9964
1090.000000 77.420 -124.6667
1106.000000 77.590 -124.3653
1120.000000 77.736 -124.1437
1138.000000 77.925 -123.9099
1150.000000 78.052 -123.7867
1172.000000 78.275 -123.6054
1180.000000 78.351 -123.5463
1206.000000 78.589 -123.3876
1220.000000 78.716 -123.3344
1241.000000 78.903 -123.2901
1250.000000 78.980 -123.2794
1265.000000 79.108 -123.2853
1280.000000 79.237 -123.3300
1315.000000 79.520 -123.5262
1320.000000 79.558 -123.5593
1340.000000 79.702 -123.6992
1360.000000 79.843 -123.8415
1380.000000 79.979 -123.9681
1400.000000 80.113 -124.0902
1430.000000 80.311 -124.2769
1450.000000 80.436 -124.3993
1475.000000 80.588 -124.5588
1500.000000 80.736 -124.7201
1525.000000 80.880 -124.8769
1550.000000 81.025 -125.0362
1575.000000 81.178 -125.2107
1600.000000 81.337 -125.4083
1625.000000 81.507 -125.6501
1650.000000 81.675 -125.9412
1675.000000 81.824 -126.2435
1700.000000 81.960 -126.5804
1725.000000 82.093 -126.9352
1750.000000 82.231 -127.3276
1775.000000 82.367 -127.7245
1800.000000 82.503 -128.1579
1825.000000 82.640 -128.6270
1850.000000 82.774 -129.1248
1875.000000 82.905 -129.6546
1900.000000 83.034 -130.2153
1925.000000 83.161 -130.7939
1950.000000 83.286 -131.3914
1975.000000 83.409 -132.0152
2000.000000 83.523 -132.6559
2030.000000 83.650 -133.4326
2060.000000 83.771 -134.1847
2090.000000 83.899 -134.8897
2120.000000 84.045 -135.6216
2140.000000 84.153 -136.1904
2180.000000 84.376 -137.6466
2200.000000 84.479 -138.5088
2240.000000 84.645 -140.3331
2270.000000 84.737 -141.7156
2300.000000 84.811 -143.1046
2330.000000 84.873 -144.4977
2360.000000 84.923 -145.8912
2400.000000 84.969 -147.7527
2430.000000 84.983 -149.1420
2470.000000 84.977 -150.9825
2500.000000 84.954 -152.3275
2540.000000 84.912 -154.0602
2580.000000 84.862 -155.7076
2620.000000 84.804 -157.2607
2650.000000 84.760 -158.3708
2690.000000 84.692 -159.8114
2720.000000 84.634 -160.9182
2760.000000 84.547 -162.4708
2800.000000 84.429 -164.0332
2850.000000 84.247 -165.8684
2900.000000 84.042 -167.4885
2950.000000 83.801 -168.8375
3000.000000 83.536 -169.9087
3040.000000 83.327 -170.6119
3070.000000 83.178 -171.0622
3110.000000 82.984 -171.5564
3150.000000 82.793 -171.9311
3200.000000 82.560 -172.2482
3250.000000 82.338 -172.3990
3300.000000 82.123 -172.3576
3350.000000 81.922 -172.1581
3400.000000 81.740 -171.8179
3450.000000 81.582 -171.3617
3500.000000 81.443 -170.8193
3550.000000 81.326 -170.2496
3600.000000 81.231 -169.6972
3650.000000 81.153 -169.1313
3700.000000 81.089 -168.5338
3750.000000 81.040 -167.8831
3820.000000 80.999 -166.9055
3870.000000 80.999 -166.2188
3950.000000 81.050 -165.1617
4000.000000 81.107 -164.5483
4060.000000 81.195 -163.8846
4120.000000 81.312 -163.4228
4180.000000 81.460 -163.2423
4250.000000 81.656 -163.3824
4310.000000 81.822 -163.7884
4370.000000 81.977 -164.4750
4440.000000 82.132 -165.6575
4500.000000 82.228 -166.9014
4550.000000 82.271 -167.9648
4620.000000 82.285 -169.3447
4680.000000 82.266 -170.4246
4750.000000 82.225 -171.6676
4820.000000 82.174 -172.9505
4870.000000 82.127 -173.8684
4940.000000 82.036 -175.1057
5000.000000 81.933 -176.0894
5080.000000 81.763 -177.2482
5150.000000 81.590 -178.0643
5220.000000 81.406 -178.6594
5300.000000 81.193 -179.0668
5380.000000 80.987 -179.2434
5450.000000 80.813 -179.2570
5520.000000 80.647 -179.1609
5600.000000 80.467 -178.9230
5700.000000 80.259 -178.3996
5800.000000 80.086 -177.5503
5900.000000 79.990 -176.6187
6000.000000 79.926 -176.1111
6080.000000 79.834 -175.7843
6150.000000 79.741 -175.3207
6220.000000 79.657 -174.6873
6300.000000 79.577 -173.8136
6400.000000 79.497 -172.5295
6500.000000 79.449 -171.0403
6600.000000 79.445 -169.3604
6700.000000 79.493 -167.5129
6800.000000 79.603 -165.5724
6900.000000 79.784 -163.6720
7000.000000 80.039 -161.8326
7100.000000 80.384 -160.0679
7200.000000 80.831 -158.5530
7300.000000 81.385 -157.4668
7400.000000 82.051 -157.0062
7500.000000 82.833 -157.4641
7620.000000 83.900 -159.8162
7750.000000 85.085 -165.5172
7880.000000 86.021 -175.0318
8000.000000 86.353 173.6111
8120.000000 86.009 161.8873
8250.000000 84.970 151.3297
8380.000000 83.551 144.4401
8500.000000 82.177 141.2939
8620.000000 80.905 140.5240
8750.000000 79.710 141.5133
8850.000000 78.930 143.1129
9000.000000 77.975 146.2648
9120.000000 77.377 149.0844
9250.000000 76.876 152.2062
9380.000000 76.506 155.1960
9500.000000 76.259 157.6826
9620.000000 76.077 159.8140
9750.000000 75.916 161.6799
9880.000000 75.763 163.1238
10000.000000 75.606 164.1870
10150.000000 75.365 165.3900
10300.000000 75.082 166.8223
10440.000000 74.829 168.5139
10600.000000 74.594 170.6831
10750.000000 74.434 172.7050
10900.000000 74.324 174.5586
11060.000000 74.245 176.2288
11200.000000 74.179 177.3802
11380.000000 74.044 178.5459
11500.000000 73.915 179.2265
11720.000000 73.603 -179.3689
11800.000000 73.471 -178.6763
12060.000000 73.034 -175.3771
12200.000000 72.844 -172.9747
12410.000000 72.691 -168.8700
12500.000000 72.686 -167.0497
12650.000000 72.753 -164.1068
12800.000000 72.899 -161.4367
13150.000000 73.404 -156.7379
13200.000000 73.480 -156.2145
13400.000000 73.782 -154.1700
13600.000000 74.121 -151.7763
13800.000000 74.622 -148.7419
14000.000000 75.449 -145.3608
14300.000000 77.681 -141.9590
14500.000000 80.036 -144.0661
14750.000000 83.321 -158.3384
15000.000000 84.945 172.8214
15250.000000 83.405 142.6154
15500.000000 79.867 125.0902
15750.000000 76.309 119.9808
16000.000000 73.604 121.1509
16250.000000 71.660 124.5626
16500.000000 70.221 128.5587
16750.000000 68.950 132.2175
17000.000000 66.677 134.6635
17250.000000 61.312 135.7094
17500.000000 53.012 136.0923
17750.000000 43.066 137.1382
18000.000000 32.261 150.8932
18250.000000 21.172 151.2608
18500.000000 11.838 -131.2832
18750.000000 8.188 -94.1578
19000.000000 7.300 -128.8264
19250.000000 6.618 -159.2562
19500.000000 6.055 37.5605
19750.000000 5.436 24.8938
