* Measurement data measured by REW V5.31.3
* Source: Headset (Odo By VECLAN.COM), MICROPHONE (Master Volume), L, volume: 0.250
* Format: 1M Log Swept Sine, 1 sweep at -12.0 dBFS with no timing reference
* Dated: 02 23, 25 5:33:38 PM
* REW Settings:
*  C-weighting compensation: Off
*  Target level: 75.0 dB
* Note: ; 
* Measurement: cklvx L
* Smoothing: 1/24 octave
* Frequency Step: 1/48 octave
* Start Frequency: 1.000 Hz
*
* Freq(Hz) SPL(dB) Phase(degrees)
1.000000 82.423 -107.9493
1.015000 82.729 -108.4297
1.030000 83.033 -108.8975
1.044000 83.317 -109.3151
1.060000 83.641 -109.7700
1.075000 83.942 -110.1768
1.090000 84.242 -110.5665
1.106000 84.559 -110.9654
1.120000 84.833 -111.3019
1.138000 85.181 -111.7197
1.150000 85.409 -111.9902
1.172000 85.819 -112.4735
1.180000 85.966 -112.6467
1.206000 86.429 -113.1993
1.220000 86.670 -113.4919
1.241000 87.018 -113.9268
1.250000 87.163 -114.1124
1.265000 87.397 -114.4213
1.280000 87.621 -114.7307
1.315000 88.107 -115.4591
1.320000 88.171 -115.5643
1.340000 88.416 -115.9869
1.360000 88.640 -116.4041
1.380000 88.840 -116.7906
1.400000 89.019 -117.1511
1.430000 89.250 -117.6581
1.450000 89.383 -117.9789
1.475000 89.528 -118.3667
1.500000 89.653 -118.7452
1.525000 89.763 -119.1200
1.550000 89.861 -119.4957
1.575000 89.952 -119.8718
1.600000 90.038 -120.2477
1.625000 90.124 -120.6362
1.650000 90.214 -121.0402
1.675000 90.310 -121.4608
1.700000 90.409 -121.8912
1.725000 90.503 -122.3190
1.750000 90.591 -122.7391
1.775000 90.673 -123.1550
1.800000 90.749 -123.5707
1.825000 90.820 -123.9784
1.850000 90.887 -124.3791
1.875000 90.952 -124.7738
1.900000 91.014 -125.1637
1.925000 91.075 -125.5502
1.950000 91.136 -125.9345
1.975000 91.197 -126.3223
2.000000 91.259 -126.7178
2.030000 91.334 -127.1944
2.060000 91.410 -127.6702
2.090000 91.483 -128.1416
2.120000 91.556 -128.6064
2.140000 91.603 -128.9117
2.180000 91.695 -129.5178
2.200000 91.740 -129.8215
2.240000 91.828 -130.4167
2.270000 91.893 -130.8532
2.300000 91.957 -131.2821
2.330000 92.020 -131.7047
2.360000 92.082 -132.1226
2.400000 92.163 -132.7014
2.430000 92.222 -133.1366
2.470000 92.300 -133.7107
2.500000 92.356 -134.1342
2.540000 92.430 -134.6865
2.580000 92.501 -135.2348
2.620000 92.570 -135.7895
2.650000 92.621 -136.1931
2.690000 92.685 -136.7171
2.720000 92.732 -137.1042
2.760000 92.791 -137.6187
2.800000 92.848 -138.1538
2.850000 92.916 -138.8159
2.900000 92.981 -139.4558
2.950000 93.043 -140.0666
3.000000 93.102 -140.6725
3.040000 93.147 -141.1459
3.070000 93.180 -141.4945
3.110000 93.222 -141.9544
3.150000 93.261 -142.4063
3.200000 93.309 -142.9806
3.250000 93.354 -143.5425
3.300000 93.398 -144.0766
3.350000 93.441 -144.5797
3.400000 93.483 -145.0819
3.450000 93.523 -145.5804
3.500000 93.562 -146.0653
3.550000 93.600 -146.5320
3.600000 93.637 -147.0023
3.650000 93.672 -147.4583
3.700000 93.707 -147.8877
3.750000 93.740 -148.2958
3.820000 93.784 -148.8819
3.870000 93.814 -149.2900
3.950000 93.861 -149.9054
4.000000 93.889 -150.2857
4.060000 93.923 -150.7290
4.120000 93.956 -151.1496
4.180000 93.988 -151.5602
4.250000 94.025 -152.0488
4.310000 94.057 -152.4442
4.370000 94.088 -152.8189
4.440000 94.125 -153.2744
4.500000 94.156 -153.6465
4.550000 94.183 -153.9433
4.620000 94.219 -154.3741
4.680000 94.250 -154.7328
4.750000 94.285 -155.1310
4.820000 94.320 -155.5431
4.870000 94.344 -155.8329
4.940000 94.378 -156.2242
5.000000 94.407 -156.5618
5.080000 94.444 -157.0112
5.150000 94.476 -157.3896
5.220000 94.508 -157.7815
5.300000 94.543 -158.2198
5.380000 94.577 -158.6447
5.450000 94.606 -159.0289
5.520000 94.634 -159.4025
5.600000 94.665 -159.8301
5.700000 94.702 -160.3647
5.800000 94.736 -160.8838
5.900000 94.768 -161.4089
6.000000 94.798 -161.9185
6.080000 94.819 -162.3245
6.150000 94.837 -162.6658
6.220000 94.854 -163.0130
6.300000 94.871 -163.3998
6.400000 94.892 -163.8663
6.500000 94.911 -164.3263
6.600000 94.928 -164.7691
6.700000 94.944 -165.2034
6.800000 94.958 -165.6172
6.900000 94.972 -166.0250
7.000000 94.985 -166.4152
7.100000 94.997 -166.7983
7.200000 95.009 -167.1649
7.300000 95.020 -167.5268
7.400000 95.031 -167.8750
7.500000 95.042 -168.2196
7.620000 95.056 -168.6216
7.750000 95.070 -169.0483
7.880000 95.084 -169.4749
8.000000 95.097 -169.8573
8.120000 95.109 -170.2358
8.250000 95.120 -170.6422
8.380000 95.131 -171.0391
8.500000 95.141 -171.4099
8.620000 95.150 -171.7745
8.750000 95.158 -172.1644
8.850000 95.163 -172.4630
9.000000 95.168 -172.8986
9.120000 95.172 -173.2406
9.250000 95.174 -173.6005
9.380000 95.176 -173.9456
9.500000 95.177 -174.2579
9.620000 95.177 -174.5587
9.750000 95.175 -174.8744
9.880000 95.171 -175.1797
10.000000 95.165 -175.4478
10.150000 95.151 -175.8087
10.300000 95.130 -176.1495
10.440000 95.109 -176.4526
10.600000 95.086 -176.7861
10.750000 95.066 -177.0923
10.900000 95.048 -177.3978
11.060000 95.030 -177.7557
11.200000 95.014 -178.1204
11.380000 94.994 -178.5934
11.500000 94.979 -178.9103
11.720000 94.945 -179.4891
11.800000 94.931 -179.6955
12.060000 94.879 179.6351
12.200000 94.847 179.2535
12.410000 94.800 178.7244
12.500000 94.782 178.5157
12.650000 94.755 178.1924
12.800000 94.731 177.8990
13.150000 94.684 177.2643
13.200000 94.679 177.1725
13.400000 94.659 176.8228
13.600000 94.643 176.4894
13.800000 94.629 176.1637
14.000000 94.616 175.8345
14.300000 94.598 175.2698
14.500000 94.584 174.8964
14.750000 94.563 174.4464
15.000000 94.540 174.0240
15.250000 94.516 173.5720
15.500000 94.492 173.1528
15.750000 94.468 172.7629
16.000000 94.447 172.3951
16.250000 94.429 172.0051
16.500000 94.411 171.6342
16.750000 94.394 171.2864
17.000000 94.377 170.9616
17.250000 94.361 170.6261
17.500000 94.349 170.3055
17.750000 94.340 169.9909
18.000000 94.333 169.6680
18.250000 94.327 169.2961
18.500000 94.319 168.9052
18.750000 94.307 168.5052
19.000000 94.289 168.1097
19.250000 94.265 167.7195
19.500000 94.236 167.3690
19.750000 94.206 167.0692
20.000000 94.179 166.8160
20.299999 94.154 166.5287
20.600000 94.137 166.2542
20.900000 94.128 165.9594
21.200001 94.121 165.6029
21.400000 94.114 165.3356
21.799999 94.092 164.7730
22.000000 94.075 164.4962
22.400000 94.032 163.9655
22.700001 93.996 163.6327
23.000000 93.962 163.3527
23.299999 93.932 163.0879
23.600000 93.908 162.8353
24.000000 93.881 162.4903
24.299999 93.862 162.1990
24.700001 93.836 161.8080
25.000000 93.815 161.5208
25.400000 93.789 161.1317
25.799999 93.765 160.7330
26.200001 93.740 160.2979
26.500000 93.718 159.9519
26.900000 93.682 159.5051
27.200001 93.652 159.1928
27.600000 93.612 158.8170
28.000000 93.576 158.4682
28.500000 93.535 158.0086
29.000000 93.487 157.5593
29.500000 93.434 157.1915
30.000000 93.396 156.9376
30.400000 93.385 156.7206
30.700001 93.385 156.4937
31.100000 93.385 156.0668
31.500000 93.368 155.5262
32.000000 93.313 154.8580
32.500000 93.233 154.3521
33.000000 93.155 154.0596
33.500000 93.097 153.8783
34.000000 93.062 153.6942
34.500000 93.040 153.4162
35.000000 93.022 153.0247
35.500000 92.995 152.5298
36.000000 92.953 152.0016
36.500000 92.899 151.5065
37.000000 92.843 151.0774
37.500000 92.791 150.6769
38.200001 92.717 150.1322
38.700001 92.663 149.7867
39.500000 92.588 149.3528
40.000000 92.554 149.0894
40.599998 92.516 148.7286
41.200001 92.476 148.3616
41.799999 92.437 148.0103
42.500000 92.394 147.5582
43.099998 92.348 147.1349
43.700001 92.291 146.7547
44.400002 92.225 146.4061
45.000000 92.179 146.1245
45.500000 92.144 145.8495
46.200001 92.090 145.4300
46.799999 92.039 145.0884
47.500000 91.982 144.7219
48.200001 91.929 144.3583
48.700001 91.891 144.0996
49.400002 91.837 143.7580
50.000000 91.794 143.4698
50.799999 91.734 143.0664
51.500000 91.676 142.7365
52.200001 91.623 142.4271
53.000000 91.564 142.0168
53.799999 91.498 141.5878
54.500000 91.444 141.2311
55.200001 91.394 140.8344
56.000000 91.332 140.3998
57.000000 91.281 139.9386
58.000000 91.234 139.1859
59.000000 91.116 138.6022
60.000000 91.025 138.5505
60.799999 90.990 138.4187
61.500000 90.949 138.1860
62.200001 90.895 137.9918
63.000000 90.838 137.8347
64.000000 90.779 137.4846
65.000000 90.692 137.0289
66.000000 90.599 136.7734
67.000000 90.546 136.5240
68.000000 90.493 136.0720
69.000000 90.421 135.6609
70.000000 90.350 135.3293
71.000000 90.275 135.0355
72.000000 90.205 134.8087
73.000000 90.143 134.5589
74.000000 90.082 134.2723
75.000000 90.026 133.9729
76.199997 89.961 133.5411
77.500000 89.882 133.0916
78.800003 89.796 132.7185
80.000000 89.721 132.4514
81.199997 89.650 132.1365
82.500000 89.558 131.7683
83.800003 89.472 131.4931
85.000000 89.408 131.1888
86.199997 89.346 130.8157
87.500000 89.272 130.4547
88.500000 89.219 130.2318
90.000000 89.136 129.9101
91.199997 89.067 129.7195
92.500000 88.997 129.5251
93.800003 88.930 129.2781
95.000000 88.865 129.0082
96.199997 88.800 128.7269
97.500000 88.732 128.4119
98.800003 88.663 128.1088
100.000000 88.604 127.8735
101.500000 88.544 127.6118
103.000000 88.472 127.2702
104.400002 88.394 127.1242
106.000000 88.326 126.9797
107.500000 88.263 126.6865
109.000000 88.185 126.3784
110.599998 88.107 126.1577
112.000000 88.051 125.9386
113.800003 87.973 125.5938
115.000000 87.916 125.3921
117.199997 87.816 125.0192
118.000000 87.779 124.8803
120.599998 87.670 124.5537
122.000000 87.620 124.4013
124.099998 87.544 124.1042
125.000000 87.510 123.9545
126.500000 87.455 123.6873
128.000000 87.406 123.4131
131.500000 87.309 122.9691
132.000000 87.294 122.9305
134.000000 87.224 122.8335
136.000000 87.147 122.7101
138.000000 87.059 122.4761
140.000000 86.997 122.2902
143.000000 86.911 121.6481
145.000000 86.824 121.4609
147.500000 86.724 121.3154
150.000000 86.618 121.0829
152.500000 86.543 120.7673
155.000000 86.501 120.2354
157.500000 86.461 119.9109
160.000000 86.419 119.8118
162.500000 86.350 119.6385
165.000000 86.269 119.4362
167.500000 86.201 119.1793
170.000000 86.136 119.0116
172.500000 86.066 118.7965
175.000000 85.988 118.6462
177.500000 85.915 118.4388
180.000000 85.843 118.1609
182.500000 85.764 117.8390
185.000000 85.690 117.5844
187.500000 85.600 117.1303
190.000000 85.505 117.0878
192.500000 85.495 117.2832
195.000000 85.516 117.1434
197.500000 85.483 116.7825
200.000000 85.404 116.4799
203.000000 85.337 116.3695
206.000000 85.252 115.9277
209.000000 85.159 116.0186
212.000000 85.102 115.4886
214.000000 85.064 115.4156
218.000000 85.054 115.4688
220.000000 85.025 115.3329
224.000000 84.955 114.8825
227.000000 84.924 114.4774
230.000000 84.889 114.2019
233.000000 84.852 114.0006
236.000000 84.816 113.7989
240.000000 84.766 113.5706
243.000000 84.730 113.3297
247.000000 84.680 113.0629
250.000000 84.645 112.9218
254.000000 84.601 112.6779
258.000000 84.559 112.3383
262.000000 84.526 111.9549
265.000000 84.504 111.7164
269.000000 84.462 111.4886
272.000000 84.425 111.3110
276.000000 84.383 111.0404
280.000000 84.349 110.7020
285.000000 84.308 110.2896
290.000000 84.265 109.9432
295.000000 84.219 109.6008
300.000000 84.187 109.3174
304.000000 84.167 109.1110
307.000000 84.149 108.9358
311.000000 84.125 108.6769
315.000000 84.100 108.4194
320.000000 84.068 108.1613
325.000000 84.039 107.8017
330.000000 84.012 107.3657
335.000000 83.987 107.0390
340.000000 83.972 106.7676
345.000000 83.951 106.4633
350.000000 83.924 106.1556
355.000000 83.901 105.8724
360.000000 83.888 105.4750
365.000000 83.878 105.0452
370.000000 83.858 104.6878
375.000000 83.833 104.3825
382.000000 83.808 103.8824
387.000000 83.795 103.4807
395.000000 83.680 103.0254
400.000000 83.584 102.8702
406.000000 83.679 102.1486
412.000000 83.822 101.7591
418.000000 83.772 101.5578
425.000000 83.748 100.6890
431.000000 83.755 100.2641
437.000000 83.737 100.2998
444.000000 83.707 100.2254
450.000000 83.722 99.8020
455.000000 83.722 99.3251
462.000000 83.699 98.9780
468.000000 83.672 98.7371
475.000000 83.650 98.3426
482.000000 83.637 97.9531
487.000000 83.630 97.6420
494.000000 83.621 97.2147
500.000000 83.609 96.9008
508.000000 83.599 96.4550
515.000000 83.584 96.0677
522.000000 83.562 95.8781
530.000000 83.537 95.6731
538.000000 83.520 95.1777
545.000000 83.507 94.8063
552.000000 83.474 94.6833
560.000000 83.473 95.0641
570.000000 83.490 94.3232
580.000000 83.452 93.7938
590.000000 83.435 93.4877
600.000000 83.415 93.2966
608.000000 83.367 93.5902
615.000000 83.388 93.8473
622.000000 83.430 93.6444
630.000000 83.450 93.1882
640.000000 83.471 92.8615
650.000000 83.488 92.7767
660.000000 83.485 92.8810
670.000000 83.525 92.8641
680.000000 83.564 92.9586
690.000000 83.597 92.8912
700.000000 83.646 92.7991
710.000000 83.702 92.7356
720.000000 83.755 92.6165
730.000000 83.803 92.5192
740.000000 83.852 92.4403
750.000000 83.902 92.3373
762.000000 83.958 92.1594
775.000000 84.023 91.9646
788.000000 84.085 91.8014
800.000000 84.140 91.6717
812.000000 84.195 91.5674
825.000000 84.255 91.4716
838.000000 84.317 91.3817
850.000000 84.377 91.3200
862.000000 84.439 91.2645
875.000000 84.513 91.2288
885.000000 84.573 91.2079
900.000000 84.661 91.1529
912.000000 84.734 91.1233
925.000000 84.819 91.0842
938.000000 84.909 91.0277
950.000000 84.997 90.9779
962.000000 85.086 90.9174
975.000000 85.185 90.8396
988.000000 85.287 90.7477
1000.000000 85.383 90.6428
1015.000000 85.506 90.5032
1030.000000 85.630 90.3054
1044.000000 85.748 90.0863
1060.000000 85.885 89.8101
1075.000000 86.012 89.5173
1090.000000 86.139 89.2019
1106.000000 86.272 88.8037
1120.000000 86.384 88.4382
1138.000000 86.524 87.9421
1150.000000 86.616 87.5808
1172.000000 86.779 86.9072
1180.000000 86.835 86.6482
1206.000000 87.009 85.7943
1220.000000 87.098 85.3140
1241.000000 87.226 84.5936
1250.000000 87.279 84.2834
1265.000000 87.366 83.7642
1280.000000 87.449 83.2469
1315.000000 87.626 82.0697
1320.000000 87.649 81.9066
1340.000000 87.740 81.2597
1360.000000 87.828 80.6222
1380.000000 87.914 80.0051
1400.000000 87.994 79.4057
1430.000000 88.107 78.5636
1450.000000 88.180 78.0142
1475.000000 88.269 77.3507
1500.000000 88.353 76.7343
1525.000000 88.435 76.1407
1550.000000 88.517 75.5651
1575.000000 88.597 75.0258
1600.000000 88.675 74.5009
1625.000000 88.753 73.9855
1650.000000 88.831 73.4808
1675.000000 88.908 72.9933
1700.000000 88.987 72.5161
1725.000000 89.066 72.0390
1750.000000 89.144 71.5769
1775.000000 89.225 71.0915
1800.000000 89.305 70.6160
1825.000000 89.387 70.1354
1850.000000 89.470 69.6453
1875.000000 89.551 69.1539
1900.000000 89.630 68.6416
1925.000000 89.708 68.1191
1950.000000 89.787 67.5963
1975.000000 89.865 67.0566
2000.000000 89.942 66.4927
2030.000000 90.033 65.8203
2060.000000 90.124 65.1088
2090.000000 90.213 64.3892
2120.000000 90.299 63.6500
2140.000000 90.355 63.1377
2180.000000 90.461 62.0650
2200.000000 90.509 61.5195
2240.000000 90.595 60.4166
2270.000000 90.650 59.5873
2300.000000 90.700 58.7865
2330.000000 90.746 57.9781
2360.000000 90.789 57.1902
2400.000000 90.836 56.1711
2430.000000 90.864 55.4241
2470.000000 90.891 54.4824
2500.000000 90.913 53.8887
2540.000000 90.962 53.2102
2580.000000 91.043 52.5325
2620.000000 91.151 51.7383
2650.000000 91.242 50.9768
2690.000000 91.353 49.7311
2720.000000 91.417 48.6786
2760.000000 91.473 47.2119
2800.000000 91.500 45.7219
2850.000000 91.498 43.9237
2900.000000 91.472 42.2484
2950.000000 91.429 40.6888
3000.000000 91.374 39.2659
3040.000000 91.325 38.2244
3070.000000 91.286 37.4805
3110.000000 91.234 36.5706
3150.000000 91.182 35.7197
3200.000000 91.116 34.7487
3250.000000 91.056 33.8112
3300.000000 91.006 32.8773
3350.000000 90.965 31.9179
3400.000000 90.930 30.9341
3450.000000 90.900 29.9183
3500.000000 90.873 28.8562
3550.000000 90.848 27.7419
3600.000000 90.823 26.5785
3650.000000 90.796 25.3671
3700.000000 90.768 24.1045
3750.000000 90.738 22.7726
3820.000000 90.691 20.7694
3870.000000 90.648 19.2377
3950.000000 90.552 16.6890
4000.000000 90.475 15.0424
4060.000000 90.368 13.0604
4120.000000 90.245 11.0912
4180.000000 90.111 9.1536
4250.000000 89.948 6.8983
4310.000000 89.797 4.8632
4370.000000 89.619 2.7360
4440.000000 89.368 0.3126
4500.000000 89.122 -1.6068
4550.000000 88.903 -3.0849
4620.000000 88.580 -4.9966
4680.000000 88.292 -6.4703
4750.000000 87.953 -7.9846
4820.000000 87.612 -9.3106
4870.000000 87.369 -10.1375
4940.000000 87.034 -11.1183
5000.000000 86.749 -11.8171
5080.000000 86.371 -12.5789
5150.000000 86.051 -13.1062
5220.000000 85.750 -13.5156
5300.000000 85.432 -13.8671
5380.000000 85.149 -14.1008
5450.000000 84.930 -14.2415
5520.000000 84.739 -14.3490
5600.000000 84.556 -14.4484
5700.000000 84.380 -14.5773
5800.000000 84.261 -14.7659
5900.000000 84.194 -15.0406
6000.000000 84.175 -15.4335
6080.000000 84.191 -15.8567
6150.000000 84.224 -16.2865
6220.000000 84.275 -16.8124
6300.000000 84.361 -17.4937
6400.000000 84.511 -18.4568
6500.000000 84.693 -19.5736
6600.000000 84.892 -20.7988
6700.000000 85.100 -22.1481
6800.000000 85.315 -23.6144
6900.000000 85.531 -25.1390
7000.000000 85.745 -26.7527
7100.000000 85.956 -28.3866
7200.000000 86.170 -30.0515
7300.000000 86.388 -31.7659
7400.000000 86.610 -33.5439
7500.000000 86.837 -35.4700
7620.000000 87.108 -38.0682
7750.000000 87.371 -41.4066
7880.000000 87.554 -45.4038
8000.000000 87.582 -49.6345
8120.000000 87.402 -54.2136
8250.000000 86.931 -59.0703
8380.000000 86.169 -62.9896
8500.000000 85.257 -65.0801
8620.000000 84.235 -65.1429
8750.000000 83.142 -62.7473
8850.000000 82.406 -59.2886
9000.000000 81.613 -52.2360
9120.000000 81.309 -45.9359
9250.000000 81.292 -39.5264
9380.000000 81.502 -34.3086
9500.000000 81.790 -30.8092
9620.000000 82.075 -28.4861
9750.000000 82.313 -26.8827
9880.000000 82.454 -25.7866
10000.000000 82.508 -24.8724
10150.000000 82.503 -23.5833
10300.000000 82.438 -21.9196
10440.000000 82.349 -19.8981
10600.000000 82.247 -17.0580
10750.000000 82.178 -13.9454
10900.000000 82.153 -10.4651
11060.000000 82.188 -6.4886
11200.000000 82.275 -2.8865
11380.000000 82.466 1.8511
11500.000000 82.646 5.0255
11720.000000 83.092 10.7504
11800.000000 83.295 12.7535
12060.000000 84.097 18.6115
12200.000000 84.600 21.1030
12410.000000 85.382 23.8060
12500.000000 85.712 24.6097
12650.000000 86.249 25.5802
12800.000000 86.772 26.0380
13150.000000 87.831 24.6283
13200.000000 87.950 24.1827
13400.000000 88.312 22.0145
13600.000000 88.476 19.5953
13800.000000 88.476 17.6382
14000.000000 88.461 16.5375
14300.000000 88.683 14.1404
14500.000000 88.844 10.3369
14750.000000 88.729 2.8826
15000.000000 87.966 -6.1287
15250.000000 86.455 -13.8785
15500.000000 84.409 -17.9023
15750.000000 82.194 -17.3665
16000.000000 80.175 -13.0919
16250.000000 78.552 -6.5130
16500.000000 77.301 1.8541
16750.000000 76.454 11.4614
17000.000000 75.977 20.7885
17250.000000 75.689 29.5333
17500.000000 75.539 38.5948
17750.000000 75.644 48.3929
18000.000000 76.101 57.9573
18250.000000 76.848 66.2739
18500.000000 77.890 73.4557
18750.000000 79.392 78.4250
19000.000000 81.160 77.7210
19250.000000 82.542 69.9223
19500.000000 83.038 57.2800
19750.000000 82.586 43.4509
