* Measurement data measured by REW V5.31.3
* Source: Headset (Odo By VECLAN.COM), MICROPHONE (Master Volume), L, volume: 0.250
* Format: 1M Log Swept Sine, 1 sweep at -12.0 dBFS with no timing reference
* Dated: 02 23, 25 5:36:05 PM
* REW Settings:
*  C-weighting compensation: Off
*  Target level: 75.0 dB
* Note: ; 
* Measurement: cklvx R
* Smoothing: 1/24 octave
* Frequency Step: 1/48 octave
* Start Frequency: 1.000 Hz
*
* Freq(Hz) SPL(dB) Phase(degrees)
1.000000 83.519 -109.0867
1.015000 83.825 -109.7436
1.030000 84.128 -110.3783
1.044000 84.411 -110.9447
1.060000 84.734 -111.5620
1.075000 85.035 -112.1134
1.090000 85.334 -112.6405
1.106000 85.651 -113.1781
1.120000 85.925 -113.6294
1.138000 86.273 -114.1859
1.150000 86.502 -114.5434
1.172000 86.912 -115.1752
1.180000 87.059 -115.3989
1.206000 87.523 -116.1033
1.220000 87.764 -116.4700
1.241000 88.113 -117.0063
1.250000 88.258 -117.2319
1.265000 88.492 -117.6030
1.280000 88.717 -117.9689
1.315000 89.201 -118.8086
1.320000 89.266 -118.9273
1.340000 89.510 -119.3989
1.360000 89.732 -119.8581
1.380000 89.931 -120.2820
1.400000 90.108 -120.6761
1.430000 90.337 -121.2271
1.450000 90.468 -121.5731
1.475000 90.610 -121.9878
1.500000 90.733 -122.3886
1.525000 90.840 -122.7810
1.550000 90.936 -123.1698
1.575000 91.023 -123.5547
1.600000 91.107 -123.9351
1.625000 91.190 -124.3240
1.650000 91.277 -124.7244
1.675000 91.370 -125.1374
1.700000 91.467 -125.5570
1.725000 91.559 -125.9716
1.750000 91.644 -126.3767
1.775000 91.723 -126.7761
1.800000 91.796 -127.1742
1.825000 91.865 -127.5632
1.850000 91.930 -127.9442
1.875000 91.992 -128.3183
1.900000 92.051 -128.6869
1.925000 92.110 -129.0511
1.950000 92.168 -129.4124
1.975000 92.227 -129.7764
2.000000 92.286 -130.1472
2.030000 92.359 -130.5928
2.060000 92.432 -131.0363
2.090000 92.503 -131.4744
2.120000 92.572 -131.9052
2.140000 92.618 -132.1877
2.180000 92.707 -132.7480
2.200000 92.750 -133.0290
2.240000 92.836 -133.5791
2.270000 92.898 -133.9823
2.300000 92.960 -134.3783
2.330000 93.021 -134.7685
2.360000 93.080 -135.1543
2.400000 93.159 -135.6902
2.430000 93.216 -136.0929
2.470000 93.291 -136.6237
2.500000 93.346 -137.0152
2.540000 93.417 -137.5254
2.580000 93.486 -138.0330
2.620000 93.552 -138.5487
2.650000 93.600 -138.9242
2.690000 93.663 -139.4122
2.720000 93.707 -139.7730
2.760000 93.765 -140.2532
2.800000 93.820 -140.7545
2.850000 93.885 -141.3759
2.900000 93.946 -141.9768
2.950000 94.005 -142.5508
3.000000 94.061 -143.1224
3.040000 94.104 -143.5699
3.070000 94.135 -143.8999
3.110000 94.175 -144.3358
3.150000 94.212 -144.7647
3.200000 94.256 -145.3116
3.250000 94.299 -145.8479
3.300000 94.339 -146.3581
3.350000 94.379 -146.8394
3.400000 94.417 -147.3216
3.450000 94.454 -147.8019
3.500000 94.490 -148.2701
3.550000 94.524 -148.7215
3.600000 94.557 -149.1780
3.650000 94.589 -149.6213
3.700000 94.619 -150.0394
3.750000 94.648 -150.4375
3.820000 94.687 -151.0118
3.870000 94.713 -151.4129
3.950000 94.752 -152.0193
4.000000 94.777 -152.3950
4.060000 94.805 -152.8341
4.120000 94.832 -153.2520
4.180000 94.859 -153.6613
4.250000 94.889 -154.1500
4.310000 94.914 -154.5464
4.370000 94.939 -154.9229
4.440000 94.969 -155.3819
4.500000 94.994 -155.7582
4.550000 95.015 -156.0593
4.620000 95.043 -156.4969
4.680000 95.067 -156.8618
4.750000 95.094 -157.2679
4.820000 95.121 -157.6892
4.870000 95.139 -157.9862
4.940000 95.165 -158.3877
5.000000 95.186 -158.7340
5.080000 95.213 -159.1946
5.150000 95.235 -159.5834
5.220000 95.257 -159.9857
5.300000 95.281 -160.4349
5.380000 95.304 -160.8687
5.450000 95.323 -161.2592
5.520000 95.341 -161.6381
5.600000 95.360 -162.0701
5.700000 95.382 -162.6057
5.800000 95.402 -163.1199
5.900000 95.419 -163.6351
6.000000 95.433 -164.1294
6.080000 95.444 -164.5184
6.150000 95.452 -164.8411
6.220000 95.460 -165.1667
6.300000 95.468 -165.5259
6.400000 95.477 -165.9546
6.500000 95.486 -166.3717
6.600000 95.495 -166.7678
6.700000 95.504 -167.1555
6.800000 95.514 -167.5240
6.900000 95.524 -167.8869
7.000000 95.535 -168.2358
7.100000 95.547 -168.5852
7.200000 95.560 -168.9244
7.300000 95.573 -169.2661
7.400000 95.587 -169.6034
7.500000 95.601 -169.9474
7.620000 95.618 -170.3603
7.750000 95.636 -170.8112
7.880000 95.652 -171.2750
8.000000 95.666 -171.6994
8.120000 95.678 -172.1221
8.250000 95.688 -172.5781
8.380000 95.695 -173.0215
8.500000 95.700 -173.4277
8.620000 95.705 -173.8208
8.750000 95.708 -174.2326
8.850000 95.709 -174.5405
9.000000 95.711 -174.9815
9.120000 95.713 -175.3248
9.250000 95.715 -175.6842
9.380000 95.719 -176.0336
9.500000 95.724 -176.3597
9.620000 95.728 -176.6848
9.750000 95.731 -177.0424
9.880000 95.732 -177.4091
10.000000 95.729 -177.7489
10.150000 95.715 -178.2153
10.300000 95.688 -178.6751
10.440000 95.657 -179.0871
10.600000 95.616 -179.5321
10.750000 95.574 -179.9149
10.900000 95.529 179.7449
11.060000 95.480 179.4024
11.200000 95.438 179.1030
11.380000 95.388 178.7797
11.500000 95.358 178.5965
11.720000 95.310 178.3119
11.800000 95.296 178.2164
12.060000 95.263 177.8831
12.200000 95.253 177.6370
12.410000 95.245 177.2254
12.500000 95.245 177.0291
12.650000 95.247 176.6759
12.800000 95.248 176.2969
13.150000 95.231 175.3087
13.200000 95.226 175.1593
13.400000 95.197 174.5859
13.600000 95.157 174.0776
13.800000 95.110 173.6528
14.000000 95.062 173.3166
14.300000 94.998 172.8913
14.500000 94.966 172.6743
14.750000 94.938 172.4329
15.000000 94.920 172.1791
15.250000 94.906 171.8299
15.500000 94.889 171.4545
15.750000 94.866 171.0836
16.000000 94.837 170.7531
16.250000 94.807 170.4471
16.500000 94.783 170.2107
16.750000 94.767 170.0245
17.000000 94.762 169.8467
17.250000 94.766 169.6060
17.500000 94.775 169.3082
17.750000 94.780 168.9524
18.000000 94.777 168.5569
18.250000 94.763 168.1240
18.500000 94.740 167.7207
18.750000 94.711 167.3745
19.000000 94.682 167.0886
19.250000 94.656 166.8317
19.500000 94.636 166.5954
19.750000 94.623 166.3528
20.000000 94.612 166.0819
20.299999 94.597 165.6881
20.600000 94.574 165.2705
20.900000 94.541 164.8731
21.200001 94.502 164.5150
21.400000 94.475 164.3137
21.799999 94.430 164.0030
22.000000 94.415 163.8717
22.400000 94.401 163.5564
22.700001 94.398 163.2543
23.000000 94.394 162.8818
23.299999 94.381 162.4398
23.600000 94.355 161.9917
24.000000 94.305 161.4666
24.299999 94.262 161.1442
24.700001 94.210 160.8358
25.000000 94.180 160.6589
25.400000 94.152 160.4174
25.799999 94.131 160.1463
26.200001 94.108 159.8446
26.500000 94.090 159.6171
26.900000 94.067 159.3323
27.200001 94.055 159.1075
27.600000 94.041 158.7545
28.000000 94.023 158.3167
28.500000 93.978 157.6829
29.000000 93.905 157.1180
29.500000 93.822 156.7185
30.000000 93.756 156.4569
30.400000 93.723 156.2406
30.700001 93.707 156.0363
31.100000 93.689 155.6821
31.500000 93.670 155.2344
32.000000 93.636 154.5995
32.500000 93.586 153.9329
33.000000 93.518 153.3326
33.500000 93.441 152.8813
34.000000 93.372 152.6262
34.500000 93.330 152.4865
35.000000 93.320 152.3226
35.500000 93.323 152.0088
36.000000 93.315 151.5613
36.500000 93.285 151.0868
37.000000 93.240 150.6921
37.500000 93.194 150.3673
38.200001 93.131 149.9110
38.700001 93.075 149.5681
39.500000 92.973 149.1369
40.000000 92.918 148.9331
40.599998 92.867 148.6389
41.200001 92.818 148.2559
41.799999 92.766 147.8314
42.500000 92.706 147.3093
43.099998 92.651 146.8533
43.700001 92.592 146.4518
44.400002 92.528 146.0921
45.000000 92.484 145.8218
45.500000 92.448 145.5928
46.200001 92.396 145.3263
46.799999 92.356 145.1537
47.500000 92.319 144.9131
48.200001 92.274 144.5869
48.700001 92.233 144.3531
49.400002 92.174 144.0626
50.000000 92.129 143.7784
50.799999 92.059 143.2800
51.500000 91.976 142.8710
52.200001 91.895 142.6256
53.000000 91.836 142.4022
53.799999 91.795 142.0005
54.500000 91.745 141.5618
55.200001 91.682 141.1828
56.000000 91.610 140.8336
57.000000 91.521 140.4891
58.000000 91.446 140.2188
59.000000 91.372 139.8342
60.000000 91.281 139.5298
60.799999 91.223 139.3840
61.500000 91.187 139.2060
62.200001 91.154 138.9687
63.000000 91.117 138.6565
64.000000 91.066 138.1821
65.000000 90.998 137.7250
66.000000 90.925 137.3214
67.000000 90.843 136.9387
68.000000 90.750 136.6653
69.000000 90.671 136.5033
70.000000 90.607 136.2866
71.000000 90.541 136.0016
72.000000 90.473 135.7298
73.000000 90.409 135.4556
74.000000 90.341 135.1682
75.000000 90.274 134.9308
76.199997 90.198 134.5871
77.500000 90.101 134.2838
78.800003 90.029 134.0289
80.000000 89.956 133.6096
81.199997 89.861 133.3227
82.500000 89.776 133.1746
83.800003 89.708 132.9441
85.000000 89.635 132.6512
86.199997 89.553 132.3825
87.500000 89.468 132.1339
88.500000 89.411 131.9551
90.000000 89.340 131.6432
91.199997 89.284 131.3633
92.500000 89.218 131.1184
93.800003 89.150 130.9401
95.000000 89.085 130.7897
96.199997 89.017 130.6328
97.500000 88.941 130.4021
98.800003 88.861 130.1677
100.000000 88.800 129.9701
101.500000 88.728 129.6408
103.000000 88.643 129.4237
104.400002 88.576 129.3429
106.000000 88.504 129.1771
107.500000 88.430 128.9701
109.000000 88.352 128.7981
110.599998 88.283 128.6767
112.000000 88.230 128.5104
113.800003 88.147 128.2547
115.000000 88.083 128.1294
117.199997 87.979 127.9344
118.000000 87.947 127.8314
120.599998 87.844 127.5032
122.000000 87.794 127.3737
124.099998 87.725 127.1681
125.000000 87.694 127.0480
126.500000 87.637 126.8303
128.000000 87.575 126.6473
131.500000 87.442 126.3454
132.000000 87.425 126.3136
134.000000 87.365 126.1777
136.000000 87.309 126.0109
138.000000 87.249 125.8974
140.000000 87.184 125.8004
143.000000 87.064 125.5302
145.000000 86.997 125.3549
147.500000 86.938 125.1240
150.000000 86.880 125.0379
152.500000 86.808 124.8601
155.000000 86.716 124.6367
157.500000 86.639 124.4694
160.000000 86.566 124.4357
162.500000 86.496 124.4120
165.000000 86.426 124.1530
167.500000 86.352 123.8948
170.000000 86.282 123.7802
172.500000 86.203 123.6611
175.000000 86.121 123.5695
177.500000 86.051 123.4561
180.000000 85.985 123.3117
182.500000 85.912 123.1204
185.000000 85.836 123.0174
187.500000 85.765 122.9578
190.000000 85.706 122.9394
192.500000 85.654 122.7635
195.000000 85.585 122.5207
197.500000 85.522 122.5117
200.000000 85.473 122.4701
203.000000 85.412 122.3317
206.000000 85.361 122.1857
209.000000 85.324 122.0471
212.000000 85.286 121.9197
214.000000 85.261 121.8184
218.000000 85.200 121.6065
220.000000 85.157 121.5610
224.000000 85.077 121.4916
227.000000 85.040 121.3471
230.000000 85.014 121.2643
233.000000 84.995 121.2543
236.000000 84.963 121.1956
240.000000 84.891 121.0565
243.000000 84.845 120.8922
247.000000 84.804 120.6860
250.000000 84.768 120.6064
254.000000 84.716 120.5217
258.000000 84.673 120.3941
262.000000 84.636 120.2554
265.000000 84.610 120.1369
269.000000 84.562 120.0158
272.000000 84.523 119.9108
276.000000 84.476 119.8653
280.000000 84.443 119.9453
285.000000 84.406 119.7718
290.000000 84.364 119.4949
295.000000 84.330 119.3039
300.000000 84.300 119.0746
304.000000 84.271 118.8844
307.000000 84.256 118.7592
311.000000 84.239 118.7385
315.000000 84.218 118.6790
320.000000 84.187 118.4807
325.000000 84.149 118.2618
330.000000 84.114 118.0709
335.000000 84.093 117.8746
340.000000 84.073 117.7964
345.000000 84.059 117.7165
350.000000 84.042 117.5302
355.000000 84.029 117.2921
360.000000 84.025 117.1781
365.000000 84.011 117.1182
370.000000 83.999 117.0230
375.000000 83.964 116.5622
382.000000 83.899 116.3145
387.000000 83.879 116.3800
395.000000 83.903 116.0372
400.000000 83.916 116.1913
406.000000 83.892 116.0785
412.000000 83.872 115.7071
418.000000 83.860 115.8700
425.000000 83.857 115.8634
431.000000 83.850 115.2769
437.000000 83.829 114.9330
444.000000 83.780 115.0466
450.000000 83.762 114.9569
455.000000 83.767 114.8274
462.000000 83.759 114.7008
468.000000 83.749 114.6335
475.000000 83.737 114.6205
482.000000 83.727 114.4717
487.000000 83.724 114.3365
494.000000 83.720 114.1931
500.000000 83.712 114.1231
508.000000 83.702 114.0370
515.000000 83.693 114.0091
522.000000 83.678 113.9700
530.000000 83.627 113.8036
538.000000 83.606 113.6830
545.000000 83.625 113.8303
552.000000 83.632 113.9591
560.000000 83.634 114.0402
570.000000 83.618 114.1676
580.000000 83.605 114.2743
590.000000 83.591 114.5057
600.000000 83.588 114.6662
608.000000 83.598 114.8460
615.000000 83.614 114.9794
622.000000 83.626 115.1507
630.000000 83.639 115.3797
640.000000 83.659 115.6263
650.000000 83.687 115.8923
660.000000 83.724 116.2022
670.000000 83.762 116.4796
680.000000 83.795 116.7347
690.000000 83.835 116.9211
700.000000 83.881 117.0862
710.000000 83.923 117.3087
720.000000 83.964 117.5732
730.000000 84.003 117.7730
740.000000 84.034 117.9793
750.000000 84.071 118.2034
762.000000 84.117 118.4824
775.000000 84.166 118.8232
788.000000 84.217 119.1644
800.000000 84.265 119.4868
812.000000 84.311 119.8535
825.000000 84.363 120.2567
838.000000 84.419 120.6792
850.000000 84.475 121.0811
862.000000 84.533 121.4861
875.000000 84.598 121.9461
885.000000 84.650 122.3137
900.000000 84.736 122.8578
912.000000 84.806 123.2914
925.000000 84.886 123.7623
938.000000 84.969 124.2413
950.000000 85.051 124.6628
962.000000 85.136 125.0722
975.000000 85.231 125.5113
988.000000 85.329 125.9309
1000.000000 85.421 126.2928
1015.000000 85.540 126.7254
1030.000000 85.661 127.1266
1044.000000 85.775 127.4691
1060.000000 85.906 127.8131
1075.000000 86.029 128.1169
1090.000000 86.150 128.3967
1106.000000 86.277 128.6350
1120.000000 86.386 128.8225
1138.000000 86.523 129.0298
1150.000000 86.611 129.1464
1172.000000 86.769 129.3473
1180.000000 86.824 129.4082
1206.000000 86.994 129.5931
1220.000000 87.082 129.6732
1241.000000 87.207 129.7929
1250.000000 87.258 129.8423
1265.000000 87.341 129.9221
1280.000000 87.422 130.0145
1315.000000 87.596 130.2347
1320.000000 87.620 130.2712
1340.000000 87.712 130.4236
1360.000000 87.799 130.5878
1380.000000 87.883 130.7720
1400.000000 87.963 130.9777
1430.000000 88.076 131.3392
1450.000000 88.150 131.5958
1475.000000 88.240 131.9445
1500.000000 88.328 132.3234
1525.000000 88.414 132.7327
1550.000000 88.500 133.1553
1575.000000 88.583 133.6101
1600.000000 88.666 134.0808
1625.000000 88.748 134.5728
1650.000000 88.833 135.0672
1675.000000 88.917 135.5820
1700.000000 89.002 136.1052
1725.000000 89.088 136.6172
1750.000000 89.174 137.1471
1775.000000 89.263 137.6545
1800.000000 89.353 138.1693
1825.000000 89.442 138.6769
1850.000000 89.532 139.1707
1875.000000 89.623 139.6597
1900.000000 89.713 140.1284
1925.000000 89.805 140.5762
1950.000000 89.896 141.0172
1975.000000 89.986 141.4438
2000.000000 90.077 141.8361
2030.000000 90.186 142.3047
2060.000000 90.292 142.7532
2090.000000 90.395 143.1661
2120.000000 90.496 143.5533
2140.000000 90.561 143.7977
2180.000000 90.686 144.2642
2200.000000 90.747 144.4844
2240.000000 90.868 144.8647
2270.000000 90.952 145.0936
2300.000000 91.025 145.2951
2330.000000 91.086 145.4513
2360.000000 91.134 145.6240
2400.000000 91.178 145.9070
2430.000000 91.201 146.1992
2470.000000 91.230 146.6936
2500.000000 91.256 147.1671
2540.000000 91.316 147.8954
2580.000000 91.401 148.5938
2620.000000 91.507 149.1333
2650.000000 91.587 149.3752
2690.000000 91.681 149.5078
2720.000000 91.732 149.5050
2760.000000 91.774 149.4724
2800.000000 91.787 149.4564
2850.000000 91.775 149.5182
2900.000000 91.736 149.7076
2950.000000 91.679 150.0205
3000.000000 91.609 150.4806
3040.000000 91.548 150.9666
3070.000000 91.503 151.3840
3110.000000 91.444 152.0391
3150.000000 91.388 152.7578
3200.000000 91.325 153.7292
3250.000000 91.269 154.6913
3300.000000 91.222 155.6615
3350.000000 91.183 156.6079
3400.000000 91.150 157.5325
3450.000000 91.123 158.4317
3500.000000 91.101 159.2773
3550.000000 91.084 160.0641
3600.000000 91.069 160.7736
3650.000000 91.053 161.4088
3700.000000 91.034 161.9582
3750.000000 91.009 162.4271
3820.000000 90.959 162.9452
3870.000000 90.910 163.2180
3950.000000 90.798 163.5575
4000.000000 90.709 163.7256
4060.000000 90.583 163.9575
4120.000000 90.437 164.2494
4180.000000 90.275 164.6352
4250.000000 90.076 165.2164
4310.000000 89.904 165.7856
4370.000000 89.732 166.3743
4440.000000 89.526 167.0509
4500.000000 89.341 167.6168
4550.000000 89.176 168.0799
4620.000000 88.927 168.7590
4680.000000 88.696 169.4190
4750.000000 88.410 170.3108
4820.000000 88.112 171.3740
4870.000000 87.896 172.2547
4940.000000 87.593 173.6494
5000.000000 87.332 174.9882
5080.000000 86.984 176.9672
5150.000000 86.694 178.8309
5220.000000 86.424 -179.2160
5300.000000 86.144 -176.8953
5380.000000 85.896 -174.5213
5450.000000 85.705 -172.4158
5520.000000 85.541 -170.3012
5600.000000 85.384 -167.9029
5700.000000 85.233 -164.9792
5800.000000 85.127 -162.1739
5900.000000 85.064 -159.5236
6000.000000 85.035 -157.0666
6080.000000 85.029 -155.2739
6150.000000 85.032 -153.7983
6220.000000 85.040 -152.4430
6300.000000 85.058 -151.0007
6400.000000 85.092 -149.3133
6500.000000 85.118 -147.7168
6600.000000 85.122 -146.1122
6700.000000 85.100 -144.4187
6800.000000 85.053 -142.5424
6900.000000 84.992 -140.3811
7000.000000 84.928 -137.9274
7100.000000 84.880 -135.1511
7200.000000 84.858 -132.1609
7300.000000 84.860 -129.0208
7400.000000 84.890 -125.7488
7500.000000 84.949 -122.4317
7620.000000 85.059 -118.5016
7750.000000 85.207 -114.5517
7880.000000 85.343 -111.1577
8000.000000 85.382 -108.5677
8120.000000 85.258 -106.3461
8250.000000 84.894 -103.7962
8380.000000 84.305 -100.1177
8500.000000 83.645 -94.9359
8620.000000 83.022 -87.6516
8750.000000 82.565 -77.8787
8850.000000 82.435 -69.7697
9000.000000 82.588 -58.1209
9120.000000 82.913 -50.0442
9250.000000 83.340 -42.8307
9380.000000 83.734 -37.0636
9500.000000 84.004 -32.6783
9620.000000 84.150 -28.8065
9750.000000 84.162 -24.7211
9880.000000 84.045 -20.3822
10000.000000 83.860 -15.8955
10150.000000 83.581 -9.5147
10300.000000 83.292 -2.2530
10440.000000 83.040 5.2432
10600.000000 82.802 14.4803
10750.000000 82.643 23.6211
10900.000000 82.556 33.0888
11060.000000 82.544 43.3919
11200.000000 82.603 52.4455
11380.000000 82.758 63.9347
11500.000000 82.887 71.4018
11720.000000 83.107 85.1960
11800.000000 83.201 90.5751
12060.000000 83.827 108.8864
12200.000000 84.349 117.9263
12410.000000 85.196 130.2651
12500.000000 85.587 135.3087
12650.000000 86.297 143.1660
12800.000000 87.041 149.8887
13150.000000 88.580 161.3944
13200.000000 88.761 162.6663
13400.000000 89.353 167.1139
13600.000000 89.724 170.8909
13800.000000 89.871 174.6158
14000.000000 89.873 178.9566
14300.000000 89.922 -174.1049
14500.000000 90.010 -171.0579
14750.000000 89.857 -170.6256
15000.000000 88.979 -172.3002
15250.000000 87.261 -172.4669
15500.000000 84.966 -168.4501
15750.000000 82.473 -159.7567
16000.000000 80.070 -147.3576
16250.000000 77.921 -132.2626
16500.000000 76.017 -114.8719
16750.000000 74.348 -95.2577
17000.000000 72.936 -74.0457
17250.000000 71.747 -51.1839
17500.000000 70.873 -25.3585
17750.000000 70.604 2.9045
18000.000000 70.900 29.4341
18250.000000 71.557 56.3438
18500.000000 73.240 87.4548
18750.000000 75.938 110.4458
19000.000000 78.263 119.8639
19250.000000 79.610 124.9970
19500.000000 80.390 131.6438
19750.000000 80.911 138.7656
