* Measurement data measured by REW V5.31.3
* Source: Headset (Odo By VECLAN.COM), MICROPHONE (Master Volume), L, volume: 0.250
* Format: 1M Log Swept Sine, 1 sweep at -12.0 dBFS with no timing reference
* Dated: 03 4, 25 1:26:33 AM
* REW Settings:
*  C-weighting compensation: Off
*  Target level: 75.0 dB
* Note: ; 
* Measurement: cp ta R
* Smoothing: 1/24 octave
* Frequency Step: 1/48 octave
* Start Frequency: 1.000 Hz
*
* Freq(Hz) SPL(dB) Phase(degrees)
1.000000 39.710 -47.9848
1.015000 40.126 -50.3682
1.030000 40.539 -52.6525
1.044000 40.928 -54.6788
1.060000 41.376 -56.8708
1.075000 41.800 -58.8123
1.090000 42.227 -60.6514
1.106000 42.684 -62.5090
1.120000 43.085 -64.0537
1.138000 43.600 -65.9397
1.150000 43.943 -67.1404
1.172000 44.570 -69.2372
1.180000 44.796 -69.9695
1.206000 45.525 -72.2529
1.220000 45.912 -73.4287
1.241000 46.484 -75.1327
1.250000 46.725 -75.8437
1.265000 47.121 -77.0064
1.280000 47.510 -78.1445
1.315000 48.382 -80.7232
1.320000 48.502 -81.0843
1.340000 48.971 -82.5117
1.360000 49.422 -83.8997
1.380000 49.856 -85.2284
1.400000 50.277 -86.4978
1.430000 50.882 -88.3087
1.450000 51.271 -89.4660
1.475000 51.742 -90.8690
1.500000 52.198 -92.2352
1.525000 52.640 -93.5750
1.550000 53.070 -94.8976
1.575000 53.491 -96.2106
1.600000 53.904 -97.5207
1.625000 54.311 -98.8334
1.650000 54.714 -100.1530
1.675000 55.113 -101.4806
1.700000 55.508 -102.8040
1.725000 55.893 -104.1024
1.750000 56.269 -105.3701
1.775000 56.634 -106.6085
1.800000 56.992 -107.8203
1.825000 57.340 -109.0084
1.850000 57.682 -110.1760
1.875000 58.017 -111.3260
1.900000 58.345 -112.4617
1.925000 58.669 -113.5861
1.950000 58.988 -114.7020
1.975000 59.302 -115.8124
2.000000 59.614 -116.9191
2.030000 59.982 -118.2404
2.060000 60.344 -119.5432
2.090000 60.696 -120.8214
2.120000 61.040 -122.0753
2.140000 61.266 -122.8987
2.180000 61.706 -124.5186
2.200000 61.922 -125.3165
2.240000 62.347 -126.8924
2.270000 62.659 -128.0600
2.300000 62.966 -129.2183
2.330000 63.269 -130.3698
2.360000 63.568 -131.5151
2.400000 63.958 -133.0261
2.430000 64.244 -134.1434
2.470000 64.616 -135.6108
2.500000 64.890 -136.6952
2.540000 65.246 -138.1210
2.580000 65.596 -139.5262
2.620000 65.938 -140.9136
2.650000 66.191 -141.9443
2.690000 66.522 -143.3075
2.720000 66.767 -144.3215
2.760000 67.086 -145.6598
2.800000 67.398 -146.9808
2.850000 67.779 -148.6072
2.900000 68.149 -150.2065
2.950000 68.511 -151.7806
3.000000 68.866 -153.3323
3.040000 69.144 -154.5596
3.070000 69.349 -155.4727
3.110000 69.617 -156.6795
3.150000 69.880 -157.8734
3.200000 70.201 -159.3465
3.250000 70.515 -160.7979
3.300000 70.822 -162.2280
3.350000 71.124 -163.6383
3.400000 71.419 -165.0316
3.450000 71.707 -166.4096
3.500000 71.989 -167.7713
3.550000 72.264 -169.1154
3.600000 72.533 -170.4414
3.650000 72.798 -171.7492
3.700000 73.057 -173.0399
3.750000 73.312 -174.3163
3.820000 73.659 -176.0816
3.870000 73.901 -177.3257
3.950000 74.278 -179.2844
4.000000 74.508 179.5116
4.060000 74.779 178.0854
4.120000 75.043 176.6757
4.180000 75.301 175.2821
4.250000 75.595 173.6790
4.310000 75.841 172.3259
4.370000 76.082 170.9921
4.440000 76.357 169.4557
4.500000 76.586 168.1535
4.550000 76.774 167.0797
4.620000 77.031 165.5962
4.680000 77.246 164.3439
4.750000 77.492 162.9031
4.820000 77.731 161.4792
4.870000 77.899 160.4729
4.940000 78.128 159.0817
5.000000 78.320 157.9073
5.080000 78.571 156.3664
5.150000 78.784 155.0362
5.220000 78.993 153.7228
5.300000 79.225 152.2464
5.380000 79.451 150.7988
5.450000 79.644 149.5529
5.520000 79.832 148.3231
5.600000 80.042 146.9395
5.700000 80.298 145.2477
5.800000 80.546 143.5958
5.900000 80.787 141.9777
6.000000 81.021 140.3962
6.080000 81.204 139.1586
6.150000 81.361 138.0936
6.220000 81.515 137.0441
6.300000 81.688 135.8637
6.400000 81.900 134.4172
6.500000 82.108 133.0009
6.600000 82.311 131.6115
6.700000 82.510 130.2476
6.800000 82.705 128.9077
6.900000 82.897 127.5897
7.000000 83.085 126.2917
7.100000 83.270 125.0117
7.200000 83.451 123.7481
7.300000 83.628 122.5002
7.400000 83.802 121.2670
7.500000 83.973 120.0468
7.620000 84.172 118.5992
7.750000 84.383 117.0532
7.880000 84.586 115.5278
8.000000 84.769 114.1393
8.120000 84.945 112.7726
8.250000 85.131 111.3142
8.380000 85.310 109.8824
8.500000 85.470 108.5864
8.620000 85.626 107.3136
8.750000 85.789 105.9637
8.850000 85.911 104.9462
9.000000 86.090 103.4517
9.120000 86.229 102.2843
9.250000 86.377 101.0466
9.380000 86.522 99.8346
9.500000 86.653 98.7375
9.620000 86.782 97.6595
9.750000 86.917 96.5108
9.880000 87.048 95.3800
10.000000 87.162 94.3506
10.150000 87.295 93.0810
10.300000 87.415 91.8285
10.440000 87.522 90.6743
10.600000 87.642 89.3714
10.750000 87.750 88.1660
10.900000 87.856 86.9765
11.060000 87.965 85.7258
11.200000 88.057 84.6476
11.380000 88.172 83.2837
11.500000 88.246 82.3889
11.720000 88.378 80.7777
11.800000 88.424 80.2011
12.060000 88.572 78.3595
12.200000 88.648 77.3871
12.410000 88.763 75.9520
12.500000 88.815 75.3451
12.650000 88.903 74.3443
12.800000 88.992 73.3566
13.150000 89.196 71.1031
13.200000 89.224 70.7873
13.400000 89.335 69.5389
13.600000 89.442 68.3154
13.800000 89.548 67.1163
14.000000 89.650 65.9406
14.300000 89.801 64.2153
14.500000 89.900 63.0867
14.750000 90.021 61.6951
15.000000 90.138 60.3211
15.250000 90.252 58.9634
15.500000 90.362 57.6235
15.750000 90.467 56.3051
16.000000 90.569 55.0128
16.250000 90.669 53.7507
16.500000 90.767 52.5204
16.750000 90.862 51.3214
17.000000 90.956 50.1504
17.250000 91.049 49.0029
17.500000 91.140 47.8741
17.750000 91.230 46.7598
18.000000 91.318 45.6580
18.250000 91.403 44.5682
18.500000 91.486 43.4915
18.750000 91.566 42.4297
19.000000 91.643 41.3849
19.250000 91.717 40.3582
19.500000 91.789 39.3500
19.750000 91.859 38.3598
20.000000 91.928 37.3865
20.299999 92.008 36.2391
20.600000 92.087 35.1124
20.900000 92.163 34.0045
21.200001 92.236 32.9143
21.400000 92.285 32.1968
21.799999 92.378 30.7828
22.000000 92.423 30.0862
22.400000 92.509 28.7144
22.700001 92.572 27.7059
23.000000 92.632 26.7167
23.299999 92.690 25.7477
23.600000 92.747 24.7985
24.000000 92.821 23.5588
24.299999 92.876 22.6444
24.700001 92.947 21.4417
25.000000 92.999 20.5525
25.400000 93.064 19.3898
25.799999 93.126 18.2589
26.200001 93.188 17.1584
26.500000 93.234 16.3470
26.900000 93.294 15.2744
27.200001 93.337 14.4744
27.600000 93.391 13.4198
28.000000 93.441 12.3926
28.500000 93.499 11.1604
29.000000 93.559 9.9702
29.500000 93.619 8.7892
30.000000 93.674 7.6122
30.400000 93.713 6.6959
30.700001 93.740 6.0354
31.100000 93.777 5.1913
31.500000 93.818 4.3699
32.000000 93.875 3.3344
32.500000 93.929 2.2699
33.000000 93.976 1.2032
33.500000 94.017 0.1720
34.000000 94.055 -0.8173
34.500000 94.094 -1.7832
35.000000 94.130 -2.7334
35.500000 94.162 -3.6530
36.000000 94.192 -4.5309
36.500000 94.225 -5.3794
37.000000 94.258 -6.2193
37.500000 94.289 -7.0545
38.200001 94.329 -8.1909
38.700001 94.356 -8.9740
39.500000 94.401 -10.2079
40.000000 94.427 -10.9724
40.599998 94.455 -11.8679
41.200001 94.482 -12.7331
41.799999 94.509 -13.5732
42.500000 94.539 -14.5220
43.099998 94.566 -15.3099
43.700001 94.593 -16.0907
44.400002 94.621 -17.0005
45.000000 94.638 -17.7513
45.500000 94.650 -18.3344
46.200001 94.670 -19.0955
46.799999 94.691 -19.7373
47.500000 94.716 -20.5043
48.200001 94.736 -21.2686
48.700001 94.748 -21.7948
49.400002 94.765 -22.5065
50.000000 94.781 -23.1100
50.799999 94.801 -23.9105
51.500000 94.815 -24.5838
52.200001 94.828 -25.2134
53.000000 94.845 -25.9008
53.799999 94.860 -26.5732
54.500000 94.868 -27.1200
55.200001 94.878 -27.6357
56.000000 94.889 -28.2476
57.000000 94.887 -28.9731
58.000000 94.895 -29.6299
59.000000 94.903 -30.4086
60.000000 94.898 -31.0950
60.799999 94.912 -31.6042
61.500000 94.924 -32.0982
62.200001 94.929 -32.5453
63.000000 94.943 -32.9478
64.000000 94.969 -33.4307
65.000000 94.988 -33.8348
66.000000 95.013 -34.1595
67.000000 95.030 -34.5284
68.000000 95.040 -34.8405
69.000000 95.061 -35.2607
70.000000 95.053 -35.8232
71.000000 95.030 -36.1998
72.000000 95.031 -36.4529
73.000000 95.053 -36.7194
74.000000 95.086 -37.0720
75.000000 95.099 -37.4592
76.199997 95.102 -37.6926
77.500000 95.133 -37.8895
78.800003 95.145 -38.3196
80.000000 95.128 -38.4424
81.199997 95.164 -38.3695
82.500000 95.230 -38.4711
83.800003 95.312 -38.5735
85.000000 95.384 -38.8865
86.199997 95.412 -39.1992
87.500000 95.444 -39.3637
88.500000 95.485 -39.6261
90.000000 95.538 -40.3406
91.199997 95.570 -41.0427
92.500000 95.596 -41.8553
93.800003 95.613 -42.5859
95.000000 95.626 -43.1964
96.199997 95.627 -43.8412
97.500000 95.596 -44.6198
98.800003 95.532 -45.4684
100.000000 95.449 -46.3932
101.500000 95.315 -47.7134
103.000000 95.172 -49.1456
104.400002 95.043 -50.5465
106.000000 94.908 -52.1089
107.500000 94.796 -53.3925
109.000000 94.721 -54.5034
110.599998 94.658 -55.8179
112.000000 94.582 -57.0004
113.800003 94.473 -58.3670
115.000000 94.405 -59.2683
117.199997 94.289 -60.9175
118.000000 94.251 -61.5270
120.599998 94.128 -63.5535
122.000000 94.056 -64.6479
124.099998 93.944 -66.2485
125.000000 93.898 -66.9163
126.500000 93.828 -68.0456
128.000000 93.758 -69.2149
131.500000 93.586 -71.9614
132.000000 93.560 -72.3562
134.000000 93.446 -73.9120
136.000000 93.331 -75.4055
138.000000 93.219 -76.9211
140.000000 93.101 -78.4591
143.000000 92.893 -80.8361
145.000000 92.743 -82.3152
147.500000 92.548 -84.1456
150.000000 92.341 -85.7737
152.500000 92.127 -87.2203
155.000000 91.898 -88.5719
157.500000 91.646 -89.8487
160.000000 91.371 -91.0479
162.500000 91.067 -92.1506
165.000000 90.737 -93.1334
167.500000 90.385 -93.9575
170.000000 90.015 -94.5866
172.500000 89.628 -94.9725
175.000000 89.227 -95.0809
177.500000 88.818 -94.8525
180.000000 88.414 -94.2606
182.500000 88.022 -93.3258
185.000000 87.653 -92.0238
187.500000 87.325 -90.3320
190.000000 87.054 -88.3140
192.500000 86.846 -86.1086
195.000000 86.707 -83.8105
197.500000 86.643 -81.5200
200.000000 86.647 -79.3441
203.000000 86.716 -77.0248
206.000000 86.847 -75.1833
209.000000 87.032 -73.8613
212.000000 87.240 -72.9570
214.000000 87.372 -72.5604
218.000000 87.596 -72.1786
220.000000 87.695 -72.1351
224.000000 87.872 -72.2821
227.000000 87.964 -72.4943
230.000000 88.020 -72.6393
233.000000 88.062 -72.6131
236.000000 88.116 -72.4312
240.000000 88.243 -72.2460
243.000000 88.373 -72.4857
247.000000 88.537 -73.2233
250.000000 88.622 -73.9614
254.000000 88.675 -75.0851
258.000000 88.654 -76.2886
262.000000 88.614 -77.3529
265.000000 88.574 -78.0381
269.000000 88.489 -78.7020
272.000000 88.411 -79.0576
276.000000 88.306 -79.3552
280.000000 88.192 -79.5930
285.000000 88.054 -79.8347
290.000000 87.914 -79.8656
295.000000 87.785 -79.7100
300.000000 87.678 -79.3806
304.000000 87.602 -78.9851
307.000000 87.553 -78.6674
311.000000 87.500 -78.2473
315.000000 87.461 -77.7948
320.000000 87.427 -77.1919
325.000000 87.407 -76.5901
330.000000 87.396 -76.0245
335.000000 87.397 -75.4315
340.000000 87.416 -74.8635
345.000000 87.447 -74.3619
350.000000 87.484 -73.8947
355.000000 87.529 -73.4573
360.000000 87.580 -73.0705
365.000000 87.631 -72.7474
370.000000 87.684 -72.5004
375.000000 87.743 -72.3059
382.000000 87.831 -72.0573
387.000000 87.889 -71.9254
395.000000 87.975 -71.8354
400.000000 88.028 -71.7819
406.000000 88.083 -71.7966
412.000000 88.128 -71.8250
418.000000 88.180 -71.8389
425.000000 88.234 -71.7969
431.000000 88.263 -71.8649
437.000000 88.294 -71.9507
444.000000 88.319 -71.9825
450.000000 88.336 -72.0072
455.000000 88.350 -72.0312
462.000000 88.355 -72.0515
468.000000 88.357 -72.0535
475.000000 88.371 -72.0278
482.000000 88.380 -72.0290
487.000000 88.380 -72.0361
494.000000 88.374 -71.9639
500.000000 88.368 -71.8575
508.000000 88.354 -71.6699
515.000000 88.330 -71.5276
522.000000 88.293 -71.4179
530.000000 88.281 -71.1394
538.000000 88.276 -70.8714
545.000000 88.261 -70.6287
552.000000 88.244 -70.3345
560.000000 88.220 -69.9559
570.000000 88.185 -69.4233
580.000000 88.144 -68.8307
590.000000 88.102 -68.2175
600.000000 88.073 -67.5269
608.000000 88.050 -66.9430
615.000000 88.033 -66.4124
622.000000 88.016 -65.8871
630.000000 87.994 -65.3104
640.000000 87.961 -64.5436
650.000000 87.924 -63.7475
660.000000 87.887 -62.9371
670.000000 87.839 -62.1409
680.000000 87.775 -61.1921
690.000000 87.712 -59.9781
700.000000 87.667 -58.6650
710.000000 87.635 -57.4767
720.000000 87.609 -56.2577
730.000000 87.587 -54.9836
740.000000 87.561 -53.7195
750.000000 87.537 -52.4310
762.000000 87.514 -50.7900
775.000000 87.495 -48.9690
788.000000 87.477 -47.1442
800.000000 87.456 -45.4246
812.000000 87.435 -43.6759
825.000000 87.424 -41.7178
838.000000 87.426 -39.7213
850.000000 87.426 -37.8115
862.000000 87.420 -35.8325
875.000000 87.404 -33.4758
885.000000 87.409 -31.7478
900.000000 87.447 -29.5475
912.000000 87.469 -27.5829
925.000000 87.501 -25.3664
938.000000 87.536 -23.1285
950.000000 87.563 -21.0227
962.000000 87.596 -18.9220
975.000000 87.638 -16.6241
988.000000 87.687 -14.3113
1000.000000 87.735 -12.2009
1015.000000 87.789 -9.5558
1030.000000 87.844 -6.9027
1044.000000 87.906 -4.4146
1060.000000 87.980 -1.5839
1075.000000 88.051 1.0688
1090.000000 88.124 3.7393
1106.000000 88.204 6.5508
1120.000000 88.270 8.9919
1138.000000 88.354 12.1875
1150.000000 88.407 14.3252
1172.000000 88.500 18.2004
1180.000000 88.535 19.6238
1206.000000 88.653 24.2921
1220.000000 88.713 26.7971
1241.000000 88.798 30.5718
1250.000000 88.834 32.2158
1265.000000 88.890 34.9587
1280.000000 88.941 37.7103
1315.000000 89.051 44.4044
1320.000000 89.066 45.3655
1340.000000 89.128 49.0840
1360.000000 89.180 52.9178
1380.000000 89.227 56.8556
1400.000000 89.272 60.8522
1430.000000 89.329 66.9398
1450.000000 89.362 71.1260
1475.000000 89.409 76.5558
1500.000000 89.449 81.9186
1525.000000 89.489 87.4229
1550.000000 89.533 93.0728
1575.000000 89.581 98.7104
1600.000000 89.631 104.4861
1625.000000 89.679 110.4850
1650.000000 89.732 116.7663
1675.000000 89.774 122.9724
1700.000000 89.842 129.1106
1725.000000 89.940 135.5226
1750.000000 90.036 141.9900
1775.000000 90.132 148.4339
1800.000000 90.246 154.9503
1825.000000 90.375 161.5795
1850.000000 90.513 168.2674
1875.000000 90.664 174.9315
1900.000000 90.825 -178.4311
1925.000000 90.992 -171.8436
1950.000000 91.166 -165.2444
1975.000000 91.342 -158.5567
2000.000000 91.526 -151.8420
2030.000000 91.753 -143.8641
2060.000000 91.985 -135.9757
2090.000000 92.223 -128.0789
2120.000000 92.464 -120.2318
2140.000000 92.621 -115.0837
2180.000000 92.920 -104.7733
2200.000000 93.071 -99.5557
2240.000000 93.378 -89.1570
2270.000000 93.600 -81.4322
2300.000000 93.809 -73.6737
2330.000000 94.008 -65.8605
2360.000000 94.203 -58.0360
2400.000000 94.474 -47.5076
2430.000000 94.691 -39.5797
2470.000000 94.989 -29.0951
2500.000000 95.203 -21.3157
2540.000000 95.472 -10.9394
2580.000000 95.720 -0.5808
2620.000000 95.951 9.8861
2650.000000 96.119 18.0311
2690.000000 96.343 29.3087
2720.000000 96.502 37.7228
2760.000000 96.704 48.8197
2800.000000 96.910 59.9515
2850.000000 97.183 73.6470
2900.000000 97.443 86.7780
2950.000000 97.621 99.3261
3000.000000 97.642 111.4507
3040.000000 97.524 121.3260
3070.000000 97.370 129.1240
3110.000000 97.112 140.2171
3150.000000 96.827 151.9942
3200.000000 96.464 167.5686
3250.000000 96.138 -176.0531
3300.000000 95.850 -159.3203
3350.000000 95.580 -142.3281
3400.000000 95.333 -124.9523
3450.000000 95.112 -107.2524
3500.000000 94.914 -89.4813
3550.000000 94.726 -71.6278
3600.000000 94.552 -53.4523
3650.000000 94.397 -35.0361
3700.000000 94.254 -16.4782
3750.000000 94.120 2.3026
3820.000000 93.953 28.8837
3870.000000 93.849 47.9330
3950.000000 93.702 78.4463
4000.000000 93.623 97.6091
4060.000000 93.551 120.9211
4120.000000 93.497 144.6910
4180.000000 93.454 168.4729
4250.000000 93.412 -163.9127
4310.000000 93.375 -140.1472
4370.000000 93.326 -116.2985
4440.000000 93.257 -88.3824
4500.000000 93.189 -64.1880
4550.000000 93.126 -43.8571
4620.000000 93.039 -15.3902
4680.000000 92.993 7.4066
4750.000000 92.936 25.1648
4820.000000 92.832 31.4521
4870.000000 92.774 33.1080
4940.000000 92.713 35.0558
5000.000000 92.657 36.5507
5080.000000 92.564 38.1142
5150.000000 92.480 39.4442
5220.000000 92.391 40.6973
5300.000000 92.287 41.9111
5380.000000 92.186 42.9380
5450.000000 92.111 43.9672
5520.000000 92.058 45.0034
5600.000000 92.024 45.8275
5700.000000 92.006 46.2542
5800.000000 91.994 46.1784
5900.000000 91.995 45.8159
6000.000000 92.012 44.7935
6080.000000 92.037 43.6473
6150.000000 92.074 42.7352
6220.000000 92.129 41.7777
6300.000000 92.224 40.3319
6400.000000 92.402 37.8296
6500.000000 92.618 34.7061
6600.000000 92.829 31.1255
6700.000000 93.048 27.0259
6800.000000 93.392 22.1464
6900.000000 93.644 16.3145
7000.000000 93.644 13.4965
7100.000000 93.539 16.4877
7200.000000 93.383 22.2872
7300.000000 93.208 28.6558
7400.000000 93.024 35.0613
7500.000000 92.820 41.5161
7620.000000 92.544 49.8641
7750.000000 92.246 59.6163
7880.000000 91.982 68.8379
8000.000000 91.737 77.4412
8120.000000 91.474 86.4614
8250.000000 91.200 96.3259
8380.000000 90.958 105.8439
8500.000000 90.780 114.7677
8620.000000 90.659 124.0918
8750.000000 90.602 133.8802
8850.000000 90.603 140.9871
9000.000000 90.654 150.8816
9120.000000 90.711 158.1549
9250.000000 90.751 165.3762
9380.000000 90.736 171.9791
9500.000000 90.655 177.6370
9620.000000 90.506 -176.9905
9750.000000 90.272 -171.0806
9880.000000 89.980 -164.8448
10000.000000 89.680 -158.8126
10150.000000 89.294 -150.9495
10300.000000 88.906 -142.6301
10440.000000 88.546 -134.4276
10600.000000 88.172 -124.6035
10750.000000 87.895 -115.0643
10900.000000 87.726 -105.0151
11060.000000 87.691 -93.8075
11200.000000 87.792 -84.2086
11380.000000 88.085 -72.9115
11500.000000 88.350 -66.2869
11720.000000 88.892 -55.3551
11800.000000 89.098 -51.7097
12060.000000 89.721 -41.0020
12200.000000 90.014 -35.7039
12410.000000 90.437 -28.0913
12500.000000 90.628 -24.8931
12650.000000 90.977 -19.6779
12800.000000 91.405 -14.5070
13150.000000 92.864 -5.0901
13200.000000 93.126 -4.3651
13400.000000 94.241 -3.3750
13600.000000 95.238 -6.5436
13800.000000 95.720 -13.8481
14000.000000 95.400 -22.2094
14300.000000 93.594 -30.6320
14500.000000 92.017 -31.6879
14750.000000 90.173 -28.2871
15000.000000 88.698 -21.6650
15250.000000 87.664 -13.6713
15500.000000 87.125 -5.6525
15750.000000 87.194 0.6656
16000.000000 87.770 2.1877
16250.000000 88.387 -3.0131
16500.000000 88.265 -14.6921
16750.000000 86.592 -27.0383
17000.000000 83.535 -26.5918
17250.000000 82.199 -8.5511
17500.000000 83.065 -8.3208
17750.000000 82.400 -20.0269
18000.000000 80.225 -27.7606
18250.000000 77.622 -28.6108
18500.000000 75.225 -24.9396
18750.000000 73.190 -19.7233
19000.000000 71.455 -14.4835
19250.000000 69.913 -9.1543
19500.000000 68.446 -4.2690
19750.000000 67.058 -0.2661
