* Measurement data measured by REW V5.31.3
* Source: Headset (Odo By VECLAN.COM), MICROPHONE (Master Volume), L, volume: 0.250
* Format: 1M Log Swept Sine, 1 sweep at -12.0 dBFS with no timing reference
* Dated: 03 4, 25 2:40:30 AM
* REW Settings:
*  C-weighting compensation: Off
*  Target level: 75.0 dB
* Note: ; 
* Measurement: cp ta L
* Smoothing: 1/24 octave
* Frequency Step: 1/48 octave
* Start Frequency: 1.000 Hz
*
* Freq(Hz) SPL(dB) Phase(degrees)
1.000000 40.199 -106.2559
1.015000 40.643 -106.8247
1.030000 41.076 -107.4464
1.044000 41.479 -108.0363
1.060000 41.940 -108.7151
1.075000 42.372 -109.3564
1.090000 42.802 -110.0035
1.106000 43.260 -110.7014
1.120000 43.659 -111.3196
1.138000 44.168 -112.1268
1.150000 44.505 -112.6736
1.172000 45.117 -113.6964
1.180000 45.337 -114.0754
1.206000 46.043 -115.3371
1.220000 46.417 -116.0369
1.241000 46.967 -117.1160
1.250000 47.198 -117.5900
1.265000 47.579 -118.3966
1.280000 47.952 -119.2247
1.315000 48.789 -121.2474
1.320000 48.904 -121.5472
1.340000 49.356 -122.7708
1.360000 49.790 -124.0109
1.380000 50.206 -125.2309
1.400000 50.607 -126.4221
1.430000 51.180 -128.1649
1.450000 51.546 -129.3062
1.475000 51.986 -130.7194
1.500000 52.410 -132.1275
1.525000 52.820 -133.5403
1.550000 53.218 -134.9666
1.575000 53.607 -136.4147
1.600000 53.988 -137.8920
1.625000 54.365 -139.4055
1.650000 54.739 -140.9611
1.675000 55.112 -142.5608
1.700000 55.482 -144.1889
1.725000 55.844 -145.8153
1.750000 56.196 -147.4269
1.775000 56.540 -149.0208
1.800000 56.875 -150.5968
1.825000 57.203 -152.1566
1.850000 57.524 -153.7027
1.875000 57.839 -155.2383
1.900000 58.148 -156.7676
1.925000 58.453 -158.2950
1.950000 58.754 -159.8253
1.975000 59.051 -161.3631
2.000000 59.346 -162.9128
2.030000 59.695 -164.7879
2.060000 60.038 -166.6646
2.090000 60.373 -168.5292
2.120000 60.701 -170.3764
2.140000 60.916 -171.5972
2.180000 61.338 -174.0136
2.200000 61.544 -175.2104
2.240000 61.951 -177.5858
2.270000 62.251 -179.3566
2.300000 62.546 178.8762
2.330000 62.838 177.1070
2.360000 63.126 175.3318
2.400000 63.503 172.9600
2.430000 63.779 171.1864
2.470000 64.141 168.8381
2.500000 64.406 167.0927
2.540000 64.754 164.7882
2.580000 65.094 162.5085
2.620000 65.429 160.2488
2.650000 65.676 158.5632
2.690000 66.001 156.3204
2.720000 66.240 154.6379
2.760000 66.554 152.3957
2.800000 66.861 150.1636
2.850000 67.236 147.3988
2.900000 67.602 144.6688
2.950000 67.960 141.9736
3.000000 68.311 139.3065
3.040000 68.587 137.1838
3.070000 68.790 135.5923
3.110000 69.056 133.4719
3.150000 69.317 131.3599
3.200000 69.637 128.7418
3.250000 69.950 126.1549
3.300000 70.256 123.6015
3.350000 70.556 121.0770
3.400000 70.851 118.5669
3.450000 71.138 116.0600
3.500000 71.419 113.5642
3.550000 71.694 111.0902
3.600000 71.963 108.6452
3.650000 72.228 106.2316
3.700000 72.487 103.8450
3.750000 72.741 101.4705
3.820000 73.087 98.1554
3.870000 73.328 95.8049
3.950000 73.704 92.0953
4.000000 73.934 89.8143
4.060000 74.204 87.1068
4.120000 74.468 84.4114
4.180000 74.725 81.7284
4.250000 75.018 78.6303
4.310000 75.263 76.0127
4.370000 75.504 73.4310
4.440000 75.778 70.4442
4.500000 76.007 67.8953
4.550000 76.194 65.7852
4.620000 76.451 62.8634
4.680000 76.667 60.3941
4.750000 76.913 57.5449
4.820000 77.154 54.7115
4.870000 77.322 52.6990
4.940000 77.553 49.9069
5.000000 77.747 47.5436
5.080000 78.001 44.4300
5.150000 78.218 41.7231
5.220000 78.430 39.0329
5.300000 78.667 35.9915
5.380000 78.899 32.9921
5.450000 79.098 30.3904
5.520000 79.292 27.8011
5.600000 79.510 24.8651
5.700000 79.775 21.2451
5.800000 80.033 17.6680
5.900000 80.284 14.1161
6.000000 80.527 10.6071
6.080000 80.718 7.8350
6.150000 80.881 5.4236
6.220000 81.041 3.0234
6.300000 81.220 0.3025
6.400000 81.439 -3.0568
6.500000 81.652 -6.3858
6.600000 81.859 -9.6899
6.700000 82.061 -12.9536
6.800000 82.257 -16.1803
6.900000 82.449 -19.3839
7.000000 82.635 -22.5542
7.100000 82.817 -25.6848
7.200000 82.995 -28.7893
7.300000 83.168 -31.8666
7.400000 83.337 -34.9065
7.500000 83.502 -37.9159
7.620000 83.696 -41.4949
7.750000 83.900 -45.3184
7.880000 84.099 -49.0955
8.000000 84.278 -52.5438
8.120000 84.453 -55.9483
8.250000 84.638 -59.5994
8.380000 84.819 -63.2078
8.500000 84.982 -66.5002
8.620000 85.142 -69.7637
8.750000 85.312 -73.2597
8.850000 85.439 -75.9238
9.000000 85.627 -79.8842
9.120000 85.773 -83.0158
9.250000 85.928 -86.3787
9.380000 86.080 -89.7085
9.500000 86.217 -92.7510
9.620000 86.350 -95.7691
9.750000 86.490 -99.0066
9.880000 86.624 -102.2124
10.000000 86.742 -105.1466
10.150000 86.877 -108.7754
10.300000 86.999 -112.3677
10.440000 87.108 -115.6852
10.600000 87.230 -119.4390
10.750000 87.341 -122.9227
10.900000 87.450 -126.3733
11.060000 87.564 -130.0212
11.200000 87.661 -133.1852
11.380000 87.784 -137.2201
11.500000 87.863 -139.8887
11.720000 88.006 -144.7434
11.800000 88.056 -146.4959
12.060000 88.216 -152.1511
12.200000 88.299 -155.1693
12.410000 88.423 -159.6645
12.500000 88.477 -161.5782
12.650000 88.571 -164.7528
12.800000 88.666 -167.9067
13.150000 88.881 -175.1894
13.200000 88.911 -176.2209
13.400000 89.029 179.6737
13.600000 89.143 175.6030
13.800000 89.253 171.5654
14.000000 89.361 167.5606
14.300000 89.518 161.6135
14.500000 89.619 157.6877
14.750000 89.742 152.8234
15.000000 89.862 148.0066
15.250000 89.979 143.2363
15.500000 90.092 138.5115
15.750000 90.203 133.8314
16.000000 90.313 129.1950
16.250000 90.421 124.6012
16.500000 90.529 120.0483
16.750000 90.634 115.5352
17.000000 90.737 111.0602
17.250000 90.838 106.6216
17.500000 90.937 102.2173
17.750000 91.033 97.8457
18.000000 91.127 93.5049
18.250000 91.219 89.1939
18.500000 91.308 84.9116
18.750000 91.394 80.6581
19.000000 91.477 76.4343
19.250000 91.558 72.2405
19.500000 91.636 68.0772
19.750000 91.712 63.9445
20.000000 91.786 59.8415
20.299999 91.873 54.9550
20.600000 91.958 50.1063
20.900000 92.040 45.2932
21.200001 92.120 40.5147
21.400000 92.172 37.3488
21.799999 92.273 31.0678
22.000000 92.321 27.9541
22.400000 92.415 21.7814
22.700001 92.484 17.1985
23.000000 92.553 12.6525
23.299999 92.620 8.1395
23.600000 92.686 3.6568
24.000000 92.772 -2.2754
24.299999 92.834 -6.6906
24.700001 92.914 -12.5312
25.000000 92.972 -16.8773
25.400000 93.046 -22.6282
25.799999 93.117 -28.3308
26.200001 93.185 -33.9846
26.500000 93.234 -38.1904
26.900000 93.296 -43.7501
27.200001 93.343 -47.8856
27.600000 93.405 -53.3607
28.000000 93.466 -58.8005
28.500000 93.539 -65.5546
29.000000 93.607 -72.2396
29.500000 93.671 -78.8314
30.000000 93.738 -85.3341
30.400000 93.796 -90.4985
30.700001 93.839 -94.3643
31.100000 93.895 -99.5137
31.500000 93.943 -104.6426
32.000000 93.992 -110.9794
32.500000 94.033 -117.1943
33.000000 94.078 -123.2961
33.500000 94.128 -129.3361
34.000000 94.180 -135.3569
34.500000 94.228 -141.3591
35.000000 94.268 -147.3156
35.500000 94.305 -153.2079
36.000000 94.343 -159.0450
36.500000 94.381 -164.8445
37.000000 94.418 -170.6111
37.500000 94.452 -176.3322
38.200001 94.498 175.7585
38.700001 94.532 170.1769
39.500000 94.586 161.3401
40.000000 94.618 155.8746
40.599998 94.654 149.3827
41.200001 94.689 142.9622
41.799999 94.722 136.5989
42.500000 94.760 129.2313
43.099998 94.789 122.9639
43.700001 94.815 116.7456
44.400002 94.845 109.5595
45.000000 94.871 103.4629
45.500000 94.892 98.4291
46.200001 94.922 91.4563
46.799999 94.948 85.5502
47.500000 94.976 78.7385
48.200001 95.001 72.0012
48.700001 95.015 67.2309
49.400002 95.030 60.6138
50.000000 95.041 54.9947
50.799999 95.058 47.5501
51.500000 95.073 41.0675
52.200001 95.089 34.6337
53.000000 95.113 27.3566
53.799999 95.140 20.1511
54.500000 95.159 13.9269
55.200001 95.172 7.8229
56.000000 95.185 0.9980
57.000000 95.202 -7.4185
58.000000 95.213 -15.8076
59.000000 95.223 -24.1949
60.000000 95.240 -32.6361
60.799999 95.253 -39.3398
61.500000 95.273 -45.0930
62.200001 95.303 -50.7621
63.000000 95.330 -57.1005
64.000000 95.365 -64.6287
65.000000 95.431 -72.0427
66.000000 95.455 -79.7078
67.000000 95.402 -87.2860
68.000000 95.337 -94.6749
69.000000 95.296 -101.9819
70.000000 95.306 -109.3118
71.000000 95.341 -116.7551
72.000000 95.369 -124.0825
73.000000 95.396 -131.1610
74.000000 95.413 -138.0260
75.000000 95.424 -144.6951
76.199997 95.444 -152.6570
77.500000 95.458 -161.3245
78.800003 95.489 -169.9580
80.000000 95.524 -177.8920
81.199997 95.554 174.4055
82.500000 95.605 166.2786
83.800003 95.655 158.1382
85.000000 95.701 150.6610
86.199997 95.755 143.0656
87.500000 95.797 134.9296
88.500000 95.841 128.8198
90.000000 95.914 119.7522
91.199997 95.971 112.4149
92.500000 95.997 104.2900
93.800003 95.978 96.0928
95.000000 95.931 88.9321
96.199997 95.975 82.2881
97.500000 96.141 74.5795
98.800003 96.236 65.8345
100.000000 96.238 56.9780
101.500000 96.077 43.9894
103.000000 95.738 29.4485
104.400002 95.463 14.5758
106.000000 95.181 -3.1930
107.500000 95.010 -19.1425
109.000000 94.988 -34.5592
110.599998 95.017 -51.1567
112.000000 95.005 -65.8678
113.800003 94.949 -84.8319
115.000000 94.883 -97.5438
117.199997 94.691 -120.8059
118.000000 94.618 -129.2163
120.599998 94.449 -156.4501
122.000000 94.388 -171.1024
124.099998 94.312 166.7271
125.000000 94.274 157.1208
126.500000 94.203 141.1316
128.000000 94.129 125.2661
131.500000 93.976 88.7074
132.000000 93.960 83.4565
134.000000 93.907 62.3890
136.000000 93.794 41.2250
138.000000 93.607 20.5068
140.000000 93.511 -0.5657
143.000000 93.323 -32.7008
145.000000 93.097 -52.9163
147.500000 92.778 -76.8496
150.000000 92.547 -99.6553
152.500000 92.452 -120.5605
155.000000 92.319 -139.8455
157.500000 92.055 -158.7185
160.000000 91.755 -177.7665
162.500000 91.464 163.4211
165.000000 91.151 145.1021
167.500000 90.796 126.9142
170.000000 90.413 108.9318
172.500000 90.021 91.3241
175.000000 89.628 74.0488
177.500000 89.224 57.1768
180.000000 88.822 40.7808
182.500000 88.430 24.7893
185.000000 88.064 9.2130
187.500000 87.740 -5.9412
190.000000 87.469 -20.7166
192.500000 87.264 -35.2229
195.000000 87.131 -49.5481
197.500000 87.071 -63.8096
200.000000 87.092 -78.1152
203.000000 87.188 -95.6257
206.000000 87.320 -113.3362
209.000000 87.501 -131.2139
212.000000 87.717 -149.3926
214.000000 87.866 -161.6562
218.000000 88.142 173.5320
220.000000 88.265 160.9814
224.000000 88.484 135.6790
227.000000 88.624 116.6580
230.000000 88.741 97.5776
233.000000 88.828 78.4551
236.000000 88.898 59.3960
240.000000 88.977 34.0864
243.000000 89.012 15.3486
247.000000 89.014 -9.4412
250.000000 88.999 -28.0823
254.000000 88.969 -52.6914
258.000000 88.913 -77.0110
262.000000 88.838 -101.1611
265.000000 88.775 -119.1567
269.000000 88.681 -142.9124
272.000000 88.601 -160.5198
276.000000 88.477 176.1162
280.000000 88.370 152.9971
285.000000 88.253 124.5967
290.000000 88.119 96.5120
295.000000 87.991 68.7632
300.000000 87.871 41.3491
304.000000 87.783 19.6345
307.000000 87.722 3.4773
311.000000 87.647 -17.8904
315.000000 87.580 -39.0881
320.000000 87.515 -65.3582
325.000000 87.470 -91.3750
330.000000 87.442 -117.1487
335.000000 87.433 -142.7029
340.000000 87.453 -168.0645
345.000000 87.504 166.6729
350.000000 87.575 141.4644
355.000000 87.647 116.3215
360.000000 87.718 91.2749
365.000000 87.789 66.2720
370.000000 87.863 41.3601
375.000000 87.935 16.5713
382.000000 88.025 -17.9092
387.000000 88.082 -42.3875
395.000000 88.162 -81.2715
400.000000 88.208 -105.3921
406.000000 88.262 -134.1519
412.000000 88.312 -162.7026
418.000000 88.357 168.9526
425.000000 88.408 136.1367
431.000000 88.445 108.2288
437.000000 88.476 80.4836
444.000000 88.509 48.3591
450.000000 88.531 21.0881
455.000000 88.543 -1.4856
462.000000 88.553 -32.8743
468.000000 88.558 -59.5581
475.000000 88.561 -90.4292
482.000000 88.562 -120.9810
487.000000 88.559 -142.6260
494.000000 88.552 -172.7170
500.000000 88.544 161.7000
508.000000 88.527 127.8894
515.000000 88.504 98.5989
522.000000 88.483 69.6243
530.000000 88.463 36.7632
538.000000 88.444 4.1240
545.000000 88.426 -24.0623
552.000000 88.401 -52.0247
560.000000 88.371 -83.6948
570.000000 88.332 -122.8271
580.000000 88.278 -161.4556
590.000000 88.221 160.3848
600.000000 88.196 122.5149
608.000000 88.173 92.7363
615.000000 88.137 66.8909
622.000000 88.105 41.2212
630.000000 88.063 12.1621
640.000000 87.987 -23.8066
650.000000 87.923 -59.5527
660.000000 87.852 -94.6924
670.000000 87.726 -129.2217
680.000000 87.580 -162.9854
690.000000 87.512 164.0400
700.000000 87.546 131.2769
710.000000 87.602 98.4849
720.000000 87.638 65.8730
730.000000 87.648 33.5815
740.000000 87.644 1.6309
750.000000 87.634 -29.9468
762.000000 87.620 -67.3477
775.000000 87.601 -107.2563
788.000000 87.585 -146.5332
800.000000 87.571 177.7002
812.000000 87.559 142.3838
825.000000 87.550 104.7256
838.000000 87.546 67.6074
850.000000 87.543 33.8125
862.000000 87.546 0.4946
875.000000 87.552 -35.1006
885.000000 87.560 -62.1880
900.000000 87.581 -102.2095
912.000000 87.601 -133.7534
925.000000 87.626 -167.4712
938.000000 87.656 159.2715
950.000000 87.688 128.9795
962.000000 87.725 99.0664
975.000000 87.768 67.1021
988.000000 87.814 35.5845
1000.000000 87.860 6.8706
1015.000000 87.920 -28.5366
1030.000000 87.983 -63.4302
1044.000000 88.046 -95.5063
1060.000000 88.119 -131.6055
1075.000000 88.190 -164.8955
1090.000000 88.261 162.3218
1106.000000 88.336 127.8672
1120.000000 88.403 98.1895
1138.000000 88.487 60.6895
1150.000000 88.538 36.0371
1172.000000 88.622 -8.4497
1180.000000 88.647 -24.3931
1206.000000 88.699 -75.3369
1220.000000 88.694 -102.2056
1241.000000 88.608 -141.6533
1250.000000 88.537 -158.1377
1265.000000 88.391 175.1494
1280.000000 88.267 149.4741
1315.000000 88.389 91.9160
1320.000000 88.441 83.7710
1340.000000 88.653 51.2520
1360.000000 88.829 19.0864
1380.000000 88.959 -12.4502
1400.000000 89.058 -43.2983
1430.000000 89.169 -88.1235
1450.000000 89.226 -117.0386
1475.000000 89.289 -152.1709
1500.000000 89.343 173.8604
1525.000000 89.393 141.0513
1550.000000 89.438 109.3584
1575.000000 89.484 78.8125
1600.000000 89.531 49.3672
1625.000000 89.578 20.9688
1650.000000 89.632 -6.3442
1675.000000 89.693 -32.6138
1700.000000 89.763 -57.8447
1725.000000 89.845 -82.0117
1750.000000 89.938 -105.2695
1775.000000 90.039 -127.6553
1800.000000 90.153 -149.0801
1825.000000 90.279 -169.5923
1850.000000 90.415 170.7607
1875.000000 90.564 151.9580
1900.000000 90.722 133.9844
1925.000000 90.889 116.8633
1950.000000 91.064 100.5562
1975.000000 91.244 84.9951
2000.000000 91.429 70.1968
2030.000000 91.659 53.4663
2060.000000 91.894 37.8501
2090.000000 92.131 23.3135
2120.000000 92.368 9.7783
2140.000000 92.526 1.3193
2180.000000 92.848 -14.2124
2200.000000 93.015 -21.2729
2240.000000 93.356 -34.0728
2270.000000 93.606 -42.6289
2300.000000 93.849 -50.2515
2330.000000 94.085 -56.9111
2360.000000 94.315 -62.6396
2400.000000 94.610 -68.8730
2430.000000 94.826 -72.4219
2470.000000 95.106 -75.7041
2500.000000 95.308 -77.1484
2540.000000 95.567 -77.7959
2580.000000 95.797 -77.0171
2620.000000 95.974 -74.7100
2650.000000 96.040 -71.8555
2690.000000 96.070 -65.5850
2720.000000 96.226 -58.6919
2760.000000 96.686 -49.2178
2800.000000 97.110 -40.3188
2850.000000 97.482 -27.6733
2900.000000 97.776 -12.9087
2950.000000 97.977 3.4092
3000.000000 98.013 21.2529
3040.000000 97.899 37.1724
3070.000000 97.744 50.3867
3110.000000 97.482 69.8340
3150.000000 97.193 91.3252
3200.000000 96.834 120.8433
3250.000000 96.499 152.9790
3300.000000 96.199 -172.3901
3350.000000 95.928 -135.5859
3400.000000 95.679 -96.8188
3450.000000 95.446 -56.1128
3500.000000 95.230 -13.1626
3550.000000 95.033 31.9766
3600.000000 94.845 78.7817
3650.000000 94.670 127.4468
3700.000000 94.513 178.1465
3750.000000 94.373 -129.2720
3820.000000 94.208 -52.7290
3870.000000 94.115 4.1763
3950.000000 94.004 98.3486
4000.000000 93.952 159.2080
4060.000000 93.898 -125.4570
4120.000000 93.846 -48.1133
4180.000000 93.794 31.8315
4250.000000 93.726 127.7505
4310.000000 93.662 -148.0146
4370.000000 93.596 -61.3311
4440.000000 93.511 42.3721
4500.000000 93.432 133.8208
4550.000000 93.372 -146.3604
4620.000000 93.281 -33.2461
4680.000000 93.197 65.2422
4750.000000 93.099 -176.8721
4820.000000 93.004 -56.2173
4870.000000 92.935 30.8384
4940.000000 92.846 156.4771
5000.000000 92.769 -93.5293
5080.000000 92.660 53.2275
5150.000000 92.583 -168.2148
5220.000000 92.530 -32.9543
5300.000000 92.516 132.6011
5380.000000 92.529 -64.1982
5450.000000 92.545 81.2490
5520.000000 92.558 -131.2361
5600.000000 92.569 39.7336
5700.000000 92.577 -100.7893
5800.000000 92.582 122.7476
5900.000000 92.592 -9.3242
6000.000000 92.617 -133.6130
6080.000000 92.657 52.4421
6150.000000 92.720 -135.8359
6220.000000 92.820 32.6244
6300.000000 92.991 -123.4924
6400.000000 93.299 122.7644
6500.000000 93.682 17.1005
6600.000000 94.075 -80.1033
6700.000000 94.409 175.6279
6800.000000 94.643 31.1038
6900.000000 94.827 -27.5159
7000.000000 95.034 -26.5688
7100.000000 94.816 -15.5616
7200.000000 94.368 -11.6210
7300.000000 94.033 -10.8432
7400.000000 93.724 -10.3152
7500.000000 93.419 -9.2075
7620.000000 93.095 -7.2608
7750.000000 92.783 -5.4497
7880.000000 92.447 -4.0231
8000.000000 92.126 -2.2870
8120.000000 91.806 0.1848
8250.000000 91.516 3.5859
8380.000000 91.337 6.8033
8500.000000 91.253 9.6004
8620.000000 91.234 12.4514
8750.000000 91.315 15.3634
8850.000000 91.469 17.3581
9000.000000 91.860 19.6893
9120.000000 92.292 20.6505
9250.000000 92.831 20.3502
9380.000000 93.377 18.3817
9500.000000 93.820 15.2512
9620.000000 94.146 11.1452
9750.000000 94.316 5.8659
9880.000000 94.273 0.1678
10000.000000 94.058 -4.9461
10150.000000 93.583 -9.9712
10300.000000 92.876 -8.2905
10440.000000 92.232 13.1142
10600.000000 91.725 -11.2404
10750.000000 91.247 86.2168
10900.000000 90.808 -49.9684
11060.000000 90.423 174.9996
11200.000000 90.163 7.3629
11380.000000 89.923 -84.6765
11500.000000 89.813 78.8403
11720.000000 89.734 46.7439
11800.000000 89.740 165.1941
12060.000000 89.874 -157.4734
12200.000000 90.029 54.4507
12410.000000 90.393 33.8586
12500.000000 90.604 169.7764
12650.000000 91.043 64.2524
12800.000000 91.602 -86.1721
13150.000000 93.330 109.9746
13200.000000 93.596 -160.9668
13400.000000 94.517 -169.6646
13600.000000 94.905 102.5486
13800.000000 94.475 46.1719
14000.000000 93.274 16.2305
14300.000000 90.743 138.4790
14500.000000 89.032 110.3813
14750.000000 87.112 130.6997
15000.000000 85.412 -130.2021
15250.000000 83.795 -173.3350
15500.000000 82.964 148.5220
15750.000000 84.409 -32.9883
16000.000000 85.953 72.4502
16250.000000 87.033 126.1494
16500.000000 88.102 150.6255
16750.000000 88.739 116.7617
17000.000000 88.232 12.7915
17250.000000 86.383 18.2612
17500.000000 83.711 35.8618
17750.000000 80.867 80.0283
18000.000000 78.210 -172.1821
18250.000000 75.831 -47.5933
18500.000000 73.714 -37.4580
18750.000000 71.825 89.7314
19000.000000 70.123 55.9082
19250.000000 68.547 -41.1484
19500.000000 67.028 -67.5171
19750.000000 65.601 -62.6865
