* Measurement data measured by REW V5.31.3
* Source: Headset (Odo By VECLAN.COM), MICROPHONE (Master Volume), R, volume: 0.250
* Format: 512k Log Swept Sine, 1 sweep at -12.0 dBFS with no timing reference
* Dated: 11 20, 24 10:36:41 AM
* REW Settings:
*  C-weighting compensation: Off
*  Target level: 75.0 dB
* Note: ; 
* Measurement: dawn R
* Smoothing: 1/24 octave
* Frequency Step: 1/48 octave
* Start Frequency: 1.000 Hz
*
* Freq(Hz) SPL(dB) Phase(degrees)
1.000000 64.040 12.7196
1.015000 64.249 9.4030
1.030000 64.464 6.1981
1.044000 64.671 3.2942
1.060000 64.914 0.0631
1.075000 65.149 -2.8954
1.090000 65.391 -5.7975
1.106000 65.661 -8.8344
1.120000 65.913 -11.4275
1.138000 66.263 -14.6435
1.150000 66.511 -16.7020
1.172000 66.992 -20.2818
1.180000 67.174 -21.5199
1.206000 67.790 -25.3031
1.220000 68.134 -27.1915
1.241000 68.661 -29.8394
1.250000 68.890 -30.9101
1.265000 69.273 -32.6146
1.280000 69.658 -34.2256
1.315000 70.549 -37.6622
1.320000 70.674 -38.1202
1.340000 71.168 -39.8806
1.360000 71.647 -41.5378
1.380000 72.104 -43.0955
1.400000 72.537 -44.5735
1.430000 73.129 -46.6746
1.450000 73.479 -48.0131
1.475000 73.864 -49.6235
1.500000 74.201 -51.1520
1.525000 74.499 -52.5933
1.550000 74.761 -53.9524
1.575000 74.992 -55.2313
1.600000 75.197 -56.4336
1.625000 75.379 -57.5762
1.650000 75.542 -58.6666
1.675000 75.692 -59.7123
1.700000 75.831 -60.7201
1.725000 75.964 -61.6968
1.750000 76.095 -62.6484
1.775000 76.229 -63.5850
1.800000 76.369 -64.5157
1.825000 76.518 -65.4364
1.850000 76.671 -66.3469
1.875000 76.822 -67.2416
1.900000 76.968 -68.1155
1.925000 77.108 -68.9653
1.950000 77.243 -69.7890
1.975000 77.373 -70.5893
2.000000 77.499 -71.3695
2.030000 77.646 -72.2701
2.060000 77.787 -73.1334
2.090000 77.925 -73.9619
2.120000 78.059 -74.7585
2.140000 78.147 -75.2736
2.180000 78.320 -76.2776
2.200000 78.405 -76.7729
2.240000 78.571 -77.7457
2.270000 78.690 -78.4599
2.300000 78.804 -79.1576
2.330000 78.915 -79.8358
2.360000 79.022 -80.4927
2.400000 79.160 -81.3538
2.430000 79.260 -81.9745
2.470000 79.390 -82.7639
2.500000 79.486 -83.3276
2.540000 79.611 -84.0431
2.580000 79.734 -84.7370
2.620000 79.852 -85.4357
2.650000 79.939 -85.9475
2.690000 80.050 -86.6115
2.720000 80.131 -87.0935
2.760000 80.236 -87.7105
2.800000 80.338 -88.3260
2.850000 80.462 -89.0536
2.900000 80.584 -89.7277
2.950000 80.704 -90.3522
3.000000 80.819 -90.9675
3.040000 80.908 -91.4480
3.070000 80.974 -91.7957
3.110000 81.059 -92.2416
3.150000 81.143 -92.6668
3.200000 81.247 -93.1912
3.250000 81.350 -93.6919
3.300000 81.454 -94.1576
3.350000 81.557 -94.5899
3.400000 81.659 -95.0181
3.450000 81.759 -95.4320
3.500000 81.860 -95.8243
3.550000 81.960 -96.1971
3.600000 82.060 -96.5803
3.650000 82.161 -96.9596
3.700000 82.263 -97.3217
3.750000 82.365 -97.6643
3.820000 82.509 -98.1547
3.870000 82.613 -98.5002
3.950000 82.778 -99.0423
4.000000 82.881 -99.4044
4.060000 83.005 -99.8517
4.120000 83.129 -100.2929
4.180000 83.254 -100.7352
4.250000 83.399 -101.2837
4.310000 83.522 -101.7536
4.370000 83.642 -102.2334
4.440000 83.780 -102.8420
4.500000 83.896 -103.3735
4.550000 83.992 -103.8185
4.620000 84.123 -104.4717
4.680000 84.232 -105.0350
4.750000 84.354 -105.6875
4.820000 84.470 -106.3750
4.870000 84.550 -106.8791
4.940000 84.658 -107.5851
5.000000 84.746 -108.1979
5.080000 84.857 -109.0019
5.150000 84.947 -109.6785
5.220000 85.030 -110.3712
5.300000 85.117 -111.1617
5.380000 85.197 -111.9228
5.450000 85.262 -112.5691
5.520000 85.321 -113.1651
5.600000 85.382 -113.8214
5.700000 85.449 -114.6106
5.800000 85.511 -115.3170
5.900000 85.570 -115.9309
6.000000 85.624 -116.4503
6.080000 85.667 -116.8219
6.150000 85.706 -117.0965
6.220000 85.749 -117.3439
6.300000 85.802 -117.5682
6.400000 85.874 -117.7738
6.500000 85.954 -117.9414
6.600000 86.047 -118.0825
6.700000 86.153 -118.2008
6.800000 86.272 -118.2948
6.900000 86.401 -118.4220
7.000000 86.541 -118.5966
7.100000 86.692 -118.8170
7.200000 86.851 -119.0805
7.300000 87.012 -119.4248
7.400000 87.174 -119.8500
7.500000 87.338 -120.3538
7.620000 87.530 -121.0404
7.750000 87.727 -121.8925
7.880000 87.911 -122.8649
8.000000 88.068 -123.8110
8.120000 88.206 -124.7917
8.250000 88.337 -125.8964
8.380000 88.449 -126.9934
8.500000 88.536 -127.9789
8.620000 88.607 -128.9388
8.750000 88.669 -129.9211
8.850000 88.708 -130.6208
9.000000 88.752 -131.5774
9.120000 88.780 -132.2630
9.250000 88.807 -132.9100
9.380000 88.832 -133.4622
9.500000 88.855 -133.9091
9.620000 88.880 -134.2887
9.750000 88.909 -134.6358
9.880000 88.939 -134.9358
10.000000 88.965 -135.1693
10.150000 88.997 -135.4625
10.300000 89.031 -135.7168
10.440000 89.065 -135.9262
10.600000 89.107 -136.1435
10.750000 89.151 -136.3358
10.900000 89.200 -136.5231
11.060000 89.259 -136.7599
11.200000 89.316 -137.0216
11.380000 89.394 -137.3881
11.500000 89.448 -137.6567
11.720000 89.546 -138.2122
11.800000 89.581 -138.4386
12.060000 89.689 -139.2857
12.200000 89.740 -139.8385
12.410000 89.807 -140.7162
12.500000 89.833 -141.1008
12.650000 89.871 -141.7466
12.800000 89.903 -142.3792
13.150000 89.946 -143.7792
13.200000 89.949 -143.9684
13.400000 89.961 -144.6651
13.600000 89.971 -145.2729
13.800000 89.987 -145.8055
14.000000 90.011 -146.3052
14.300000 90.065 -147.1261
14.500000 90.107 -147.7191
14.750000 90.158 -148.5220
15.000000 90.199 -149.3775
15.250000 90.225 -150.2887
15.500000 90.239 -151.1355
15.750000 90.247 -151.8733
16.000000 90.263 -152.4945
16.250000 90.298 -153.0854
16.500000 90.356 -153.6760
16.750000 90.431 -154.3470
17.000000 90.511 -155.1555
17.250000 90.581 -156.1335
17.500000 90.629 -157.2080
17.750000 90.646 -158.2870
18.000000 90.632 -159.2771
18.250000 90.598 -160.1191
18.500000 90.557 -160.7398
18.750000 90.526 -161.1475
19.000000 90.517 -161.4026
19.250000 90.537 -161.6298
19.500000 90.580 -161.9010
19.750000 90.635 -162.2784
20.000000 90.690 -162.7770
20.299999 90.737 -163.5139
20.600000 90.756 -164.2611
20.900000 90.754 -164.9080
21.200001 90.747 -165.4189
21.400000 90.748 -165.6920
21.799999 90.778 -166.1826
22.000000 90.806 -166.4687
22.400000 90.869 -167.2549
22.700001 90.900 -167.9998
23.000000 90.905 -168.7926
23.299999 90.885 -169.5415
23.600000 90.851 -170.1520
24.000000 90.818 -170.7465
24.299999 90.819 -171.1452
24.700001 90.848 -171.7932
25.000000 90.871 -172.4364
25.400000 90.873 -173.4485
25.799999 90.829 -174.3826
26.200001 90.766 -175.0245
26.500000 90.737 -175.3073
26.900000 90.747 -175.5970
27.200001 90.787 -175.9313
27.600000 90.848 -176.6754
28.000000 90.872 -177.6707
28.500000 90.822 -178.8462
29.000000 90.734 -179.4825
29.500000 90.700 -179.6481
30.000000 90.751 -179.8440
30.400000 90.821 179.6956
30.700001 90.866 179.1681
31.100000 90.900 178.3131
31.500000 90.904 177.3943
32.000000 90.875 176.2833
32.500000 90.816 175.2467
33.000000 90.730 174.3654
33.500000 90.630 173.7319
34.000000 90.550 173.3488
34.500000 90.512 173.0264
35.000000 90.507 172.5399
35.500000 90.499 171.7990
36.000000 90.458 170.9347
36.500000 90.381 170.1656
37.000000 90.292 169.6470
37.500000 90.222 169.3538
38.200001 90.177 169.0607
38.700001 90.170 168.7800
39.500000 90.176 168.1273
40.000000 90.174 167.5687
40.599998 90.142 166.7962
41.200001 90.065 166.1755
41.799999 89.985 165.9309
42.500000 89.968 165.7978
43.099998 89.996 165.2518
43.700001 89.973 164.2817
44.400002 89.844 163.3227
45.000000 89.727 163.0468
45.500000 89.683 162.9799
46.200001 89.680 162.5576
46.799999 89.656 161.8680
47.500000 89.581 161.1931
48.200001 89.526 160.8639
48.700001 89.521 160.6393
49.400002 89.530 160.1025
50.000000 89.518 159.4906
50.799999 89.458 158.7336
51.500000 89.376 158.3256
52.200001 89.300 158.2540
53.000000 89.278 158.2997
53.799999 89.298 157.8858
54.500000 89.269 157.1409
55.200001 89.179 156.5341
56.000000 89.091 156.2172
57.000000 89.050 155.5609
58.000000 88.941 154.6482
59.000000 88.842 154.3185
60.000000 88.808 153.6845
60.799999 88.717 153.0633
61.500000 88.628 152.9084
62.200001 88.587 152.8441
63.000000 88.562 152.4175
64.000000 88.462 151.6205
65.000000 88.327 151.1734
66.000000 88.237 150.9185
67.000000 88.183 150.4466
68.000000 88.109 149.8268
69.000000 88.018 149.3739
70.000000 87.934 149.1485
71.000000 87.874 149.0819
72.000000 87.845 148.9557
73.000000 87.815 148.5630
74.000000 87.742 148.0421
75.000000 87.641 147.6862
76.199997 87.536 147.3932
77.500000 87.438 147.0227
78.800003 87.338 146.6050
80.000000 87.249 146.3001
81.199997 87.165 145.9544
82.500000 87.064 145.6937
83.800003 86.987 145.4708
85.000000 86.904 145.1014
86.199997 86.796 144.8469
87.500000 86.689 144.7435
88.500000 86.620 144.6928
90.000000 86.551 144.4836
91.199997 86.488 144.1551
92.500000 86.419 143.9563
93.800003 86.370 143.7598
95.000000 86.317 143.5760
96.199997 86.254 143.4409
97.500000 86.178 143.3496
98.800003 86.099 143.2036
100.000000 86.020 143.0280
101.500000 85.931 142.7765
103.000000 85.842 142.4140
104.400002 85.753 142.1606
106.000000 85.654 141.9857
107.500000 85.563 141.8996
109.000000 85.479 141.8234
110.599998 85.396 141.6526
112.000000 85.319 141.4447
113.800003 85.220 141.2543
115.000000 85.156 141.1633
117.199997 85.038 141.0481
118.000000 84.995 141.0063
120.599998 84.858 140.9211
122.000000 84.789 140.8429
124.099998 84.677 140.7436
125.000000 84.628 140.7343
126.500000 84.553 140.7281
128.000000 84.483 140.6808
131.500000 84.321 140.4999
132.000000 84.298 140.4861
134.000000 84.208 140.4396
136.000000 84.119 140.4029
138.000000 84.033 140.3746
140.000000 83.946 140.3507
143.000000 83.810 140.4228
145.000000 83.721 140.4891
147.500000 83.610 140.5342
150.000000 83.500 140.5263
152.500000 83.396 140.6028
155.000000 83.317 140.7165
157.500000 83.253 140.8478
160.000000 83.187 140.9830
162.500000 83.111 141.0931
165.000000 83.028 141.1016
167.500000 82.930 141.0360
170.000000 82.828 141.0366
172.500000 82.728 141.0556
175.000000 82.628 141.1077
177.500000 82.530 141.2007
180.000000 82.433 141.2872
182.500000 82.331 141.3786
185.000000 82.234 141.5101
187.500000 82.141 141.6441
190.000000 82.051 141.8156
192.500000 81.964 141.9582
195.000000 81.883 142.0922
197.500000 81.812 142.2125
200.000000 81.743 142.2901
203.000000 81.653 142.3654
206.000000 81.564 142.4355
209.000000 81.480 142.5144
212.000000 81.395 142.6727
214.000000 81.340 142.8147
218.000000 81.234 143.0991
220.000000 81.182 143.2028
224.000000 81.084 143.3613
227.000000 81.012 143.4896
230.000000 80.939 143.7112
233.000000 80.868 143.9666
236.000000 80.794 144.2216
240.000000 80.697 144.5279
243.000000 80.631 144.6713
247.000000 80.543 144.8552
250.000000 80.476 145.0415
254.000000 80.388 145.3575
258.000000 80.302 145.6841
262.000000 80.215 146.0216
265.000000 80.153 146.2667
269.000000 80.074 146.5701
272.000000 80.017 146.7972
276.000000 79.942 147.0940
280.000000 79.869 147.3939
285.000000 79.775 147.7646
290.000000 79.683 148.1232
295.000000 79.596 148.4979
300.000000 79.514 148.8305
304.000000 79.449 149.1165
307.000000 79.400 149.3364
311.000000 79.334 149.6354
315.000000 79.270 149.9540
320.000000 79.191 150.3594
325.000000 79.115 150.7750
330.000000 79.038 151.1508
335.000000 78.964 151.5121
340.000000 78.891 151.9137
345.000000 78.820 152.3122
350.000000 78.753 152.7083
355.000000 78.691 153.1068
360.000000 78.631 153.4887
365.000000 78.567 153.8711
370.000000 78.500 154.2659
375.000000 78.433 154.6620
382.000000 78.346 155.2471
387.000000 78.285 155.6801
395.000000 78.190 156.3715
400.000000 78.140 156.8326
406.000000 78.086 157.4009
412.000000 78.035 157.9187
418.000000 77.988 158.4062
425.000000 77.932 158.9926
431.000000 77.881 159.4397
437.000000 77.832 159.8668
444.000000 77.781 160.4064
450.000000 77.742 160.8488
455.000000 77.709 161.2174
462.000000 77.658 161.7359
468.000000 77.617 162.1900
475.000000 77.568 162.7349
482.000000 77.517 163.2681
487.000000 77.481 163.6262
494.000000 77.432 164.1607
500.000000 77.391 164.6362
508.000000 77.342 165.2435
515.000000 77.301 165.7595
522.000000 77.260 166.2785
530.000000 77.213 166.8911
538.000000 77.166 167.5020
545.000000 77.125 168.0260
552.000000 77.089 168.5653
560.000000 77.046 169.1974
570.000000 76.988 170.0321
580.000000 76.945 171.0064
590.000000 76.935 171.9614
600.000000 76.941 172.6992
608.000000 76.939 173.1795
615.000000 76.927 173.5800
622.000000 76.907 173.9738
630.000000 76.876 174.4419
640.000000 76.838 175.1295
650.000000 76.804 175.8809
660.000000 76.775 176.6511
670.000000 76.749 177.4054
680.000000 76.727 178.1632
690.000000 76.710 178.9339
700.000000 76.699 179.6885
710.000000 76.694 -179.5607
720.000000 76.690 -178.8193
730.000000 76.686 -178.0547
740.000000 76.685 -177.2833
750.000000 76.688 -176.5255
762.000000 76.697 -175.6336
775.000000 76.709 -174.6873
788.000000 76.725 -173.7180
800.000000 76.742 -172.8348
812.000000 76.762 -171.9588
825.000000 76.791 -171.0114
838.000000 76.827 -170.1064
850.000000 76.864 -169.2732
862.000000 76.905 -168.4452
875.000000 76.952 -167.5678
885.000000 76.990 -166.9111
900.000000 77.048 -165.9364
912.000000 77.098 -165.1582
925.000000 77.159 -164.3406
938.000000 77.228 -163.5633
950.000000 77.295 -162.8736
962.000000 77.362 -162.1931
975.000000 77.437 -161.4835
988.000000 77.516 -160.8103
1000.000000 77.593 -160.2209
1015.000000 77.694 -159.5185
1030.000000 77.802 -158.8610
1044.000000 77.903 -158.2899
1060.000000 78.020 -157.6730
1075.000000 78.130 -157.1574
1090.000000 78.236 -156.6847
1106.000000 78.346 -156.2140
1120.000000 78.441 -155.8273
1138.000000 78.565 -155.4210
1150.000000 78.648 -155.1744
1172.000000 78.793 -154.7585
1180.000000 78.844 -154.6181
1206.000000 79.007 -154.2191
1220.000000 79.093 -154.0462
1241.000000 79.215 -153.8060
1250.000000 79.265 -153.7092
1265.000000 79.346 -153.5552
1280.000000 79.426 -153.4040
1315.000000 79.609 -153.1294
1320.000000 79.635 -153.0908
1340.000000 79.737 -152.9450
1360.000000 79.836 -152.7925
1380.000000 79.931 -152.6559
1400.000000 80.025 -152.5195
1430.000000 80.163 -152.3478
1450.000000 80.251 -152.2233
1475.000000 80.354 -152.0538
1500.000000 80.452 -151.8550
1525.000000 80.552 -151.6737
1550.000000 80.655 -151.4918
1575.000000 80.759 -151.3146
1600.000000 80.860 -151.1418
1625.000000 80.955 -150.9522
1650.000000 81.050 -150.7734
1675.000000 81.152 -150.6323
1700.000000 81.258 -150.4958
1725.000000 81.361 -150.3701
1750.000000 81.464 -150.2542
1775.000000 81.568 -150.1669
1800.000000 81.674 -150.0911
1825.000000 81.781 -150.0297
1850.000000 81.889 -149.9836
1875.000000 81.998 -149.9571
1900.000000 82.107 -149.9464
1925.000000 82.215 -149.9676
1950.000000 82.323 -150.0165
1975.000000 82.428 -150.0729
2000.000000 82.534 -150.1696
2030.000000 82.665 -150.3276
2060.000000 82.794 -150.5149
2090.000000 82.916 -150.7129
2120.000000 83.033 -150.9449
2140.000000 83.110 -151.1161
2180.000000 83.254 -151.4728
2200.000000 83.321 -151.6403
2240.000000 83.450 -151.9427
2270.000000 83.543 -152.1176
2300.000000 83.639 -152.2148
2330.000000 83.747 -152.2375
2360.000000 83.881 -152.2537
2400.000000 84.106 -152.4503
2430.000000 84.295 -152.8750
2470.000000 84.534 -153.8525
2500.000000 84.689 -154.7985
2540.000000 84.853 -156.1595
2580.000000 84.972 -157.5163
2620.000000 85.062 -158.8123
2650.000000 85.118 -159.7552
2690.000000 85.180 -160.9280
2720.000000 85.216 -161.7830
2760.000000 85.256 -162.8978
2800.000000 85.291 -164.0219
2850.000000 85.317 -165.4223
2900.000000 85.316 -166.7990
2950.000000 85.294 -168.1378
3000.000000 85.244 -169.4533
3040.000000 85.171 -170.4670
3070.000000 85.083 -171.1599
3110.000000 84.923 -171.5162
3150.000000 84.862 -170.7415
3200.000000 85.033 -170.8236
3250.000000 85.075 -172.4534
3300.000000 84.989 -173.8440
3350.000000 84.873 -174.8871
3400.000000 84.749 -175.7241
3450.000000 84.619 -176.4252
3500.000000 84.486 -177.0082
3550.000000 84.353 -177.5045
3600.000000 84.222 -177.9066
3650.000000 84.092 -178.2307
3700.000000 83.960 -178.4904
3750.000000 83.831 -178.6758
3820.000000 83.658 -178.8409
3870.000000 83.535 -178.8896
3950.000000 83.341 -178.8676
4000.000000 83.232 -178.8077
4060.000000 83.113 -178.6984
4120.000000 82.998 -178.5328
4180.000000 82.887 -178.3398
4250.000000 82.765 -178.0751
4310.000000 82.668 -177.8259
4370.000000 82.569 -177.5598
4440.000000 82.438 -177.1867
4500.000000 82.305 -176.6352
4550.000000 82.216 -175.6964
4620.000000 82.250 -174.4481
4680.000000 82.280 -174.3683
4750.000000 82.222 -174.3220
4820.000000 82.145 -173.9858
4870.000000 82.093 -173.6510
4940.000000 82.019 -173.1296
5000.000000 81.952 -172.6577
5080.000000 81.855 -171.9775
5150.000000 81.776 -171.3742
5220.000000 81.706 -170.7430
5300.000000 81.633 -170.0115
5380.000000 81.566 -169.2658
5450.000000 81.514 -168.5923
5520.000000 81.468 -167.9100
5600.000000 81.424 -167.1238
5700.000000 81.382 -166.1171
5800.000000 81.349 -165.1192
5900.000000 81.325 -164.0843
6000.000000 81.320 -163.0374
6080.000000 81.328 -162.1563
6150.000000 81.345 -161.3786
6220.000000 81.371 -160.5914
6300.000000 81.422 -159.6734
6400.000000 81.528 -158.5184
6500.000000 81.673 -157.3452
6600.000000 81.848 -156.1592
6700.000000 82.056 -154.9731
6800.000000 82.301 -153.7954
6900.000000 82.589 -152.6688
7000.000000 82.929 -151.6310
7100.000000 83.329 -150.7367
7200.000000 83.797 -150.0813
7300.000000 84.338 -149.7629
7400.000000 84.960 -149.9906
7500.000000 85.660 -150.9710
7620.000000 86.577 -153.4868
7750.000000 87.582 -158.3722
7880.000000 88.441 -165.9283
8000.000000 88.906 -175.0777
8120.000000 88.894 174.7141
8250.000000 88.314 164.0988
8380.000000 87.280 155.5147
8500.000000 86.110 149.9713
8620.000000 84.901 146.6037
8750.000000 83.647 144.8088
8850.000000 82.746 144.4174
9000.000000 81.525 144.9995
9120.000000 80.661 146.1429
9250.000000 79.820 147.9097
9380.000000 79.077 150.1770
9500.000000 78.498 152.6422
9620.000000 78.038 154.9649
9750.000000 77.593 157.0901
9880.000000 77.177 159.2918
10000.000000 76.853 161.3520
10150.000000 76.536 163.8218
10300.000000 76.291 166.0851
10440.000000 76.104 167.9654
10600.000000 75.931 169.8368
10750.000000 75.800 171.2652
10900.000000 75.693 172.2743
11060.000000 75.573 172.8060
11200.000000 75.432 172.8748
11380.000000 75.166 172.6506
11500.000000 74.926 172.5529
11720.000000 74.431 173.0315
11800.000000 74.259 173.2366
12060.000000 73.624 173.9817
12200.000000 73.236 174.7625
12410.000000 72.643 176.5864
12500.000000 72.395 177.6334
12650.000000 72.001 179.7443
12800.000000 71.667 -177.6754
13150.000000 71.159 -171.5912
13200.000000 71.100 -170.6746
13400.000000 70.935 -166.7310
13600.000000 70.915 -162.5122
13800.000000 71.058 -158.2050
14000.000000 71.391 -153.9164
14300.000000 72.394 -148.2515
14500.000000 73.469 -146.3145
14750.000000 75.149 -148.0248
15000.000000 76.936 -155.9907
15250.000000 78.269 -171.4579
15500.000000 78.366 167.3687
15750.000000 76.887 145.8962
16000.000000 74.123 127.9784
16250.000000 70.193 115.5715
16500.000000 65.094 125.7242
16750.000000 63.055 179.2990
17000.000000 64.791 -171.5687
17250.000000 65.812 -175.2928
17500.000000 66.081 179.4899
17750.000000 65.829 173.4542
18000.000000 65.096 167.6768
18250.000000 64.013 162.9897
18500.000000 62.717 159.8085
18750.000000 61.338 158.3241
19000.000000 60.005 158.3812
19250.000000 58.812 159.6194
19500.000000 57.821 161.7278
19750.000000 57.094 164.2522
20000.000000 56.719 166.2987
