* Measurement data measured by REW V5.31.3
* Source: Headset (Odo By VECLAN.COM), MICROPHONE (Master Volume), R, volume: 0.250
* Format: 1M Log Swept Sine, 1 sweep at -12.0 dBFS with no timing reference
* Dated: 02 21, 25 11:17:08 PM
* REW Settings:
*  C-weighting compensation: Off
*  Target level: 75.0 dB
* Note: ; 
* Measurement: edx pro x oct 20 L
* Smoothing: 1/24 octave
* Frequency Step: 1/48 octave
* Start Frequency: 1.000 Hz
*
* Freq(Hz) SPL(dB) Phase(degrees)
1.000000 41.920 66.8408
1.015000 42.490 66.5332
1.030000 43.035 66.0531
1.044000 43.515 65.4500
1.060000 44.026 64.5761
1.075000 44.461 63.5739
1.090000 44.849 62.3900
1.106000 45.216 60.9304
1.120000 45.509 59.5086
1.138000 45.859 57.5229
1.150000 46.078 56.1203
1.172000 46.451 53.4263
1.180000 46.578 52.4167
1.206000 46.966 49.0626
1.220000 47.159 47.2264
1.241000 47.434 44.4518
1.250000 47.546 43.2586
1.265000 47.728 41.2673
1.280000 47.903 39.2740
1.315000 48.299 34.6111
1.320000 48.355 33.9423
1.340000 48.578 31.2547
1.360000 48.803 28.5376
1.380000 49.035 25.7764
1.400000 49.277 22.9541
1.430000 49.665 18.5641
1.450000 49.946 15.5037
1.475000 50.321 11.5071
1.500000 50.710 7.3691
1.525000 51.108 3.1822
1.550000 51.512 -0.9774
1.575000 51.921 -5.0568
1.600000 52.336 -9.0250
1.625000 52.755 -12.8687
1.650000 53.178 -16.5887
1.675000 53.604 -20.1960
1.700000 54.032 -23.7081
1.725000 54.462 -27.1463
1.750000 54.893 -30.5333
1.775000 55.325 -33.8923
1.800000 55.756 -37.2452
1.825000 56.188 -40.6066
1.850000 56.622 -43.9617
1.875000 57.063 -47.2597
1.900000 57.510 -50.4593
1.925000 57.962 -53.5380
1.950000 58.417 -56.4870
1.975000 58.874 -59.3063
2.000000 59.330 -62.0024
2.030000 59.876 -65.0905
2.060000 60.416 -68.0403
2.090000 60.948 -70.8776
2.120000 61.469 -73.6288
2.140000 61.808 -75.4278
2.180000 62.466 -78.9738
2.200000 62.784 -80.7305
2.240000 63.401 -84.2008
2.270000 63.853 -86.7400
2.300000 64.294 -89.2076
2.330000 64.726 -91.5967
2.360000 65.148 -93.9058
2.400000 65.697 -96.8658
2.430000 66.097 -99.0047
2.470000 66.618 -101.7645
2.500000 66.998 -103.7780
2.540000 67.491 -106.4086
2.580000 67.968 -109.0055
2.620000 68.428 -111.5882
2.650000 68.761 -113.5075
2.690000 69.190 -116.0241
2.720000 69.502 -117.8707
2.760000 69.905 -120.2695
2.800000 70.294 -122.5922
2.850000 70.764 -125.3896
2.900000 71.216 -128.0803
2.950000 71.652 -130.7010
3.000000 72.067 -133.3073
3.040000 72.384 -135.3806
3.070000 72.613 -136.9184
3.110000 72.909 -138.9339
3.150000 73.195 -140.8994
3.200000 73.538 -143.2733
3.250000 73.869 -145.5471
3.300000 74.187 -147.7300
3.350000 74.491 -149.8696
3.400000 74.779 -151.9940
3.450000 75.052 -154.0891
3.500000 75.313 -156.1338
3.550000 75.563 -158.1092
3.600000 75.804 -159.9998
3.650000 76.037 -161.7991
3.700000 76.261 -163.5274
3.750000 76.474 -165.2170
3.820000 76.755 -167.5242
3.870000 76.946 -169.1182
3.950000 77.239 -171.5454
4.000000 77.418 -172.9709
4.060000 77.628 -174.5883
4.120000 77.830 -176.1275
4.180000 78.024 -177.6042
4.250000 78.244 -179.2536
4.310000 78.430 179.3954
4.370000 78.617 178.1046
4.440000 78.836 176.6811
4.500000 79.022 175.5300
4.550000 79.177 174.6097
4.620000 79.393 173.3624
4.680000 79.580 172.3165
4.750000 79.800 171.1115
4.820000 80.024 169.9324
4.870000 80.186 169.1135
4.940000 80.415 167.9883
5.000000 80.611 167.0277
5.080000 80.873 165.7274
5.150000 81.102 164.5606
5.220000 81.331 163.3790
5.300000 81.593 162.0193
5.380000 81.852 160.6413
5.450000 82.074 159.4101
5.520000 82.290 158.1475
5.600000 82.532 156.6678
5.700000 82.825 154.7839
5.800000 83.104 152.8837
5.900000 83.367 150.9677
6.000000 83.614 149.0182
6.080000 83.801 147.4515
6.150000 83.956 146.0941
6.220000 84.103 144.7572
6.300000 84.261 143.2446
6.400000 84.445 141.3646
6.500000 84.614 139.5240
6.600000 84.773 137.7536
6.700000 84.919 136.0462
6.800000 85.055 134.3895
6.900000 85.184 132.7965
7.000000 85.308 131.2797
7.100000 85.428 129.8323
7.200000 85.543 128.4424
7.300000 85.659 127.1042
7.400000 85.775 125.8184
7.500000 85.892 124.5814
7.620000 86.033 123.1391
7.750000 86.190 121.6066
7.880000 86.349 120.1045
8.000000 86.497 118.7296
8.120000 86.645 117.3492
8.250000 86.805 115.8484
8.380000 86.962 114.3443
8.500000 87.101 112.9486
8.620000 87.237 111.5469
8.750000 87.377 110.0342
8.850000 87.480 108.8792
9.000000 87.627 107.1591
9.120000 87.738 105.8044
9.250000 87.853 104.3660
9.380000 87.963 102.9551
9.500000 88.062 101.6795
9.620000 88.158 100.4314
9.750000 88.258 99.1063
9.880000 88.352 97.8046
10.000000 88.431 96.6214
10.150000 88.521 95.1637
10.300000 88.604 93.7232
10.440000 88.675 92.3911
10.600000 88.751 90.8853
10.750000 88.818 89.4896
10.900000 88.880 88.1123
11.060000 88.941 86.6724
11.200000 88.989 85.4382
11.380000 89.047 83.8937
11.500000 89.083 82.8927
11.720000 89.145 81.1118
11.800000 89.167 80.4810
12.060000 89.238 78.4807
12.200000 89.275 77.4262
12.410000 89.332 75.8659
12.500000 89.358 75.2025
12.650000 89.405 74.1031
12.800000 89.451 73.0157
13.150000 89.542 70.5491
13.200000 89.553 70.2095
13.400000 89.593 68.8918
13.600000 89.627 67.6519
13.800000 89.660 66.4974
14.000000 89.696 65.4208
14.300000 89.764 63.9128
14.500000 89.822 62.9352
14.750000 89.904 61.6887
15.000000 89.993 60.3757
15.250000 90.078 58.9784
15.500000 90.150 57.5191
15.750000 90.205 56.0402
16.000000 90.242 54.5971
16.250000 90.267 53.2369
16.500000 90.285 51.9831
16.750000 90.304 50.8341
17.000000 90.330 49.7604
17.250000 90.363 48.7228
17.500000 90.404 47.6828
17.750000 90.446 46.6174
18.000000 90.485 45.5246
18.250000 90.518 44.4185
18.500000 90.541 43.3238
18.750000 90.558 42.2626
19.000000 90.569 41.2491
19.250000 90.579 40.2854
19.500000 90.591 39.3618
19.750000 90.605 38.4641
20.000000 90.621 37.5775
20.299999 90.640 36.5160
20.600000 90.658 35.4549
20.900000 90.672 34.4019
21.200001 90.682 33.3687
21.400000 90.686 32.6953
21.799999 90.693 31.3894
22.000000 90.697 30.7560
22.400000 90.704 29.5216
22.700001 90.710 28.6168
23.000000 90.717 27.7220
23.299999 90.724 26.8296
23.600000 90.731 25.9335
24.000000 90.737 24.7312
24.299999 90.735 23.8344
24.700001 90.723 22.6776
25.000000 90.708 21.8639
25.400000 90.688 20.8722
25.799999 90.675 19.9731
26.200001 90.674 19.1158
26.500000 90.680 18.4649
26.900000 90.692 17.5593
27.200001 90.700 16.8524
27.600000 90.706 15.8905
28.000000 90.706 14.9229
28.500000 90.701 13.7032
29.000000 90.684 12.4684
29.500000 90.647 11.2789
30.000000 90.594 10.2491
30.400000 90.558 9.5723
30.700001 90.543 9.1177
31.100000 90.543 8.4979
31.500000 90.558 7.7740
32.000000 90.572 6.6847
32.500000 90.558 5.5039
33.000000 90.518 4.4086
33.500000 90.472 3.4813
34.000000 90.438 2.6719
34.500000 90.418 1.8841
35.000000 90.404 1.0641
35.500000 90.387 0.2155
36.000000 90.362 -0.6329
36.500000 90.329 -1.4465
37.000000 90.291 -2.1965
37.500000 90.251 -2.8728
38.200001 90.206 -3.7407
38.700001 90.182 -4.3636
39.500000 90.143 -5.4325
40.000000 90.111 -6.1238
40.599998 90.066 -6.9216
41.200001 90.022 -7.6684
41.799999 89.985 -8.4091
42.500000 89.941 -9.3169
43.099998 89.895 -10.0850
43.700001 89.847 -10.7789
44.400002 89.802 -11.5227
45.000000 89.772 -12.1826
45.500000 89.746 -12.7601
46.200001 89.701 -13.5593
46.799999 89.660 -14.2042
47.500000 89.614 -14.9228
48.200001 89.568 -15.6237
48.700001 89.536 -16.1176
49.400002 89.493 -16.8115
50.000000 89.455 -17.4115
50.799999 89.401 -18.1901
51.500000 89.355 -18.8340
52.200001 89.315 -19.4724
53.000000 89.269 -20.2261
53.799999 89.218 -20.9739
54.500000 89.172 -21.6123
55.200001 89.124 -22.2559
56.000000 89.058 -22.9574
57.000000 88.978 -23.7002
58.000000 88.915 -24.4260
59.000000 88.852 -25.1923
60.000000 88.791 -25.9435
60.799999 88.740 -26.5590
61.500000 88.689 -27.0676
62.200001 88.636 -27.5236
63.000000 88.579 -27.9991
64.000000 88.512 -28.5647
65.000000 88.447 -29.2036
66.000000 88.359 -29.8000
67.000000 88.288 -30.2075
68.000000 88.249 -30.7398
69.000000 88.206 -31.3920
70.000000 88.165 -32.0633
71.000000 88.116 -32.7572
72.000000 88.062 -33.3417
73.000000 88.013 -33.9059
74.000000 87.954 -34.4509
75.000000 87.893 -34.9155
76.199997 87.827 -35.4710
77.500000 87.756 -36.1758
78.800003 87.673 -36.8918
80.000000 87.599 -37.5178
81.199997 87.527 -38.0973
82.500000 87.460 -38.6997
83.800003 87.387 -39.3577
85.000000 87.310 -39.9146
86.199997 87.232 -40.4215
87.500000 87.152 -40.9039
88.500000 87.101 -41.2550
90.000000 87.035 -41.8346
91.199997 86.979 -42.3350
92.500000 86.910 -42.8732
93.800003 86.834 -43.3821
95.000000 86.759 -43.8520
96.199997 86.683 -44.2556
97.500000 86.612 -44.6932
98.800003 86.542 -45.1575
100.000000 86.477 -45.5349
101.500000 86.398 -45.9880
103.000000 86.317 -46.4017
104.400002 86.244 -46.8301
106.000000 86.151 -47.3472
107.500000 86.069 -47.8000
109.000000 85.992 -48.2497
110.599998 85.920 -48.6724
112.000000 85.865 -49.0532
113.800003 85.790 -49.6082
115.000000 85.727 -49.9575
117.199997 85.607 -50.3670
118.000000 85.570 -50.4789
120.599998 85.452 -50.9332
122.000000 85.387 -51.2195
124.099998 85.294 -51.7168
125.000000 85.253 -51.9438
126.500000 85.189 -52.2199
128.000000 85.142 -52.4760
131.500000 85.015 -53.1768
132.000000 84.997 -53.2645
134.000000 84.928 -53.6381
136.000000 84.861 -54.0599
138.000000 84.783 -54.4501
140.000000 84.702 -54.7915
143.000000 84.586 -55.4060
145.000000 84.510 -55.7859
147.500000 84.424 -56.1324
150.000000 84.339 -56.4669
152.500000 84.250 -56.8706
155.000000 84.167 -57.2850
157.500000 84.091 -57.6333
160.000000 84.010 -57.9426
162.500000 83.918 -58.2675
165.000000 83.823 -58.5862
167.500000 83.732 -58.8907
170.000000 83.646 -59.1775
172.500000 83.561 -59.4686
175.000000 83.475 -59.7471
177.500000 83.390 -60.0211
180.000000 83.304 -60.3068
182.500000 83.217 -60.5754
185.000000 83.133 -60.8439
187.500000 83.051 -61.0928
190.000000 82.972 -61.3278
192.500000 82.894 -61.5701
195.000000 82.816 -61.8157
197.500000 82.742 -62.0497
200.000000 82.673 -62.2615
203.000000 82.593 -62.4973
206.000000 82.517 -62.7510
209.000000 82.445 -63.0153
212.000000 82.374 -63.2601
214.000000 82.327 -63.4150
218.000000 82.237 -63.7229
220.000000 82.194 -63.8737
224.000000 82.107 -64.1718
227.000000 82.042 -64.3834
230.000000 81.978 -64.5797
233.000000 81.914 -64.7659
236.000000 81.851 -64.9587
240.000000 81.769 -65.2097
243.000000 81.709 -65.3820
247.000000 81.629 -65.6033
250.000000 81.571 -65.7689
254.000000 81.494 -65.9817
258.000000 81.417 -66.1874
262.000000 81.340 -66.3887
265.000000 81.283 -66.5270
269.000000 81.206 -66.6819
272.000000 81.151 -66.7989
276.000000 81.080 -66.9597
280.000000 81.010 -67.1080
285.000000 80.926 -67.2812
290.000000 80.848 -67.4313
295.000000 80.771 -67.5505
300.000000 80.699 -67.6624
304.000000 80.650 -67.7650
307.000000 80.618 -67.8710
311.000000 80.579 -68.0529
315.000000 80.538 -68.2575
320.000000 80.485 -68.4822
325.000000 80.425 -68.6843
330.000000 80.361 -68.8914
335.000000 80.299 -69.1064
340.000000 80.238 -69.3140
345.000000 80.181 -69.5096
350.000000 80.124 -69.6823
355.000000 80.064 -69.8484
360.000000 80.009 -69.9878
365.000000 79.960 -70.1437
370.000000 79.911 -70.2928
375.000000 79.863 -70.4232
382.000000 79.798 -70.6185
387.000000 79.756 -70.7574
395.000000 79.691 -70.9917
400.000000 79.646 -71.1353
406.000000 79.595 -71.2947
412.000000 79.544 -71.4491
418.000000 79.493 -71.6019
425.000000 79.436 -71.7299
431.000000 79.392 -71.8420
437.000000 79.355 -72.0033
444.000000 79.314 -72.1797
450.000000 79.282 -72.3058
455.000000 79.255 -72.4041
462.000000 79.216 -72.5452
468.000000 79.185 -72.6802
475.000000 79.145 -72.8533
482.000000 79.104 -73.0133
487.000000 79.075 -73.1223
494.000000 79.034 -73.2660
500.000000 79.002 -73.3796
508.000000 78.966 -73.5598
515.000000 78.938 -73.7178
522.000000 78.907 -73.8350
530.000000 78.867 -73.9658
538.000000 78.833 -74.0953
545.000000 78.810 -74.2219
552.000000 78.791 -74.3509
560.000000 78.774 -74.4816
570.000000 78.752 -74.6854
580.000000 78.722 -74.8234
590.000000 78.684 -74.9534
600.000000 78.652 -75.0945
608.000000 78.631 -75.2083
615.000000 78.615 -75.3138
622.000000 78.601 -75.4140
630.000000 78.585 -75.5181
640.000000 78.565 -75.6526
650.000000 78.545 -75.7780
660.000000 78.527 -75.8804
670.000000 78.512 -75.9839
680.000000 78.501 -76.0759
690.000000 78.495 -76.1531
700.000000 78.494 -76.2336
710.000000 78.497 -76.3130
720.000000 78.500 -76.3834
730.000000 78.502 -76.4514
740.000000 78.505 -76.5165
750.000000 78.511 -76.5894
762.000000 78.520 -76.6946
775.000000 78.525 -76.8225
788.000000 78.524 -76.9760
800.000000 78.507 -77.1704
812.000000 78.453 -77.2323
825.000000 78.378 -76.6031
838.000000 78.442 -75.3787
850.000000 78.607 -75.0364
862.000000 78.734 -75.2996
875.000000 78.820 -75.6017
885.000000 78.871 -75.7737
900.000000 78.945 -75.9649
912.000000 79.005 -76.0865
925.000000 79.072 -76.2081
938.000000 79.145 -76.3410
950.000000 79.215 -76.4633
962.000000 79.290 -76.5952
975.000000 79.375 -76.7620
988.000000 79.461 -76.9409
1000.000000 79.541 -77.1191
1015.000000 79.649 -77.3777
1030.000000 79.763 -77.6694
1044.000000 79.874 -77.9719
1060.000000 79.999 -78.3589
1075.000000 80.113 -78.7416
1090.000000 80.229 -79.1757
1106.000000 80.355 -79.6751
1120.000000 80.462 -80.1306
1138.000000 80.594 -80.7551
1150.000000 80.679 -81.1908
1172.000000 80.835 -82.0281
1180.000000 80.891 -82.3442
1206.000000 81.073 -83.4065
1220.000000 81.166 -83.9974
1241.000000 81.299 -84.8926
1250.000000 81.354 -85.2808
1265.000000 81.445 -85.9363
1280.000000 81.536 -86.5977
1315.000000 81.737 -88.1199
1320.000000 81.765 -88.3348
1340.000000 81.875 -89.1919
1360.000000 81.983 -90.0315
1380.000000 82.093 -90.8689
1400.000000 82.200 -91.7047
1430.000000 82.348 -92.9263
1450.000000 82.444 -93.7356
1475.000000 82.566 -94.7327
1500.000000 82.687 -95.7292
1525.000000 82.800 -96.6950
1550.000000 82.912 -97.6484
1575.000000 83.022 -98.5876
1600.000000 83.130 -99.5098
1625.000000 83.237 -100.4096
1650.000000 83.338 -101.2739
1675.000000 83.433 -102.0836
1700.000000 83.524 -102.8232
1725.000000 83.611 -103.4602
1750.000000 83.700 -103.9574
1775.000000 83.802 -104.2745
1800.000000 83.933 -104.3502
1825.000000 84.118 -104.2404
1850.000000 84.379 -104.1665
1875.000000 84.704 -104.4284
1900.000000 85.059 -105.2679
1925.000000 85.395 -106.6671
1950.000000 85.682 -108.4082
1975.000000 85.916 -110.2703
2000.000000 86.108 -112.1115
2030.000000 86.304 -114.2049
2060.000000 86.480 -116.1639
2090.000000 86.648 -118.0255
2120.000000 86.814 -119.8440
2140.000000 86.927 -121.0536
2180.000000 87.150 -123.5135
2200.000000 87.256 -124.7693
2240.000000 87.453 -127.3153
2270.000000 87.586 -129.2332
2300.000000 87.706 -131.1442
2330.000000 87.815 -133.0388
2360.000000 87.917 -134.9177
2400.000000 88.041 -137.3804
2430.000000 88.125 -139.1804
2470.000000 88.219 -141.4913
2500.000000 88.274 -143.1467
2540.000000 88.346 -145.2062
2580.000000 88.439 -147.0731
2620.000000 88.570 -148.8730
2650.000000 88.687 -150.3266
2690.000000 88.840 -152.5376
2720.000000 88.938 -154.4062
2760.000000 89.035 -157.0626
2800.000000 89.089 -159.7362
2850.000000 89.105 -162.9514
2900.000000 89.072 -165.9290
2950.000000 88.999 -168.5863
3000.000000 88.919 -170.8761
3040.000000 88.873 -172.5466
3070.000000 88.845 -173.7766
3110.000000 88.802 -175.4008
3150.000000 88.744 -176.9840
3200.000000 88.653 -178.8565
3250.000000 88.546 179.4295
3300.000000 88.432 177.8769
3350.000000 88.317 176.4932
3400.000000 88.203 175.2718
3450.000000 88.101 174.1992
3500.000000 88.015 173.2638
3550.000000 87.943 172.4218
3600.000000 87.875 171.6438
3650.000000 87.814 170.9153
3700.000000 87.766 170.2352
3750.000000 87.724 169.6105
3820.000000 87.673 168.8218
3870.000000 87.644 168.3027
3950.000000 87.617 167.5323
4000.000000 87.614 167.0901
4060.000000 87.626 166.5799
4120.000000 87.654 166.0864
4180.000000 87.687 165.6080
4250.000000 87.724 165.0692
4310.000000 87.769 164.6023
4370.000000 87.822 164.1278
4440.000000 87.892 163.5540
4500.000000 87.958 163.0319
4550.000000 88.014 162.5815
4620.000000 88.091 161.9235
4680.000000 88.156 161.3225
4750.000000 88.238 160.5795
4820.000000 88.323 159.7893
4870.000000 88.380 159.2002
4940.000000 88.447 158.3385
5000.000000 88.486 157.5625
5080.000000 88.504 156.4722
5150.000000 88.485 155.4755
5220.000000 88.444 154.4752
5300.000000 88.378 153.3711
5380.000000 88.297 152.3514
5450.000000 88.209 151.5684
5520.000000 88.097 150.9058
5600.000000 87.948 150.3019
5700.000000 87.743 149.8213
5800.000000 87.523 149.6655
5900.000000 87.303 149.8157
6000.000000 87.095 150.2687
6080.000000 86.933 150.8591
6150.000000 86.796 151.5448
6220.000000 86.669 152.3776
6300.000000 86.553 153.4866
6400.000000 86.463 155.0693
6500.000000 86.416 156.8332
6600.000000 86.407 158.7274
6700.000000 86.430 160.7296
6800.000000 86.486 162.9013
6900.000000 86.587 165.2275
7000.000000 86.750 167.7008
7100.000000 86.996 170.2609
7200.000000 87.333 172.7144
7300.000000 87.752 174.8421
7400.000000 88.247 176.5206
7500.000000 88.822 177.6276
7620.000000 89.612 177.9198
7750.000000 90.553 176.4387
7880.000000 91.468 172.4606
8000.000000 92.106 166.3321
8120.000000 92.343 158.3040
8250.000000 92.010 148.9648
8380.000000 91.099 140.9250
8500.000000 89.910 135.8406
8620.000000 88.568 133.2813
8750.000000 87.094 133.0312
8850.000000 86.011 134.2562
9000.000000 84.524 137.7725
9120.000000 83.464 141.6456
9250.000000 82.439 146.6090
9380.000000 81.531 152.1323
9500.000000 80.783 157.6176
9620.000000 80.118 163.4324
9750.000000 79.490 170.0323
9880.000000 78.951 176.8694
10000.000000 78.529 -176.6356
10150.000000 78.119 -168.2876
10300.000000 77.842 -159.8381
10440.000000 77.684 -152.0652
10600.000000 77.586 -143.1969
10750.000000 77.590 -134.7403
10900.000000 77.721 -126.3513
11060.000000 77.981 -117.9158
11200.000000 78.275 -111.0388
11380.000000 78.730 -102.7868
11500.000000 79.091 -97.6061
11720.000000 79.904 -89.0547
11800.000000 80.247 -86.4426
12060.000000 81.407 -80.8682
12200.000000 81.926 -79.8328
12410.000000 82.378 -80.1328
12500.000000 82.419 -80.6296
12650.000000 82.267 -81.4347
12800.000000 81.863 -81.6492
13150.000000 80.277 -77.1129
13200.000000 80.022 -75.6931
13400.000000 79.135 -68.0956
13600.000000 78.567 -60.0331
13800.000000 78.060 -52.0070
14000.000000 77.666 -43.0164
14300.000000 77.467 -29.0312
14500.000000 77.617 -20.2690
14750.000000 78.079 -11.3113
15000.000000 78.687 -5.9734
15250.000000 79.100 -5.1857
15500.000000 78.848 -7.8471
15750.000000 77.695 -10.2592
16000.000000 75.879 -8.7767
16250.000000 73.893 -2.2344
16500.000000 72.067 8.5288
16750.000000 70.517 22.1213
17000.000000 69.265 37.4749
17250.000000 68.309 54.0063
17500.000000 67.662 71.2750
17750.000000 67.328 88.6335
18000.000000 67.294 105.4478
18250.000000 67.533 120.8989
18500.000000 68.030 132.9366
18750.000000 68.812 139.3555
19000.000000 69.901 142.5681
19250.000000 71.144 142.2474
19500.000000 72.225 136.9953
19750.000000 72.887 127.5107
20000.000000 73.121 117.9677
