* Measurement data measured by REW V5.31.3
* Source: Headset (Odo By VECLAN.COM), MICROPHONE (Master Volume), R, volume: 0.250
* Format: 1M Log Swept Sine, 1 sweep at -12.0 dBFS with no timing reference
* Dated: 11 4, 25 12:48:07 PM
* REW Settings:
*  C-weighting compensation: Off
*  Target level: 75.0 dB
* Note: ; 
* Measurement: edxpln L
* Smoothing: 1/24 octave
* Frequency Step: 1/48 octave
* Start Frequency: 1.000 Hz
*
* Freq(Hz) SPL(dB) Phase(degrees)
1.000000 71.800 -99.9226
1.015000 72.135 -99.0439
1.030000 72.464 -98.2592
1.044000 72.764 -97.6092
1.060000 73.097 -96.9601
1.075000 73.397 -96.4388
1.090000 73.685 -95.9958
1.106000 73.982 -95.5900
1.120000 74.241 -95.2623
1.138000 74.577 -94.8604
1.150000 74.804 -94.6040
1.172000 75.223 -94.1622
1.180000 75.376 -94.0122
1.206000 75.874 -93.5614
1.220000 76.142 -93.3431
1.241000 76.542 -93.0493
1.250000 76.711 -92.9359
1.265000 76.992 -92.7639
1.280000 77.269 -92.6133
1.315000 77.897 -92.3456
1.320000 77.984 -92.3170
1.340000 78.325 -92.2264
1.360000 78.653 -92.1744
1.380000 78.966 -92.1500
1.400000 79.263 -92.1596
1.430000 79.671 -92.2447
1.450000 79.917 -92.3470
1.475000 80.192 -92.5123
1.500000 80.431 -92.6857
1.525000 80.635 -92.8533
1.550000 80.810 -93.0176
1.575000 80.957 -93.1773
1.600000 81.083 -93.3320
1.625000 81.189 -93.4941
1.650000 81.281 -93.6667
1.675000 81.361 -93.8522
1.700000 81.434 -94.0532
1.725000 81.504 -94.2718
1.750000 81.574 -94.5099
1.775000 81.649 -94.7735
1.800000 81.731 -95.0681
1.825000 81.824 -95.3849
1.850000 81.923 -95.7171
1.875000 82.023 -96.0536
1.900000 82.121 -96.3894
1.925000 82.217 -96.7228
1.950000 82.310 -97.0530
1.975000 82.401 -97.3835
2.000000 82.490 -97.7179
2.030000 82.594 -98.1146
2.060000 82.696 -98.5076
2.090000 82.795 -98.8982
2.120000 82.893 -99.2879
2.140000 82.957 -99.5480
2.180000 83.084 -100.0785
2.200000 83.146 -100.3529
2.240000 83.268 -100.9048
2.270000 83.357 -101.3182
2.300000 83.443 -101.7281
2.330000 83.527 -102.1324
2.360000 83.610 -102.5297
2.400000 83.717 -103.0683
2.430000 83.795 -103.4650
2.470000 83.897 -103.9800
2.500000 83.973 -104.3559
2.540000 84.071 -104.8447
2.580000 84.168 -105.3359
2.620000 84.262 -105.8491
2.650000 84.331 -106.2309
2.690000 84.421 -106.7330
2.720000 84.487 -107.1021
2.760000 84.573 -107.5805
2.800000 84.656 -108.0707
2.850000 84.758 -108.6611
2.900000 84.857 -109.2198
2.950000 84.953 -109.7512
3.000000 85.046 -110.2940
3.040000 85.118 -110.7288
3.070000 85.170 -111.0480
3.110000 85.239 -111.4624
3.150000 85.306 -111.8620
3.200000 85.388 -112.3608
3.250000 85.470 -112.8415
3.300000 85.550 -113.2933
3.350000 85.629 -113.7222
3.400000 85.706 -114.1594
3.450000 85.782 -114.5900
3.500000 85.856 -115.0019
3.550000 85.930 -115.3925
3.600000 86.004 -115.7879
3.650000 86.077 -116.1720
3.700000 86.150 -116.5354
3.750000 86.223 -116.8820
3.820000 86.325 -117.3800
3.870000 86.397 -117.7268
3.950000 86.512 -118.2526
4.000000 86.584 -118.5879
4.060000 86.671 -118.9858
4.120000 86.759 -119.3659
4.180000 86.846 -119.7385
4.250000 86.949 -120.1940
4.310000 87.036 -120.5717
4.370000 87.124 -120.9451
4.440000 87.226 -121.4082
4.500000 87.314 -121.7979
4.550000 87.386 -122.1162
4.620000 87.488 -122.5854
4.680000 87.575 -122.9889
4.750000 87.674 -123.4541
4.820000 87.773 -123.9456
4.870000 87.843 -124.3009
4.940000 87.940 -124.7935
5.000000 88.022 -125.2283
5.080000 88.130 -125.8151
5.150000 88.221 -126.3225
5.220000 88.310 -126.8523
5.300000 88.409 -127.4638
5.380000 88.506 -128.0706
5.450000 88.587 -128.6172
5.520000 88.666 -129.1512
5.600000 88.752 -129.7703
5.700000 88.856 -130.5589
5.800000 88.954 -131.3330
5.900000 89.047 -132.1021
6.000000 89.134 -132.8610
6.080000 89.200 -133.4734
6.150000 89.256 -133.9896
6.220000 89.310 -134.5078
6.300000 89.368 -135.0847
6.400000 89.438 -135.7925
6.500000 89.504 -136.4933
6.600000 89.567 -137.1668
6.700000 89.628 -137.8286
6.800000 89.685 -138.4706
6.900000 89.741 -139.1025
7.000000 89.794 -139.7112
7.100000 89.846 -140.3116
7.200000 89.896 -140.8932
7.300000 89.944 -141.4649
7.400000 89.990 -142.0172
7.500000 90.035 -142.5632
7.620000 90.086 -143.1979
7.750000 90.140 -143.8604
7.880000 90.191 -144.5122
8.000000 90.237 -145.0862
8.120000 90.282 -145.6405
8.250000 90.328 -146.2193
8.380000 90.375 -146.7757
8.500000 90.419 -147.2789
8.620000 90.463 -147.7675
8.750000 90.512 -148.2900
8.850000 90.551 -148.6935
9.000000 90.608 -149.2921
9.120000 90.655 -149.7796
9.250000 90.706 -150.3186
9.380000 90.756 -150.8653
9.500000 90.800 -151.3887
9.620000 90.843 -151.9233
9.750000 90.884 -152.5167
9.880000 90.916 -153.1173
10.000000 90.935 -153.6667
10.150000 90.946 -154.3925
10.300000 90.945 -155.0821
10.440000 90.934 -155.6888
10.600000 90.914 -156.3283
10.750000 90.891 -156.8651
10.900000 90.866 -157.3441
11.060000 90.842 -157.8231
11.200000 90.826 -158.2373
11.380000 90.810 -158.7225
11.500000 90.804 -159.0231
11.720000 90.799 -159.5517
11.800000 90.799 -159.7441
12.060000 90.807 -160.4071
12.200000 90.813 -160.8253
12.410000 90.825 -161.4701
12.500000 90.832 -161.7495
12.650000 90.845 -162.2164
12.800000 90.859 -162.6760
13.150000 90.888 -163.7418
13.200000 90.892 -163.8960
13.400000 90.910 -164.4927
13.600000 90.931 -165.0719
13.800000 90.957 -165.6506
14.000000 90.987 -166.2597
14.300000 91.032 -167.3266
14.500000 91.055 -168.1020
14.750000 91.066 -169.1109
15.000000 91.053 -170.1155
15.250000 91.016 -171.0954
15.500000 90.961 -171.9245
15.750000 90.898 -172.5600
16.000000 90.844 -173.0016
16.250000 90.810 -173.3424
16.500000 90.801 -173.6159
16.750000 90.814 -173.9049
17.000000 90.840 -174.2704
17.250000 90.867 -174.7570
17.500000 90.887 -175.3154
17.750000 90.894 -175.8927
18.000000 90.888 -176.4432
18.250000 90.875 -176.9575
18.500000 90.862 -177.4009
18.750000 90.854 -177.7888
19.000000 90.853 -178.1550
19.250000 90.858 -178.5583
19.500000 90.863 -178.9938
19.750000 90.865 -179.4595
20.000000 90.859 -179.9355
20.299999 90.842 179.4874
20.600000 90.819 178.9721
20.900000 90.796 178.5249
21.200001 90.781 178.0981
21.400000 90.776 177.8064
21.799999 90.770 177.1746
22.000000 90.766 176.8257
22.400000 90.747 176.0635
22.700001 90.722 175.4999
23.000000 90.689 174.9786
23.299999 90.654 174.4980
23.600000 90.621 174.0673
24.000000 90.585 173.5361
24.299999 90.563 173.1270
24.700001 90.537 172.5721
25.000000 90.516 172.1533
25.400000 90.488 171.5870
25.799999 90.457 171.0396
26.200001 90.427 170.4988
26.500000 90.403 170.0963
26.900000 90.370 169.5811
27.200001 90.344 169.2086
27.600000 90.309 168.7349
28.000000 90.276 168.2836
28.500000 90.237 167.7142
29.000000 90.197 167.1465
29.500000 90.153 166.5784
30.000000 90.106 166.0358
30.400000 90.068 165.6123
30.700001 90.040 165.3040
31.100000 90.003 164.9000
31.500000 89.966 164.4953
32.000000 89.921 164.0041
32.500000 89.878 163.5082
33.000000 89.834 163.0121
33.500000 89.788 162.5184
34.000000 89.739 162.0555
34.500000 89.692 161.6243
35.000000 89.651 161.2140
35.500000 89.614 160.7834
36.000000 89.575 160.3259
36.500000 89.529 159.8645
37.000000 89.478 159.4466
37.500000 89.428 159.0767
38.200001 89.364 158.5865
38.700001 89.320 158.2196
39.500000 89.241 157.6459
40.000000 89.191 157.3220
40.599998 89.137 156.9400
41.200001 89.087 156.5233
41.799999 89.031 156.0605
42.500000 88.951 155.5256
43.099998 88.878 155.1452
43.700001 88.810 154.8365
44.400002 88.743 154.4797
45.000000 88.688 154.1395
45.500000 88.639 153.8536
46.200001 88.569 153.5054
46.799999 88.515 153.2402
47.500000 88.456 152.9113
48.200001 88.394 152.5575
48.700001 88.345 152.3210
49.400002 88.272 152.0646
50.000000 88.217 151.9207
50.799999 88.165 151.7220
51.500000 88.128 151.4234
52.200001 88.078 151.0461
53.000000 88.006 150.6625
53.799999 87.938 150.3254
54.500000 87.880 150.0178
55.200001 87.820 149.7136
56.000000 87.752 149.3774
57.000000 87.665 148.9765
58.000000 87.583 148.6090
59.000000 87.496 148.2316
60.000000 87.410 147.9692
60.799999 87.356 147.7310
61.500000 87.304 147.4463
62.200001 87.240 147.1961
63.000000 87.171 147.0003
64.000000 87.098 146.7697
65.000000 87.036 146.4762
66.000000 86.958 146.0710
67.000000 86.861 145.8347
68.000000 86.787 145.6836
69.000000 86.713 145.4068
70.000000 86.626 145.1795
71.000000 86.545 144.9868
72.000000 86.469 144.7743
73.000000 86.395 144.5412
74.000000 86.318 144.2922
75.000000 86.240 144.0898
76.199997 86.147 143.9089
77.500000 86.061 143.7983
78.800003 85.973 143.6262
80.000000 85.892 143.5416
81.199997 85.809 143.3621
82.500000 85.707 143.3291
83.800003 85.648 143.2171
85.000000 85.569 142.8531
86.199997 85.472 142.7322
87.500000 85.403 142.6782
88.500000 85.350 142.5321
90.000000 85.252 142.4052
91.199997 85.178 142.4041
92.500000 85.109 142.3713
93.800003 85.038 142.2238
95.000000 84.967 142.0350
96.199997 84.890 141.8293
97.500000 84.807 141.6517
98.800003 84.728 141.4958
100.000000 84.656 141.3720
101.500000 84.568 141.2703
103.000000 84.480 141.1863
104.400002 84.398 141.1168
106.000000 84.309 141.0529
107.500000 84.228 140.9904
109.000000 84.149 140.9479
110.599998 84.067 140.9003
112.000000 83.994 140.8430
113.800003 83.898 140.8011
115.000000 83.835 140.7929
117.199997 83.721 140.8226
118.000000 83.681 140.8412
120.599998 83.549 140.8743
122.000000 83.478 140.8455
124.099998 83.372 140.7758
125.000000 83.329 140.7565
126.500000 83.260 140.7432
128.000000 83.195 140.7496
131.500000 83.049 140.8425
132.000000 83.029 140.8528
134.000000 82.945 140.8907
136.000000 82.861 140.9376
138.000000 82.778 140.9957
140.000000 82.697 141.0570
143.000000 82.580 141.1526
145.000000 82.501 141.2161
147.500000 82.401 141.3272
150.000000 82.305 141.4472
152.500000 82.211 141.5808
155.000000 82.120 141.7253
157.500000 82.029 141.8762
160.000000 81.938 142.0254
162.500000 81.844 142.1543
165.000000 81.747 142.3216
167.500000 81.655 142.4965
170.000000 81.564 142.6805
172.500000 81.475 142.8559
175.000000 81.386 143.0125
177.500000 81.296 143.1471
180.000000 81.208 143.2970
182.500000 81.121 143.4618
185.000000 81.035 143.6518
187.500000 80.951 143.8376
190.000000 80.869 144.0005
192.500000 80.786 144.1323
195.000000 80.700 144.2884
197.500000 80.618 144.5009
200.000000 80.540 144.7217
203.000000 80.451 144.9925
206.000000 80.371 145.2319
209.000000 80.300 145.4071
212.000000 80.229 145.6503
214.000000 80.183 145.8523
218.000000 80.088 146.2734
220.000000 80.039 146.4512
224.000000 79.943 146.7535
227.000000 79.872 147.0084
230.000000 79.800 147.2960
233.000000 79.728 147.5790
236.000000 79.656 147.8590
240.000000 79.562 148.3064
243.000000 79.497 148.6422
247.000000 79.413 149.1137
250.000000 79.350 149.5345
254.000000 79.270 150.1684
258.000000 79.201 150.7703
262.000000 79.153 151.3135
265.000000 79.125 151.6665
269.000000 79.090 152.0406
272.000000 79.064 152.2376
276.000000 79.020 152.4557
280.000000 78.968 152.6870
285.000000 78.891 153.0117
290.000000 78.810 153.4255
295.000000 78.745 153.9197
300.000000 78.686 154.4327
304.000000 78.644 154.7382
307.000000 78.614 154.9380
311.000000 78.574 155.1837
315.000000 78.526 155.4188
320.000000 78.460 155.7364
325.000000 78.393 156.0740
330.000000 78.328 156.4174
335.000000 78.264 156.7817
340.000000 78.199 157.1566
345.000000 78.134 157.5485
350.000000 78.069 157.9480
355.000000 78.005 158.3710
360.000000 77.944 158.7814
365.000000 77.886 159.2151
370.000000 77.834 159.6730
375.000000 77.784 160.1643
382.000000 77.713 160.7950
387.000000 77.664 161.2252
395.000000 77.596 161.9446
400.000000 77.563 162.3927
406.000000 77.522 162.9052
412.000000 77.481 163.3956
418.000000 77.442 163.8840
425.000000 77.396 164.4383
431.000000 77.356 164.9118
437.000000 77.315 165.4059
444.000000 77.267 165.9561
450.000000 77.227 166.4159
455.000000 77.192 166.8148
462.000000 77.143 167.3837
468.000000 77.103 167.8680
475.000000 77.060 168.4250
482.000000 77.020 168.9775
487.000000 76.993 169.3783
494.000000 76.957 169.9451
500.000000 76.927 170.4277
508.000000 76.890 171.0735
515.000000 76.858 171.6337
522.000000 76.827 172.1907
530.000000 76.791 172.8353
538.000000 76.757 173.4750
545.000000 76.732 174.0383
552.000000 76.710 174.5902
560.000000 76.686 175.2255
570.000000 76.656 176.0110
580.000000 76.627 176.8082
590.000000 76.599 177.5986
600.000000 76.575 178.3907
608.000000 76.559 179.0173
615.000000 76.546 179.5695
622.000000 76.535 -179.8817
630.000000 76.525 -179.2618
640.000000 76.516 -178.4921
650.000000 76.508 -177.7290
660.000000 76.499 -176.9600
670.000000 76.490 -176.1911
680.000000 76.484 -175.4169
690.000000 76.483 -174.6505
700.000000 76.487 -173.8958
710.000000 76.494 -173.1377
720.000000 76.504 -172.3951
730.000000 76.515 -171.6542
740.000000 76.527 -170.9097
750.000000 76.542 -170.1986
762.000000 76.570 -169.4258
775.000000 76.593 -168.7698
788.000000 76.565 -168.1785
800.000000 76.499 -167.1815
812.000000 76.487 -165.7676
825.000000 76.538 -164.4102
838.000000 76.601 -163.2983
850.000000 76.658 -162.3722
862.000000 76.714 -161.4881
875.000000 76.775 -160.5482
885.000000 76.824 -159.8370
900.000000 76.900 -158.7820
912.000000 76.965 -157.9596
925.000000 77.040 -157.0887
938.000000 77.121 -156.2340
950.000000 77.198 -155.4723
962.000000 77.279 -154.7295
975.000000 77.370 -153.9553
988.000000 77.464 -153.2095
1000.000000 77.553 -152.5529
1015.000000 77.668 -151.7655
1030.000000 77.785 -151.0361
1044.000000 77.897 -150.3882
1060.000000 78.027 -149.7084
1075.000000 78.149 -149.1207
1090.000000 78.271 -148.5624
1106.000000 78.402 -148.0271
1120.000000 78.516 -147.5901
1138.000000 78.661 -147.0842
1150.000000 78.756 -146.7739
1172.000000 78.923 -146.2449
1180.000000 78.982 -146.0715
1206.000000 79.173 -145.5469
1220.000000 79.274 -145.2983
1241.000000 79.423 -144.9520
1250.000000 79.485 -144.8130
1265.000000 79.588 -144.5899
1280.000000 79.688 -144.3757
1315.000000 79.916 -143.9318
1320.000000 79.947 -143.8687
1340.000000 80.073 -143.6263
1360.000000 80.194 -143.3796
1380.000000 80.315 -143.1572
1400.000000 80.435 -142.9341
1430.000000 80.613 -142.6113
1450.000000 80.725 -142.4015
1475.000000 80.852 -142.1236
1500.000000 80.981 -141.8479
1525.000000 81.116 -141.6051
1550.000000 81.253 -141.3593
1575.000000 81.391 -141.1184
1600.000000 81.529 -140.8927
1625.000000 81.666 -140.6678
1650.000000 81.802 -140.4609
1675.000000 81.940 -140.2660
1700.000000 82.079 -140.0866
1725.000000 82.220 -139.9308
1750.000000 82.361 -139.7828
1775.000000 82.503 -139.6658
1800.000000 82.646 -139.5660
1825.000000 82.789 -139.4922
1850.000000 82.933 -139.4447
1875.000000 83.077 -139.4215
1900.000000 83.221 -139.4229
1925.000000 83.364 -139.4560
1950.000000 83.503 -139.5133
1975.000000 83.640 -139.5846
2000.000000 83.776 -139.6894
2030.000000 83.938 -139.8272
2060.000000 84.095 -139.9708
2090.000000 84.248 -140.1090
2120.000000 84.399 -140.2470
2140.000000 84.500 -140.3260
2180.000000 84.701 -140.4076
2200.000000 84.801 -140.3785
2240.000000 85.028 -140.1940
2270.000000 85.247 -140.0564
2300.000000 85.510 -140.1039
2330.000000 85.796 -140.5073
2360.000000 86.076 -141.3045
2400.000000 86.400 -142.7886
2430.000000 86.601 -144.0697
2470.000000 86.823 -145.8624
2500.000000 86.961 -147.2054
2540.000000 87.115 -148.9822
2580.000000 87.238 -150.7330
2620.000000 87.332 -152.4375
2650.000000 87.386 -153.7062
2690.000000 87.437 -155.3367
2720.000000 87.460 -156.5411
2760.000000 87.470 -158.0939
2800.000000 87.449 -159.6197
2850.000000 87.342 -161.4147
2900.000000 87.146 -161.9548
2950.000000 87.222 -161.4653
3000.000000 87.378 -162.7257
3040.000000 87.416 -164.0246
3070.000000 87.415 -164.9521
3110.000000 87.389 -166.0997
3150.000000 87.342 -167.1515
3200.000000 87.258 -168.3252
3250.000000 87.157 -169.3507
3300.000000 87.049 -170.2418
3350.000000 86.937 -171.0158
3400.000000 86.823 -171.6873
3450.000000 86.709 -172.2651
3500.000000 86.595 -172.7600
3550.000000 86.483 -173.1882
3600.000000 86.374 -173.5426
3650.000000 86.268 -173.8383
3700.000000 86.166 -174.0845
3750.000000 86.067 -174.2839
3820.000000 85.935 -174.4984
3870.000000 85.845 -174.6120
3950.000000 85.713 -174.7425
4000.000000 85.637 -174.8009
4060.000000 85.557 -174.8625
4120.000000 85.485 -174.9158
4180.000000 85.416 -174.9880
4250.000000 85.338 -175.0768
4310.000000 85.271 -175.1562
4370.000000 85.198 -175.2423
4440.000000 85.105 -175.3357
4500.000000 85.019 -175.3953
4550.000000 84.946 -175.4191
4620.000000 84.838 -175.4203
4680.000000 84.742 -175.3675
4750.000000 84.625 -175.2416
4820.000000 84.504 -175.0278
4870.000000 84.417 -174.8147
4940.000000 84.296 -174.4426
5000.000000 84.188 -174.0450
5080.000000 84.037 -173.3820
5150.000000 83.908 -172.7036
5220.000000 83.790 -171.9340
5300.000000 83.675 -170.9784
5380.000000 83.587 -169.9768
5450.000000 83.533 -169.0843
5520.000000 83.496 -168.2111
5600.000000 83.472 -167.2602
5700.000000 83.471 -166.1712
5800.000000 83.492 -165.2429
5900.000000 83.525 -164.4217
6000.000000 83.566 -163.7042
6080.000000 83.601 -163.1400
6150.000000 83.635 -162.6681
6220.000000 83.673 -162.1992
6300.000000 83.734 -161.6492
6400.000000 83.844 -160.9410
6500.000000 83.986 -160.1961
6600.000000 84.154 -159.4136
6700.000000 84.354 -158.6225
6800.000000 84.594 -157.8301
6900.000000 84.879 -157.1069
7000.000000 85.211 -156.4852
7100.000000 85.597 -156.0320
7200.000000 86.047 -155.8576
7300.000000 86.565 -156.0671
7400.000000 87.147 -156.8549
7500.000000 87.781 -158.4029
7620.000000 88.579 -161.5458
7750.000000 89.411 -166.8806
7880.000000 90.062 -174.4044
8000.000000 90.341 177.0848
8120.000000 90.198 168.0001
8250.000000 89.584 158.7910
8380.000000 88.607 151.3524
8500.000000 87.528 146.4945
8620.000000 86.403 143.5111
8750.000000 85.223 141.9892
8850.000000 84.368 141.7496
9000.000000 83.189 142.6010
9120.000000 82.359 144.1453
9250.000000 81.571 146.1051
9380.000000 80.836 148.5284
9500.000000 80.248 151.4877
9620.000000 79.835 154.8365
9750.000000 79.575 157.7433
9880.000000 79.335 159.6099
10000.000000 79.075 161.2287
10150.000000 78.784 163.6353
10300.000000 78.596 166.2724
10440.000000 78.528 168.5354
10600.000000 78.550 170.5111
10750.000000 78.625 171.5992
10900.000000 78.727 171.9143
11060.000000 78.844 171.2067
11200.000000 78.888 169.5858
11380.000000 78.796 166.4806
11500.000000 78.604 163.9601
11720.000000 77.928 159.3504
11800.000000 77.592 157.9304
12060.000000 76.288 155.0104
12200.000000 75.525 154.6166
12410.000000 74.381 155.4448
12500.000000 73.900 156.2502
12650.000000 73.117 158.1305
12800.000000 72.361 160.7636
13150.000000 71.161 173.0224
13200.000000 71.195 175.0295
13400.000000 71.524 178.2246
13600.000000 71.265 179.0648
13800.000000 70.922 -177.0138
14000.000000 70.897 -171.9537
14300.000000 71.385 -165.0876
14500.000000 72.015 -161.6134
14750.000000 73.120 -159.8329
15000.000000 74.366 -162.7066
15250.000000 75.276 -171.1794
15500.000000 75.250 176.4260
15750.000000 74.011 164.9530
16000.000000 71.951 158.9403
16250.000000 69.767 159.1663
16500.000000 67.843 163.9019
16750.000000 66.240 171.3873
17000.000000 64.935 -179.5937
17250.000000 63.885 -169.6465
17500.000000 63.060 -159.0167
17750.000000 62.482 -147.7901
18000.000000 62.200 -136.3777
18250.000000 62.254 -125.3352
18500.000000 62.679 -115.4285
18750.000000 63.466 -107.2609
19000.000000 64.787 -101.0553
19250.000000 66.658 -99.6801
19500.000000 68.743 -105.1927
19750.000000 70.571 -117.4933
20000.000000 71.559 -131.1297
