* Measurement data measured by REW V5.31.3
* Source: Headset (Odo By VECLAN.COM), MICROPHONE (Master Volume), R, volume: 0.250
* Format: 1M Log Swept Sine, 1 sweep at -12.0 dBFS with no timing reference
* Dated: 02 22, 25 6:29:11 AM
* REW Settings:
*  C-weighting compensation: Off
*  Target level: 75.0 dB
* Note: ; 
* Measurement: et142 b L
* Smoothing: 1/24 octave
* Frequency Step: 1/48 octave
* Start Frequency: 1.000 Hz
*
* Freq(Hz) SPL(dB) Phase(degrees)
1.000000 41.349 -25.0625
1.015000 41.346 -26.5689
1.030000 41.357 -28.1770
1.044000 41.380 -29.7711
1.060000 41.423 -31.7028
1.075000 41.480 -33.6178
1.090000 41.554 -35.6257
1.106000 41.654 -37.8368
1.120000 41.757 -39.7785
1.138000 41.910 -42.2440
1.150000 42.024 -43.8625
1.172000 42.258 -46.7731
1.180000 42.350 -47.8128
1.206000 42.674 -51.1230
1.220000 42.863 -52.8626
1.241000 43.164 -55.4185
1.250000 43.298 -56.4951
1.265000 43.529 -58.2658
1.280000 43.768 -60.0086
1.315000 44.352 -63.9766
1.320000 44.438 -64.5331
1.340000 44.787 -66.7357
1.360000 45.142 -68.9030
1.380000 45.502 -71.0375
1.400000 45.865 -73.1411
1.430000 46.409 -76.2407
1.450000 46.769 -78.2662
1.475000 47.221 -80.7072
1.500000 47.689 -82.9447
1.525000 48.177 -84.9602
1.550000 48.684 -86.7912
1.575000 49.205 -88.4773
1.600000 49.738 -90.0525
1.625000 50.278 -91.5453
1.650000 50.824 -92.9797
1.675000 51.370 -94.3754
1.700000 51.914 -95.7482
1.725000 52.452 -97.1109
1.750000 52.981 -98.4732
1.775000 53.498 -99.8427
1.800000 53.999 -101.2239
1.825000 54.482 -102.6115
1.850000 54.951 -103.9703
1.875000 55.410 -105.2573
1.900000 55.862 -106.4684
1.925000 56.307 -107.6159
1.950000 56.746 -108.7130
1.975000 57.178 -109.7717
2.000000 57.603 -110.8024
2.030000 58.105 -112.0154
2.060000 58.598 -113.2149
2.090000 59.081 -114.4123
2.120000 59.556 -115.6172
2.140000 59.867 -116.4285
2.180000 60.478 -118.0751
2.200000 60.777 -118.9056
2.240000 61.362 -120.5358
2.270000 61.788 -121.7126
2.300000 62.205 -122.8535
2.330000 62.612 -123.9654
2.360000 63.011 -125.0556
2.400000 63.529 -126.4865
2.430000 63.909 -127.5506
2.470000 64.405 -128.9671
2.500000 64.769 -130.0342
2.540000 65.246 -131.4698
2.580000 65.712 -132.9155
2.620000 66.165 -134.3462
2.650000 66.496 -135.4014
2.690000 66.927 -136.7847
2.720000 67.241 -137.8066
2.760000 67.651 -139.1521
2.800000 68.051 -140.4826
2.850000 68.538 -142.1325
2.900000 69.012 -143.7769
2.950000 69.474 -145.4200
3.000000 69.921 -147.0514
3.040000 70.267 -148.3413
3.070000 70.521 -149.2988
3.110000 70.851 -150.5617
3.150000 71.174 -151.8093
3.200000 71.567 -153.3491
3.250000 71.951 -154.8699
3.300000 72.325 -156.3761
3.350000 72.689 -157.8712
3.400000 73.041 -159.3531
3.450000 73.382 -160.8178
3.500000 73.713 -162.2625
3.550000 74.036 -163.6854
3.600000 74.351 -165.0864
3.650000 74.659 -166.4668
3.700000 74.960 -167.8308
3.750000 75.253 -169.1822
3.820000 75.648 -171.0501
3.870000 75.922 -172.3641
3.950000 76.348 -174.4276
4.000000 76.607 -175.6923
4.060000 76.911 -177.1875
4.120000 77.206 -178.6634
4.180000 77.493 179.8790
4.250000 77.818 178.2034
4.310000 78.090 176.7895
4.370000 78.356 175.3961
4.440000 78.659 173.7934
4.500000 78.912 172.4362
4.550000 79.118 171.3165
4.620000 79.400 169.7658
4.680000 79.636 168.4521
4.750000 79.906 166.9359
4.820000 80.169 165.4346
4.870000 80.353 164.3702
4.940000 80.605 162.8916
5.000000 80.816 161.6349
5.080000 81.091 159.9741
5.150000 81.325 158.5320
5.220000 81.553 157.0968
5.300000 81.807 155.4655
5.380000 82.053 153.8474
5.450000 82.262 152.4435
5.520000 82.465 151.0484
5.600000 82.691 149.4589
5.700000 82.962 147.4827
5.800000 83.222 145.5294
5.900000 83.470 143.6005
6.000000 83.707 141.6831
6.080000 83.889 140.1613
6.150000 84.043 138.8451
6.220000 84.191 137.5458
6.300000 84.354 136.0758
6.400000 84.549 134.2540
6.500000 84.733 132.4604
6.600000 84.909 130.7055
6.700000 85.076 128.9818
6.800000 85.234 127.2843
6.900000 85.385 125.6227
7.000000 85.528 124.0016
7.100000 85.664 122.4128
7.200000 85.794 120.8559
7.300000 85.918 119.3367
7.400000 86.037 117.8551
7.500000 86.150 116.4053
7.620000 86.280 114.7087
7.750000 86.415 112.9268
7.880000 86.544 111.1967
8.000000 86.657 109.6435
8.120000 86.767 108.1323
8.250000 86.882 106.5381
8.380000 86.994 104.9852
8.500000 87.094 103.5864
8.620000 87.191 102.2182
8.750000 87.294 100.7665
8.850000 87.372 99.6696
9.000000 87.485 98.0536
9.120000 87.574 96.7831
9.250000 87.668 95.4258
9.380000 87.759 94.0871
9.500000 87.841 92.8670
9.620000 87.920 91.6606
9.750000 88.002 90.3687
9.880000 88.076 89.0955
10.000000 88.135 87.9370
10.150000 88.196 86.5130
10.300000 88.248 85.1233
10.440000 88.290 83.8581
10.600000 88.332 82.4540
10.750000 88.369 81.1829
10.900000 88.404 79.9533
11.060000 88.442 78.6866
11.200000 88.475 77.6137
11.380000 88.519 76.2702
11.500000 88.550 75.3928
11.720000 88.610 73.8051
11.800000 88.632 73.2296
12.060000 88.705 71.3574
12.200000 88.742 70.3420
12.410000 88.794 68.8141
12.500000 88.817 68.1612
12.650000 88.855 67.0784
12.800000 88.889 66.0151
13.150000 88.950 63.6655
13.200000 88.957 63.3504
13.400000 88.981 62.1494
13.600000 89.004 61.0437
13.800000 89.033 60.0269
14.000000 89.071 59.0696
14.300000 89.147 57.6749
14.500000 89.211 56.7158
14.750000 89.295 55.4354
15.000000 89.375 54.0468
15.250000 89.438 52.5681
15.500000 89.478 51.0565
15.750000 89.491 49.5804
16.000000 89.483 48.2114
16.250000 89.463 46.9967
16.500000 89.443 45.9481
16.750000 89.432 45.0411
17.000000 89.438 44.2170
17.250000 89.460 43.4098
17.500000 89.496 42.5600
17.750000 89.536 41.6349
18.000000 89.573 40.6342
18.250000 89.600 39.5815
18.500000 89.614 38.5172
18.750000 89.616 37.4798
19.000000 89.610 36.4981
19.250000 89.601 35.5835
19.500000 89.595 34.7276
19.750000 89.593 33.9109
20.000000 89.597 33.1081
20.299999 89.607 32.1350
20.600000 89.618 31.1381
20.900000 89.624 30.1270
21.200001 89.622 29.1304
21.400000 89.617 28.4912
21.799999 89.602 27.3077
22.000000 89.595 26.7699
22.400000 89.592 25.7859
22.700001 89.602 25.0924
23.000000 89.623 24.3947
23.299999 89.651 23.6595
23.600000 89.682 22.8693
24.000000 89.715 21.7374
24.299999 89.728 20.8604
24.700001 89.728 19.7168
25.000000 89.717 18.9163
25.400000 89.696 17.9526
25.799999 89.678 17.0934
26.200001 89.666 16.2891
26.500000 89.662 15.6881
26.900000 89.656 14.8632
27.200001 89.648 14.2281
27.600000 89.628 13.3867
28.000000 89.598 12.5956
28.500000 89.559 11.7284
29.000000 89.533 10.9761
29.500000 89.533 10.2208
30.000000 89.550 9.3288
30.400000 89.559 8.4925
30.700001 89.557 7.8235
31.100000 89.540 6.9404
31.500000 89.512 6.1294
32.000000 89.480 5.2363
32.500000 89.462 4.3961
33.000000 89.450 3.5193
33.500000 89.427 2.6287
34.000000 89.392 1.8269
34.500000 89.359 1.1614
35.000000 89.343 0.5593
35.500000 89.337 -0.0811
36.000000 89.326 -0.7742
36.500000 89.304 -1.4508
37.000000 89.279 -2.0593
37.500000 89.260 -2.6266
38.200001 89.245 -3.4725
38.700001 89.231 -4.1440
39.500000 89.193 -5.2587
40.000000 89.162 -5.9351
40.599998 89.125 -6.7220
41.200001 89.089 -7.5087
41.799999 89.049 -8.2981
42.500000 88.995 -9.1562
43.099998 88.952 -9.8081
43.700001 88.921 -10.4391
44.400002 88.888 -11.2091
45.000000 88.854 -11.8600
45.500000 88.826 -12.3723
46.200001 88.786 -13.0646
46.799999 88.749 -13.6282
47.500000 88.709 -14.2097
48.200001 88.685 -14.7911
48.700001 88.670 -15.2756
49.400002 88.635 -16.0042
50.000000 88.596 -16.5748
50.799999 88.554 -17.2758
51.500000 88.523 -17.9501
52.200001 88.481 -18.6534
53.000000 88.425 -19.3730
53.799999 88.377 -20.0260
54.500000 88.340 -20.6125
55.200001 88.301 -21.2101
56.000000 88.252 -21.8593
57.000000 88.194 -22.6310
58.000000 88.134 -23.4232
59.000000 88.067 -24.1782
60.000000 88.005 -24.8918
60.799999 87.957 -25.4885
61.500000 87.911 -26.0087
62.200001 87.865 -26.5005
63.000000 87.816 -27.0537
64.000000 87.752 -27.7465
65.000000 87.688 -28.3793
66.000000 87.626 -29.0180
67.000000 87.550 -29.5955
68.000000 87.488 -30.0466
69.000000 87.448 -30.6184
70.000000 87.394 -31.3596
71.000000 87.320 -32.0984
72.000000 87.239 -32.7513
73.000000 87.159 -33.3007
74.000000 87.090 -33.7719
75.000000 87.026 -34.2148
76.199997 86.949 -34.6262
77.500000 86.889 -35.0389
78.800003 86.806 -35.5959
80.000000 86.718 -35.9225
81.199997 86.650 -36.3267
82.500000 86.560 -36.7878
83.800003 86.494 -37.1262
85.000000 86.452 -37.5706
86.199997 86.400 -38.0345
87.500000 86.343 -38.4036
88.500000 86.313 -38.6089
90.000000 86.282 -39.0174
91.199997 86.255 -39.4139
92.500000 86.212 -39.9462
93.800003 86.158 -40.4815
95.000000 86.094 -41.0437
96.199997 86.023 -41.4532
97.500000 85.972 -41.9656
98.800003 85.900 -42.6156
100.000000 85.819 -43.0138
101.500000 85.760 -43.3472
103.000000 85.727 -43.9377
104.400002 85.677 -44.6312
106.000000 85.593 -45.3076
107.500000 85.514 -45.7211
109.000000 85.444 -46.0676
110.599998 85.367 -46.4345
112.000000 85.295 -46.7965
113.800003 85.194 -47.3517
115.000000 85.124 -47.7280
117.199997 85.010 -48.3311
118.000000 84.973 -48.5200
120.599998 84.857 -49.0496
122.000000 84.789 -49.3210
124.099998 84.681 -49.7372
125.000000 84.638 -49.9236
126.500000 84.571 -50.2391
128.000000 84.510 -50.5504
131.500000 84.374 -51.0934
132.000000 84.356 -51.1583
134.000000 84.285 -51.4581
136.000000 84.210 -51.8227
138.000000 84.138 -52.1976
140.000000 84.066 -52.6072
143.000000 83.950 -53.1389
145.000000 83.870 -53.4439
147.500000 83.764 -53.8165
150.000000 83.649 -54.1615
152.500000 83.532 -54.4247
155.000000 83.418 -54.6163
157.500000 83.307 -54.7291
160.000000 83.193 -54.7359
162.500000 83.074 -54.5741
165.000000 82.971 -54.2330
167.500000 82.914 -53.8040
170.000000 82.911 -53.4404
172.500000 82.952 -53.3090
175.000000 82.996 -53.5791
177.500000 83.011 -54.1169
180.000000 82.997 -54.7651
182.500000 82.960 -55.4235
185.000000 82.905 -56.0355
187.500000 82.836 -56.5645
190.000000 82.761 -57.0112
192.500000 82.685 -57.4188
195.000000 82.611 -57.8116
197.500000 82.538 -58.1866
200.000000 82.468 -58.5449
203.000000 82.389 -58.9362
206.000000 82.314 -59.2816
209.000000 82.239 -59.6163
212.000000 82.163 -59.9390
214.000000 82.113 -60.1427
218.000000 82.016 -60.5113
220.000000 81.969 -60.6748
224.000000 81.879 -60.9892
227.000000 81.815 -61.2186
230.000000 81.752 -61.4374
233.000000 81.690 -61.6450
236.000000 81.630 -61.8366
240.000000 81.554 -62.0835
243.000000 81.499 -62.2634
247.000000 81.426 -62.5051
250.000000 81.369 -62.6799
254.000000 81.289 -62.8765
258.000000 81.209 -63.0432
262.000000 81.134 -63.2460
265.000000 81.082 -63.4081
269.000000 81.017 -63.6042
272.000000 80.970 -63.7367
276.000000 80.907 -63.9110
280.000000 80.843 -64.0915
285.000000 80.765 -64.3020
290.000000 80.688 -64.4993
295.000000 80.616 -64.6950
300.000000 80.548 -64.8700
304.000000 80.494 -65.0020
307.000000 80.454 -65.1040
311.000000 80.403 -65.2399
315.000000 80.351 -65.3732
320.000000 80.289 -65.5479
325.000000 80.230 -65.7214
330.000000 80.175 -65.8742
335.000000 80.122 -66.0212
340.000000 80.072 -66.1907
345.000000 80.023 -66.3559
350.000000 79.977 -66.5056
355.000000 79.931 -66.6482
360.000000 79.884 -66.7803
365.000000 79.836 -66.9091
370.000000 79.789 -67.0417
375.000000 79.745 -67.1729
382.000000 79.689 -67.3472
387.000000 79.651 -67.4766
395.000000 79.593 -67.6815
400.000000 79.555 -67.8035
406.000000 79.510 -67.9327
412.000000 79.468 -68.0642
418.000000 79.430 -68.2107
425.000000 79.388 -68.3687
431.000000 79.356 -68.5061
437.000000 79.326 -68.6407
444.000000 79.291 -68.7883
450.000000 79.264 -68.9099
455.000000 79.242 -69.0145
462.000000 79.211 -69.1500
468.000000 79.184 -69.2732
475.000000 79.155 -69.4194
482.000000 79.127 -69.5420
487.000000 79.107 -69.6276
494.000000 79.081 -69.7592
500.000000 79.060 -69.8602
508.000000 79.040 -70.0068
515.000000 79.026 -70.1571
522.000000 79.008 -70.2830
530.000000 78.983 -70.3907
538.000000 78.957 -70.4996
545.000000 78.938 -70.6143
552.000000 78.922 -70.7362
560.000000 78.906 -70.8566
570.000000 78.888 -71.0159
580.000000 78.875 -71.1706
590.000000 78.864 -71.3193
600.000000 78.857 -71.4532
608.000000 78.855 -71.5585
615.000000 78.853 -71.6511
622.000000 78.852 -71.7358
630.000000 78.851 -71.8289
640.000000 78.851 -71.9522
650.000000 78.852 -72.0554
660.000000 78.854 -72.1652
670.000000 78.860 -72.2734
680.000000 78.871 -72.3696
690.000000 78.882 -72.4630
700.000000 78.896 -72.5498
710.000000 78.912 -72.6270
720.000000 78.928 -72.7095
730.000000 78.948 -72.7852
740.000000 78.971 -72.8513
750.000000 78.999 -72.9235
762.000000 79.037 -73.0123
775.000000 79.080 -73.0859
788.000000 79.123 -73.1580
800.000000 79.165 -73.2242
812.000000 79.211 -73.2807
825.000000 79.265 -73.3421
838.000000 79.324 -73.4018
850.000000 79.383 -73.4597
862.000000 79.446 -73.5292
875.000000 79.520 -73.6100
885.000000 79.579 -73.6727
900.000000 79.673 -73.7791
912.000000 79.754 -73.8785
925.000000 79.845 -73.9932
938.000000 79.940 -74.1150
950.000000 80.031 -74.2303
962.000000 80.125 -74.3481
975.000000 80.231 -74.5015
988.000000 80.342 -74.6902
1000.000000 80.449 -74.8880
1015.000000 80.588 -75.1702
1030.000000 80.729 -75.4843
1044.000000 80.863 -75.8117
1060.000000 81.020 -76.2206
1075.000000 81.171 -76.6477
1090.000000 81.325 -77.1165
1106.000000 81.493 -77.6675
1120.000000 81.644 -78.1899
1138.000000 81.835 -78.9065
1150.000000 81.956 -79.4052
1172.000000 82.177 -80.3816
1180.000000 82.259 -80.7579
1206.000000 82.529 -82.0497
1220.000000 82.669 -82.7759
1241.000000 82.870 -83.9064
1250.000000 82.954 -84.4052
1265.000000 83.094 -85.2454
1280.000000 83.231 -86.0963
1315.000000 83.545 -88.1151
1320.000000 83.590 -88.4067
1340.000000 83.765 -89.5728
1360.000000 83.937 -90.7380
1380.000000 84.106 -91.9077
1400.000000 84.272 -93.0830
1430.000000 84.521 -94.8388
1450.000000 84.689 -96.0123
1475.000000 84.898 -97.4920
1500.000000 85.107 -98.9930
1525.000000 85.316 -100.5151
1550.000000 85.526 -102.0552
1575.000000 85.740 -103.6217
1600.000000 85.957 -105.2238
1625.000000 86.173 -106.8550
1650.000000 86.389 -108.5271
1675.000000 86.605 -110.2533
1700.000000 86.822 -112.0393
1725.000000 87.041 -113.8855
1750.000000 87.261 -115.7977
1775.000000 87.481 -117.7912
1800.000000 87.698 -119.8674
1825.000000 87.907 -122.0065
1850.000000 88.110 -124.2289
1875.000000 88.311 -126.5605
1900.000000 88.506 -128.9861
1925.000000 88.692 -131.5092
1950.000000 88.866 -134.1180
1975.000000 89.024 -136.8038
2000.000000 89.166 -139.5688
2030.000000 89.310 -142.9604
2060.000000 89.423 -146.4108
2090.000000 89.507 -149.8940
2120.000000 89.558 -153.3953
2140.000000 89.572 -155.7243
2180.000000 89.552 -160.3334
2200.000000 89.521 -162.6035
2240.000000 89.422 -167.0251
2270.000000 89.315 -170.2072
2300.000000 89.179 -173.2444
2330.000000 89.017 -176.1044
2360.000000 88.832 -178.7494
2400.000000 88.566 178.0954
2430.000000 88.367 176.0284
2470.000000 88.122 173.6193
2500.000000 87.965 171.9646
2540.000000 87.794 169.7635
2580.000000 87.634 167.4341
2620.000000 87.453 164.9929
2650.000000 87.291 163.1509
2690.000000 87.030 160.7931
2720.000000 86.798 159.1943
2760.000000 86.458 157.4713
2800.000000 86.118 156.3615
2850.000000 85.759 155.7271
2900.000000 85.503 155.4374
2950.000000 85.325 155.0956
3000.000000 85.189 154.6239
3040.000000 85.094 154.1760
3070.000000 85.031 153.8022
3110.000000 84.953 153.2799
3150.000000 84.875 152.7593
3200.000000 84.775 152.1307
3250.000000 84.672 151.5549
3300.000000 84.576 151.0414
3350.000000 84.495 150.5665
3400.000000 84.424 150.1034
3450.000000 84.354 149.6819
3500.000000 84.287 149.3718
3550.000000 84.240 149.1743
3600.000000 84.219 149.0193
3650.000000 84.222 148.8453
3700.000000 84.242 148.6232
3750.000000 84.277 148.3500
3820.000000 84.355 147.8680
3870.000000 84.425 147.4063
3950.000000 84.546 146.4094
4000.000000 84.620 145.6647
4060.000000 84.712 144.7087
4120.000000 84.804 143.6920
4180.000000 84.895 142.5953
4250.000000 85.004 141.1848
4310.000000 85.090 139.8580
4370.000000 85.162 138.4551
4440.000000 85.230 136.7475
4500.000000 85.276 135.2075
4550.000000 85.304 133.8328
4620.000000 85.321 131.7181
4680.000000 85.306 129.7180
4750.000000 85.237 127.1755
4820.000000 85.095 124.4146
4870.000000 84.928 122.3249
4940.000000 84.559 119.3470
5000.000000 84.059 117.0986
5080.000000 83.097 116.0817
5150.000000 82.214 118.8678
5220.000000 81.759 124.3384
5300.000000 81.865 129.4789
5380.000000 82.186 131.6451
5450.000000 82.402 132.0120
5520.000000 82.519 131.7709
5600.000000 82.548 131.2710
5700.000000 82.460 130.7490
5800.000000 82.260 130.7161
5900.000000 82.008 131.5592
6000.000000 81.828 133.3978
6080.000000 81.794 135.0451
6150.000000 81.807 136.1509
6220.000000 81.812 136.9796
6300.000000 81.786 137.9332
6400.000000 81.744 139.4995
6500.000000 81.737 141.5421
6600.000000 81.800 143.9587
6700.000000 81.953 146.4499
6800.000000 82.171 148.8094
6900.000000 82.433 151.0766
7000.000000 82.741 153.3234
7100.000000 83.116 155.5125
7200.000000 83.570 157.5389
7300.000000 84.107 159.2714
7400.000000 84.729 160.5557
7500.000000 85.444 161.1887
7620.000000 86.432 160.6318
7750.000000 87.617 157.5337
7880.000000 88.710 150.8417
8000.000000 89.309 141.5759
8120.000000 89.300 130.8661
8250.000000 88.594 119.6130
8380.000000 87.258 110.7361
8500.000000 85.691 105.8937
8620.000000 84.052 104.1790
8750.000000 82.347 105.0267
8850.000000 81.116 107.2000
9000.000000 79.448 112.6708
9120.000000 78.329 118.5466
9250.000000 77.373 125.6566
9380.000000 76.656 132.8262
9500.000000 76.151 139.1174
9620.000000 75.735 144.8939
9750.000000 75.300 150.5222
9880.000000 74.776 155.9818
10000.000000 74.192 162.1603
10150.000000 73.638 173.1117
10300.000000 73.727 -174.4352
10440.000000 74.356 -165.4966
10600.000000 75.074 -160.7443
10750.000000 75.272 -158.4041
10900.000000 75.150 -154.9443
11060.000000 74.937 -149.4489
11200.000000 74.843 -143.3998
11380.000000 74.954 -135.4507
11500.000000 75.108 -130.7426
11720.000000 75.384 -123.0994
11800.000000 75.476 -120.4631
12060.000000 75.767 -112.7952
12200.000000 75.810 -109.8960
12410.000000 75.478 -106.6332
12500.000000 75.284 -105.1080
12650.000000 75.183 -101.5852
12800.000000 75.447 -97.6838
13150.000000 76.552 -93.7349
13200.000000 76.684 -93.6703
13400.000000 77.097 -93.4656
13600.000000 77.552 -92.6292
13800.000000 78.202 -92.8192
14000.000000 78.774 -95.3143
14300.000000 79.041 -100.2204
14500.000000 79.015 -101.7570
14750.000000 79.236 -101.8232
15000.000000 79.986 -102.9268
15250.000000 80.883 -108.8887
15500.000000 81.197 -118.8618
15750.000000 80.712 -128.7985
16000.000000 79.800 -135.6304
16250.000000 79.028 -139.5989
16500.000000 78.493 -142.7563
16750.000000 78.015 -145.9396
17000.000000 77.488 -149.0919
17250.000000 76.848 -152.0560
17500.000000 76.079 -153.6219
17750.000000 75.469 -153.2119
18000.000000 75.171 -153.2142
18250.000000 74.901 -154.7185
18500.000000 74.486 -156.3366
18750.000000 74.061 -156.8030
19000.000000 73.872 -156.6606
19250.000000 73.986 -157.5263
19500.000000 74.292 -160.5405
19750.000000 74.619 -165.8536
20000.000000 74.805 -171.3123
