* Measurement data measured by REW V5.31.3
* Source: Headset (Odo By VECLAN.COM), MICROPHONE (Master Volume), R, volume: 0.250
* Format: 1M Log Swept Sine, 1 sweep at -12.0 dBFS with no timing reference
* Dated: 02 22, 25 5:59:15 PM
* REW Settings:
*  C-weighting compensation: Off
*  Target level: 75.0 dB
* Note: ; 
* Measurement: et142 w R
* Smoothing: 1/24 octave
* Frequency Step: 1/48 octave
* Start Frequency: 1.000 Hz
*
* Freq(Hz) SPL(dB) Phase(degrees)
1.000000 51.451 -44.4157
1.015000 52.116 -45.6328
1.030000 52.755 -46.8512
1.044000 53.323 -47.9944
1.060000 53.933 -49.3126
1.075000 54.463 -50.5638
1.090000 54.948 -51.8313
1.106000 55.420 -53.1925
1.120000 55.807 -54.3714
1.138000 56.280 -55.8548
1.150000 56.581 -56.8216
1.172000 57.106 -58.5482
1.180000 57.290 -59.1615
1.206000 57.857 -61.1040
1.220000 58.147 -62.1194
1.241000 58.563 -63.6053
1.250000 58.735 -64.2295
1.265000 59.014 -65.2541
1.280000 59.284 -66.2607
1.315000 59.887 -68.5486
1.320000 59.970 -68.8694
1.340000 60.298 -70.1400
1.360000 60.620 -71.3931
1.380000 60.938 -72.6326
1.400000 61.254 -73.8619
1.430000 61.729 -75.6941
1.450000 62.049 -76.9115
1.475000 62.453 -78.4243
1.500000 62.849 -79.9059
1.525000 63.233 -81.3480
1.550000 63.604 -82.7542
1.575000 63.964 -84.1298
1.600000 64.313 -85.4801
1.625000 64.653 -86.8103
1.650000 64.985 -88.1257
1.675000 65.309 -89.4312
1.700000 65.627 -90.7315
1.725000 65.939 -92.0310
1.750000 66.247 -93.3340
1.775000 66.551 -94.6445
1.800000 66.853 -95.9659
1.825000 67.152 -97.2999
1.850000 67.448 -98.6405
1.875000 67.739 -99.9764
1.900000 68.023 -101.3016
1.925000 68.301 -102.6139
1.950000 68.574 -103.9127
1.975000 68.842 -105.1976
2.000000 69.104 -106.4692
2.030000 69.414 -107.9789
2.060000 69.718 -109.4728
2.090000 70.016 -110.9538
2.120000 70.310 -112.4253
2.140000 70.504 -113.4027
2.180000 70.886 -115.3536
2.200000 71.075 -116.3285
2.240000 71.447 -118.2734
2.270000 71.719 -119.7225
2.300000 71.986 -121.1599
2.330000 72.248 -122.5838
2.360000 72.505 -123.9934
2.400000 72.841 -125.8507
2.430000 73.088 -127.2278
2.470000 73.412 -129.0450
2.500000 73.651 -130.3958
2.540000 73.965 -132.1851
2.580000 74.273 -133.9661
2.620000 74.575 -135.7416
2.650000 74.796 -137.0673
2.690000 75.086 -138.8226
2.720000 75.299 -140.1275
2.760000 75.578 -141.8501
2.800000 75.851 -143.5517
2.850000 76.185 -145.6495
2.900000 76.512 -147.7179
2.950000 76.832 -149.7658
3.000000 77.143 -151.8048
3.040000 77.386 -153.4278
3.070000 77.565 -154.6373
3.110000 77.800 -156.2363
3.150000 78.030 -157.8175
3.200000 78.311 -159.7662
3.250000 78.586 -161.6833
3.300000 78.854 -163.5732
3.350000 79.117 -165.4493
3.400000 79.373 -167.3171
3.450000 79.622 -169.1703
3.500000 79.864 -171.0021
3.550000 80.102 -172.8071
3.600000 80.333 -174.5820
3.650000 80.560 -176.3272
3.700000 80.782 -178.0524
3.750000 80.998 -179.7681
3.820000 81.291 177.8501
3.870000 81.494 176.1714
3.950000 81.809 173.5385
4.000000 82.000 171.9302
4.060000 82.224 170.0310
4.120000 82.441 168.1492
4.180000 82.652 166.2841
4.250000 82.890 164.1404
4.310000 83.087 162.3394
4.370000 83.280 160.5768
4.440000 83.498 158.5601
4.500000 83.679 156.8510
4.550000 83.825 155.4407
4.620000 84.024 153.4952
4.680000 84.190 151.8615
4.750000 84.377 149.9997
4.820000 84.559 148.1760
4.870000 84.685 146.8887
4.940000 84.856 145.1095
5.000000 84.998 143.6111
5.080000 85.182 141.6600
5.150000 85.337 139.9973
5.220000 85.488 138.3648
5.300000 85.654 136.5310
5.380000 85.814 134.7376
5.450000 85.950 133.2075
5.520000 86.082 131.7141
5.600000 86.228 130.0426
5.700000 86.404 128.0012
5.800000 86.573 126.0204
5.900000 86.736 124.1039
6.000000 86.894 122.2408
6.080000 87.015 120.7858
6.150000 87.119 119.5401
6.220000 87.221 118.3207
6.300000 87.335 116.9569
6.400000 87.473 115.2913
6.500000 87.607 113.6678
6.600000 87.738 112.0863
6.700000 87.865 110.5435
6.800000 87.990 109.0353
6.900000 88.111 107.5601
7.000000 88.229 106.1161
7.100000 88.344 104.7005
7.200000 88.456 103.3109
7.300000 88.566 101.9457
7.400000 88.673 100.6029
7.500000 88.777 99.2804
7.620000 88.898 97.7184
7.750000 89.025 96.0547
7.880000 89.147 94.4161
8.000000 89.255 92.9253
8.120000 89.358 91.4535
8.250000 89.464 89.8771
8.380000 89.565 88.3210
8.500000 89.653 86.9019
8.620000 89.735 85.4970
8.750000 89.817 83.9958
8.850000 89.875 82.8569
9.000000 89.955 81.1713
9.120000 90.012 79.8503
9.250000 90.066 78.4507
9.380000 90.114 77.0829
9.500000 90.151 75.8574
9.620000 90.184 74.6714
9.750000 90.212 73.4304
9.880000 90.232 72.2419
10.000000 90.240 71.1952
10.150000 90.240 69.9518
10.300000 90.234 68.7812
10.440000 90.227 67.7539
10.600000 90.219 66.6437
10.750000 90.217 65.6564
10.900000 90.220 64.7104
11.060000 90.229 63.7252
11.200000 90.242 62.8767
11.380000 90.264 61.7845
11.500000 90.282 61.0483
11.720000 90.316 59.6775
11.800000 90.328 59.1703
12.060000 90.363 57.4996
12.200000 90.378 56.5948
12.410000 90.396 55.2455
12.500000 90.405 54.6766
12.650000 90.422 53.7443
12.800000 90.439 52.8365
13.150000 90.480 50.8286
13.200000 90.486 50.5529
13.400000 90.513 49.4719
13.600000 90.544 48.4097
13.800000 90.579 47.3497
14.000000 90.616 46.2752
14.300000 90.668 44.6223
14.500000 90.696 43.4962
14.750000 90.720 42.0863
15.000000 90.730 40.7060
15.250000 90.727 39.3957
15.500000 90.715 38.1822
15.750000 90.701 37.0751
16.000000 90.692 36.0649
16.250000 90.691 35.1234
16.500000 90.700 34.2183
16.750000 90.715 33.3185
17.000000 90.732 32.4055
17.250000 90.748 31.4756
17.500000 90.759 30.5377
17.750000 90.764 29.6093
18.000000 90.762 28.7087
18.250000 90.754 27.8508
18.500000 90.745 27.0425
18.750000 90.735 26.2817
19.000000 90.728 25.5592
19.250000 90.723 24.8599
19.500000 90.723 24.1683
19.750000 90.724 23.4722
20.000000 90.725 22.7640
20.299999 90.724 21.8990
20.600000 90.717 21.0301
20.900000 90.703 20.1776
21.200001 90.684 19.3621
21.400000 90.670 18.8453
21.799999 90.644 17.8744
22.000000 90.633 17.4119
22.400000 90.619 16.5018
22.700001 90.612 15.8105
23.000000 90.605 15.1037
23.299999 90.595 14.3883
23.600000 90.583 13.6793
24.000000 90.562 12.7683
24.299999 90.547 12.1168
24.700001 90.530 11.2758
25.000000 90.520 10.6479
25.400000 90.509 9.7972
25.799999 90.492 8.9370
26.200001 90.469 8.0980
26.500000 90.449 7.5026
26.900000 90.422 6.7632
27.200001 90.405 6.2405
27.600000 90.387 5.5580
28.000000 90.373 4.8636
28.500000 90.351 3.9716
29.000000 90.320 3.0989
29.500000 90.285 2.2996
30.000000 90.255 1.5618
30.400000 90.239 0.9646
30.700001 90.228 0.4868
31.100000 90.209 -0.1942
31.500000 90.178 -0.8951
32.000000 90.122 -1.7172
32.500000 90.057 -2.4114
33.000000 90.000 -2.9862
33.500000 89.957 -3.5127
34.000000 89.925 -4.0593
34.500000 89.899 -4.6563
35.000000 89.873 -5.2997
35.500000 89.843 -5.9656
36.000000 89.809 -6.6243
36.500000 89.776 -7.2629
37.000000 89.748 -7.8979
37.500000 89.721 -8.5547
38.200001 89.677 -9.5002
38.700001 89.640 -10.1508
39.500000 89.578 -11.1119
40.000000 89.537 -11.6693
40.599998 89.487 -12.2719
41.200001 89.444 -12.7922
41.799999 89.415 -13.3077
42.500000 89.385 -14.0261
43.099998 89.342 -14.7050
43.700001 89.281 -15.3265
44.400002 89.206 -15.9228
45.000000 89.149 -16.3657
45.500000 89.109 -16.7181
46.200001 89.065 -17.2340
46.799999 89.034 -17.7484
47.500000 88.992 -18.4330
48.200001 88.936 -19.1090
48.700001 88.893 -19.5453
49.400002 88.835 -20.1070
50.000000 88.789 -20.5665
50.799999 88.727 -21.1511
51.500000 88.674 -21.6454
52.200001 88.620 -22.1326
53.000000 88.556 -22.6680
53.799999 88.492 -23.1956
54.500000 88.433 -23.6576
55.200001 88.375 -24.0980
56.000000 88.313 -24.6006
57.000000 88.237 -25.2690
58.000000 88.158 -25.8961
59.000000 88.085 -26.5331
60.000000 88.001 -27.1326
60.799999 87.938 -27.5184
61.500000 87.892 -27.8877
62.200001 87.840 -28.3098
63.000000 87.768 -28.7470
64.000000 87.684 -29.1750
65.000000 87.611 -29.6306
66.000000 87.533 -30.1158
67.000000 87.449 -30.5630
68.000000 87.361 -30.9509
69.000000 87.269 -31.2657
70.000000 87.176 -31.4870
71.000000 87.093 -31.5936
72.000000 87.031 -31.6615
73.000000 86.988 -31.7642
74.000000 86.963 -31.9442
75.000000 86.949 -32.2534
76.199997 86.930 -32.7847
77.500000 86.885 -33.4548
78.800003 86.822 -34.0543
80.000000 86.754 -34.6028
81.199997 86.674 -35.1014
82.500000 86.590 -35.6019
83.800003 86.507 -36.1187
85.000000 86.430 -36.5704
86.199997 86.359 -36.9933
87.500000 86.280 -37.4448
88.500000 86.215 -37.7392
90.000000 86.120 -38.1072
91.199997 86.045 -38.3937
92.500000 85.966 -38.7009
93.800003 85.888 -39.0438
95.000000 85.814 -39.3474
96.199997 85.744 -39.6381
97.500000 85.667 -39.9539
98.800003 85.589 -40.2443
100.000000 85.516 -40.4966
101.500000 85.423 -40.8103
103.000000 85.330 -41.0921
104.400002 85.249 -41.3438
106.000000 85.160 -41.6295
107.500000 85.079 -41.8801
109.000000 84.998 -42.1237
110.599998 84.910 -42.3478
112.000000 84.837 -42.5083
113.800003 84.747 -42.7084
115.000000 84.688 -42.8367
117.199997 84.581 -43.0493
118.000000 84.543 -43.1245
120.599998 84.428 -43.3506
122.000000 84.374 -43.5045
124.099998 84.292 -43.7877
125.000000 84.255 -43.9120
126.500000 84.192 -44.1109
128.000000 84.127 -44.2881
131.500000 83.969 -44.6699
132.000000 83.947 -44.7231
134.000000 83.857 -44.9207
136.000000 83.770 -45.0821
138.000000 83.687 -45.2043
140.000000 83.604 -45.2827
143.000000 83.481 -45.3563
145.000000 83.400 -45.4032
147.500000 83.305 -45.4441
150.000000 83.217 -45.4742
152.500000 83.129 -45.5046
155.000000 83.041 -45.4809
157.500000 82.958 -45.4380
160.000000 82.880 -45.3423
162.500000 82.801 -45.2728
165.000000 82.718 -45.1528
167.500000 82.647 -44.9869
170.000000 82.587 -44.8164
172.500000 82.532 -44.6241
175.000000 82.490 -44.4865
177.500000 82.463 -44.4937
180.000000 82.447 -44.6571
182.500000 82.426 -44.9310
185.000000 82.390 -45.2497
187.500000 82.339 -45.5874
190.000000 82.277 -45.9235
192.500000 82.208 -46.2380
195.000000 82.136 -46.4996
197.500000 82.063 -46.7118
200.000000 81.988 -46.8733
203.000000 81.902 -47.0186
206.000000 81.820 -47.1529
209.000000 81.742 -47.2755
212.000000 81.664 -47.3579
214.000000 81.616 -47.3973
218.000000 81.522 -47.4927
220.000000 81.475 -47.5346
224.000000 81.382 -47.5493
227.000000 81.322 -47.5461
230.000000 81.268 -47.5913
233.000000 81.213 -47.6674
236.000000 81.157 -47.7153
240.000000 81.082 -47.6870
243.000000 81.019 -47.6467
247.000000 80.931 -47.6193
250.000000 80.873 -47.6094
254.000000 80.805 -47.5917
258.000000 80.740 -47.5865
262.000000 80.680 -47.5822
265.000000 80.627 -47.5524
269.000000 80.549 -47.4941
272.000000 80.492 -47.4531
276.000000 80.420 -47.4095
280.000000 80.353 -47.3917
285.000000 80.279 -47.3430
290.000000 80.206 -47.2653
295.000000 80.135 -47.1940
300.000000 80.066 -47.1124
304.000000 80.013 -47.0579
307.000000 79.976 -47.0242
311.000000 79.927 -46.9673
315.000000 79.882 -46.9109
320.000000 79.830 -46.8403
325.000000 79.782 -46.7878
330.000000 79.732 -46.7395
335.000000 79.681 -46.6609
340.000000 79.628 -46.5700
345.000000 79.576 -46.4739
350.000000 79.529 -46.3949
355.000000 79.481 -46.3044
360.000000 79.434 -46.2198
365.000000 79.388 -46.1358
370.000000 79.346 -46.0549
375.000000 79.308 -45.9999
382.000000 79.251 -45.8957
387.000000 79.213 -45.7958
395.000000 79.163 -45.6506
400.000000 79.136 -45.5797
406.000000 79.103 -45.4960
412.000000 79.068 -45.3896
418.000000 79.029 -45.2804
425.000000 78.983 -45.1704
431.000000 78.946 -45.0866
437.000000 78.911 -44.9830
444.000000 78.870 -44.8535
450.000000 78.838 -44.7497
455.000000 78.814 -44.6605
462.000000 78.783 -44.5443
468.000000 78.759 -44.4539
475.000000 78.733 -44.3273
482.000000 78.708 -44.2092
487.000000 78.693 -44.1366
494.000000 78.673 -44.0305
500.000000 78.655 -43.9340
508.000000 78.634 -43.8013
515.000000 78.618 -43.6915
522.000000 78.602 -43.5966
530.000000 78.579 -43.4725
538.000000 78.555 -43.3136
545.000000 78.541 -43.2050
552.000000 78.532 -43.1178
560.000000 78.521 -42.9808
570.000000 78.506 -42.8116
580.000000 78.494 -42.6492
590.000000 78.485 -42.4902
600.000000 78.479 -42.3372
608.000000 78.477 -42.2048
615.000000 78.475 -42.0983
622.000000 78.473 -41.9818
630.000000 78.472 -41.8400
640.000000 78.473 -41.6815
650.000000 78.477 -41.5157
660.000000 78.483 -41.3440
670.000000 78.493 -41.1672
680.000000 78.505 -41.0085
690.000000 78.520 -40.8486
700.000000 78.537 -40.6649
710.000000 78.559 -40.4818
720.000000 78.587 -40.3176
730.000000 78.617 -40.1539
740.000000 78.646 -39.9846
750.000000 78.673 -39.8024
762.000000 78.703 -39.5687
775.000000 78.738 -39.3065
788.000000 78.774 -39.0741
800.000000 78.812 -38.8475
812.000000 78.856 -38.6219
825.000000 78.913 -38.3832
838.000000 78.977 -38.1636
850.000000 79.041 -37.9480
862.000000 79.106 -37.7441
875.000000 79.180 -37.5249
885.000000 79.239 -37.3644
900.000000 79.334 -37.1289
912.000000 79.414 -36.9614
925.000000 79.507 -36.7980
938.000000 79.604 -36.6501
950.000000 79.696 -36.5349
962.000000 79.792 -36.4302
975.000000 79.901 -36.3448
988.000000 80.013 -36.2789
1000.000000 80.121 -36.2430
1015.000000 80.263 -36.2291
1030.000000 80.407 -36.2587
1044.000000 80.543 -36.3174
1060.000000 80.701 -36.4308
1075.000000 80.853 -36.5754
1090.000000 81.009 -36.7595
1106.000000 81.178 -37.0156
1120.000000 81.324 -37.2690
1138.000000 81.510 -37.6434
1150.000000 81.633 -37.9248
1172.000000 81.856 -38.4963
1180.000000 81.936 -38.7220
1206.000000 82.188 -39.5052
1220.000000 82.317 -39.9454
1241.000000 82.504 -40.6247
1250.000000 82.585 -40.9337
1265.000000 82.721 -41.4535
1280.000000 82.858 -41.9749
1315.000000 83.175 -43.2281
1320.000000 83.220 -43.4092
1340.000000 83.400 -44.1426
1360.000000 83.579 -44.8810
1380.000000 83.757 -45.6271
1400.000000 83.933 -46.3741
1430.000000 84.194 -47.5049
1450.000000 84.369 -48.2678
1475.000000 84.588 -49.2313
1500.000000 84.808 -50.2030
1525.000000 85.028 -51.1710
1550.000000 85.247 -52.1202
1575.000000 85.466 -53.0422
1600.000000 85.689 -53.9401
1625.000000 85.927 -54.8578
1650.000000 86.183 -55.8087
1675.000000 86.455 -56.8092
1700.000000 86.736 -57.8693
1725.000000 87.026 -59.0105
1750.000000 87.322 -60.2319
1775.000000 87.625 -61.5474
1800.000000 87.936 -62.9703
1825.000000 88.252 -64.5193
1850.000000 88.571 -66.2155
1875.000000 88.893 -68.0822
1900.000000 89.212 -70.1074
1925.000000 89.524 -72.3047
1950.000000 89.826 -74.6788
1975.000000 90.113 -77.2103
2000.000000 90.380 -79.8943
2030.000000 90.671 -83.2692
2060.000000 90.924 -86.7675
2090.000000 91.136 -90.3382
2120.000000 91.308 -93.9315
2140.000000 91.402 -96.3140
2180.000000 91.546 -100.9835
2200.000000 91.601 -103.2576
2240.000000 91.685 -107.6813
2270.000000 91.729 -110.8965
2300.000000 91.755 -114.0177
2330.000000 91.760 -116.9941
2360.000000 91.755 -119.7902
2400.000000 91.768 -123.3770
2430.000000 91.805 -126.1577
2470.000000 91.860 -130.1856
2500.000000 91.875 -133.4073
2540.000000 91.836 -137.7819
2580.000000 91.724 -142.0004
2620.000000 91.553 -145.6599
2650.000000 91.404 -147.7555
2690.000000 91.174 -150.2152
2720.000000 90.983 -152.0238
2760.000000 90.724 -154.1970
2800.000000 90.472 -156.0254
2850.000000 90.186 -157.9260
2900.000000 89.935 -159.5845
2950.000000 89.712 -161.1243
3000.000000 89.502 -162.5402
3040.000000 89.340 -163.5707
3070.000000 89.223 -164.2722
3110.000000 89.073 -165.1042
3150.000000 88.932 -165.8352
3200.000000 88.770 -166.6344
3250.000000 88.634 -167.3713
3300.000000 88.520 -168.1366
3350.000000 88.414 -168.9737
3400.000000 88.302 -169.8470
3450.000000 88.180 -170.6902
3500.000000 88.047 -171.4468
3550.000000 87.907 -172.0672
3600.000000 87.774 -172.4911
3650.000000 87.661 -172.7172
3700.000000 87.586 -172.8464
3750.000000 87.552 -173.0374
3820.000000 87.544 -173.6436
3870.000000 87.532 -174.3514
3950.000000 87.452 -175.8322
4000.000000 87.344 -176.7618
4060.000000 87.163 -177.5994
4120.000000 86.954 -177.8700
4180.000000 86.774 -177.4727
4250.000000 86.666 -176.4771
4310.000000 86.674 -175.6284
4370.000000 86.744 -175.0146
4440.000000 86.861 -174.5807
4500.000000 86.980 -174.4537
4550.000000 87.087 -174.5219
4620.000000 87.250 -174.8669
4680.000000 87.392 -175.4087
4750.000000 87.546 -176.3556
4820.000000 87.671 -177.6729
4870.000000 87.727 -178.8356
4940.000000 87.737 179.3505
5000.000000 87.665 177.8380
5080.000000 87.464 176.3152
5150.000000 87.258 175.5638
5220.000000 87.080 175.1080
5300.000000 86.908 174.5699
5380.000000 86.723 173.8680
5450.000000 86.518 173.2673
5520.000000 86.272 172.8997
5600.000000 85.967 172.9154
5700.000000 85.590 173.5778
5800.000000 85.248 174.8164
5900.000000 84.966 176.4988
6000.000000 84.752 178.3513
6080.000000 84.615 179.8069
6150.000000 84.504 -178.9412
6220.000000 84.399 -177.6893
6300.000000 84.293 -176.2297
6400.000000 84.182 -174.3141
6500.000000 84.073 -172.2126
6600.000000 83.950 -169.6927
6700.000000 83.850 -166.4106
6800.000000 83.856 -162.3432
6900.000000 84.029 -157.9385
7000.000000 84.358 -153.7226
7100.000000 84.814 -149.9240
7200.000000 85.383 -146.5798
7300.000000 86.069 -143.8032
7400.000000 86.866 -141.7985
7500.000000 87.768 -140.7739
7620.000000 88.982 -141.3018
7750.000000 90.386 -145.0680
7880.000000 91.601 -153.2109
8000.000000 92.139 -164.0786
8120.000000 91.848 -175.6961
8250.000000 90.738 174.1084
8380.000000 89.206 167.9128
8500.000000 87.727 165.3992
8620.000000 86.320 165.0708
8750.000000 84.893 166.4195
8850.000000 83.854 168.5052
9000.000000 82.417 173.2565
9120.000000 81.408 178.2082
9250.000000 80.475 -175.5593
9380.000000 79.718 -168.7125
9500.000000 79.178 -162.1692
9620.000000 78.775 -155.6396
9750.000000 78.477 -148.7018
9880.000000 78.310 -141.9976
10000.000000 78.268 -136.0308
10150.000000 78.384 -128.8773
10300.000000 78.722 -122.3058
10440.000000 79.266 -117.6055
10600.000000 79.972 -115.9067
10750.000000 80.283 -117.8932
10900.000000 80.022 -120.9105
11060.000000 79.180 -122.7081
11200.000000 78.153 -121.8036
11380.000000 76.760 -117.1171
11500.000000 75.905 -112.3678
11720.000000 74.589 -101.4788
11800.000000 74.204 -97.0523
12060.000000 73.278 -82.1732
12200.000000 72.935 -74.3419
12410.000000 72.517 -63.0173
12500.000000 72.353 -58.2299
12650.000000 72.098 -50.1815
12800.000000 71.872 -42.0224
13150.000000 71.462 -23.0676
13200.000000 71.408 -20.3397
13400.000000 71.208 -9.0474
13600.000000 71.076 3.2324
13800.000000 71.117 16.6295
14000.000000 71.445 30.7243
14300.000000 72.634 50.9873
14500.000000 73.834 61.8386
14750.000000 75.454 70.5786
15000.000000 76.743 74.5149
15250.000000 77.417 76.4773
15500.000000 77.569 79.6124
15750.000000 77.558 85.4260
16000.000000 77.790 93.2439
16250.000000 78.467 101.0722
16500.000000 79.438 106.8515
16750.000000 80.414 109.4020
17000.000000 81.097 108.8961
17250.000000 81.273 106.7985
17500.000000 80.917 105.1675
17750.000000 80.179 105.6295
18000.000000 79.288 108.8019
18250.000000 78.450 114.3395
18500.000000 77.803 121.3856
18750.000000 77.411 128.9526
19000.000000 77.296 136.0178
19250.000000 77.421 141.4203
19500.000000 77.670 143.9939
19750.000000 77.870 143.2653
20000.000000 77.928 140.8024
