* Measurement data measured by REW V5.31.3
* Source: Odo By VECLAN.COM, Odo By VECLAN.COM, 0, volume: 0.260
* Format: 512k Log Swept Sine, 1 sweep at -12.0 dBFS with no timing reference
* Dated: 04 4, 25 9:10:06 PM
* REW Settings:
*  C-weighting compensation: Off
*  Target level: 75.0 dB
* Note: ; 
* Measurement: i5 hifi L
* Smoothing: 1/24 octave
* Frequency Step: 1/48 octave
* Start Frequency: 1.000 Hz
*
* Freq(Hz) SPL(dB) Phase(degrees)
1.000000 55.563 27.1714
1.015000 55.624 26.1270
1.030000 55.683 25.0791
1.044000 55.735 24.0828
1.060000 55.791 22.9223
1.075000 55.841 21.8161
1.090000 55.887 20.6960
1.106000 55.933 19.4899
1.120000 55.970 18.4287
1.138000 56.014 17.0621
1.150000 56.041 16.1531
1.172000 56.083 14.4998
1.180000 56.097 13.9052
1.206000 56.134 12.0099
1.220000 56.149 11.0198
1.241000 56.166 9.5866
1.250000 56.170 8.9948
1.265000 56.175 8.0430
1.280000 56.176 7.1392
1.315000 56.162 5.2502
1.320000 56.158 5.0085
1.340000 56.137 4.1146
1.360000 56.106 3.3112
1.380000 56.061 2.5470
1.400000 56.002 1.8060
1.430000 55.893 0.7437
1.450000 55.807 0.0766
1.475000 55.691 -0.6991
1.500000 55.565 -1.3955
1.525000 55.435 -1.9949
1.550000 55.304 -2.4775
1.575000 55.174 -2.8210
1.600000 55.049 -3.0009
1.625000 54.933 -2.9913
1.650000 54.829 -2.7655
1.675000 54.738 -2.3002
1.700000 54.651 -1.5926
1.725000 54.551 -0.6580
1.750000 54.437 0.5043
1.775000 54.316 1.9026
1.800000 54.195 3.5435
1.825000 54.079 5.4283
1.850000 53.977 7.5504
1.875000 53.894 9.8921
1.900000 53.839 12.4219
1.925000 53.818 15.0937
1.950000 53.837 17.8479
1.975000 53.905 20.6154
2.000000 54.028 23.3298
2.030000 54.257 26.4824
2.060000 54.580 29.5815
2.090000 54.987 32.6035
2.120000 55.466 35.4548
2.140000 55.816 37.2184
2.180000 56.574 40.3380
2.200000 56.973 41.6717
2.240000 57.786 43.8633
2.270000 58.395 45.0898
2.300000 58.985 45.9693
2.330000 59.545 46.5224
2.360000 60.072 46.7970
2.400000 60.752 46.8974
2.430000 61.260 46.8476
2.470000 61.937 46.6333
2.500000 62.439 46.3633
2.540000 63.099 45.8597
2.580000 63.742 45.1943
2.620000 64.361 44.3685
2.650000 64.807 43.6446
2.690000 65.372 42.5460
2.720000 65.775 41.6403
2.760000 66.289 40.3627
2.800000 66.777 39.0331
2.850000 67.355 37.3234
2.900000 67.902 35.5775
2.950000 68.422 33.8018
3.000000 68.920 31.9932
3.040000 69.302 30.5116
3.070000 69.578 29.3720
3.110000 69.931 27.8194
3.150000 70.266 26.2463
3.200000 70.663 24.2781
3.250000 71.038 22.3313
3.300000 71.395 20.4218
3.350000 71.735 18.5517
3.400000 72.058 16.6902
3.450000 72.361 14.8017
3.500000 72.645 12.9014
3.550000 72.912 11.0197
3.600000 73.163 9.1839
3.650000 73.400 7.4143
3.700000 73.625 5.7147
3.750000 73.837 4.0511
3.820000 74.107 1.7327
3.870000 74.284 0.1030
3.950000 74.544 -2.3962
4.000000 74.695 -3.8595
4.060000 74.866 -5.5099
4.120000 75.021 -7.0888
4.180000 75.162 -8.6135
4.250000 75.312 -10.3026
4.310000 75.435 -11.6474
4.370000 75.554 -12.8776
4.440000 75.685 -14.1746
4.500000 75.791 -15.1908
4.550000 75.876 -15.9774
4.620000 75.995 -16.9899
4.680000 76.101 -17.7741
4.750000 76.232 -18.5816
4.820000 76.367 -19.2701
4.870000 76.466 -19.7038
4.940000 76.611 -20.2589
5.000000 76.744 -20.7088
5.080000 76.937 -21.2799
5.150000 77.119 -21.7305
5.220000 77.312 -22.1513
5.300000 77.543 -22.6488
5.380000 77.784 -23.2102
5.450000 78.003 -23.7487
5.520000 78.232 -24.3143
5.600000 78.498 -25.0100
5.700000 78.832 -25.9967
5.800000 79.163 -27.1273
5.900000 79.492 -28.3669
6.000000 79.812 -29.6989
6.080000 80.056 -30.8324
6.150000 80.262 -31.8760
6.220000 80.462 -32.9575
6.300000 80.680 -34.2195
6.400000 80.936 -35.8134
6.500000 81.174 -37.4353
6.600000 81.393 -39.0748
6.700000 81.597 -40.6891
6.800000 81.785 -42.2646
6.900000 81.958 -43.8142
7.000000 82.119 -45.3195
7.100000 82.270 -46.7594
7.200000 82.413 -48.1400
7.300000 82.548 -49.4682
7.400000 82.679 -50.7402
7.500000 82.808 -51.9540
7.620000 82.959 -53.3474
7.750000 83.121 -54.8013
7.880000 83.284 -56.2056
8.000000 83.434 -57.4704
8.120000 83.582 -58.7246
8.250000 83.740 -60.0753
8.380000 83.893 -61.4167
8.500000 84.027 -62.6518
8.620000 84.155 -63.8801
8.750000 84.283 -65.1826
8.850000 84.374 -66.1610
9.000000 84.500 -67.5791
9.120000 84.592 -68.6447
9.250000 84.683 -69.7244
9.380000 84.770 -70.7188
9.500000 84.849 -71.5487
9.620000 84.929 -72.2990
9.750000 85.020 -73.0350
9.880000 85.121 -73.6969
10.000000 85.222 -74.2600
10.150000 85.362 -74.9416
10.300000 85.519 -75.6195
10.440000 85.676 -76.2924
10.600000 85.867 -77.1387
10.750000 86.049 -78.0223
10.900000 86.229 -79.0095
11.060000 86.414 -80.1618
11.200000 86.563 -81.2417
11.380000 86.734 -82.6988
11.500000 86.833 -83.6835
11.720000 86.984 -85.4736
11.800000 87.029 -86.0996
12.060000 87.148 -87.9962
12.200000 87.200 -88.9017
12.410000 87.269 -90.0957
12.500000 87.299 -90.5484
12.650000 87.353 -91.2316
12.800000 87.413 -91.8472
13.150000 87.589 -93.1451
13.200000 87.618 -93.3293
13.400000 87.743 -94.0903
13.600000 87.874 -94.9210
13.800000 88.005 -95.8314
14.000000 88.129 -96.8162
14.300000 88.290 -98.3707
14.500000 88.380 -99.4078
14.750000 88.473 -100.6444
15.000000 88.553 -101.7692
15.250000 88.630 -102.7680
15.500000 88.713 -103.6577
15.750000 88.808 -104.4829
16.000000 88.916 -105.2995
16.250000 89.035 -106.1552
16.500000 89.159 -107.0794
16.750000 89.280 -108.0789
17.000000 89.393 -109.1387
17.250000 89.494 -110.2326
17.500000 89.584 -111.3312
17.750000 89.662 -112.4079
18.000000 89.730 -113.4440
18.250000 89.792 -114.4287
18.500000 89.849 -115.3568
18.750000 89.903 -116.2273
19.000000 89.958 -117.0426
19.250000 90.014 -117.8094
19.500000 90.074 -118.5392
19.750000 90.138 -119.2493
20.000000 90.207 -119.9597
20.299999 90.293 -120.8373
20.600000 90.377 -121.7546
20.900000 90.453 -122.6982
21.200001 90.516 -123.6311
21.400000 90.553 -124.2248
21.799999 90.621 -125.3080
22.000000 90.657 -125.8015
22.400000 90.745 -126.7602
22.700001 90.820 -127.5310
23.000000 90.895 -128.3942
23.299999 90.955 -129.3383
23.600000 90.992 -130.2938
24.000000 91.007 -131.4151
24.299999 91.010 -132.0473
24.700001 91.039 -132.6313
25.000000 91.098 -133.0092
25.400000 91.220 -133.7001
25.799999 91.350 -134.7774
26.200001 91.436 -136.1607
26.500000 91.457 -137.2260
26.900000 91.438 -138.4291
27.200001 91.413 -139.0810
27.600000 91.404 -139.6718
28.000000 91.441 -140.1724
28.500000 91.526 -141.0171
29.000000 91.595 -142.1564
29.500000 91.620 -143.3319
30.000000 91.624 -144.3309
30.400000 91.630 -145.0235
30.700001 91.640 -145.5307
31.100000 91.651 -146.2202
31.500000 91.652 -146.8964
32.000000 91.645 -147.6302
32.500000 91.649 -148.2131
33.000000 91.679 -148.7641
33.500000 91.729 -149.4361
34.000000 91.775 -150.2709
34.500000 91.804 -151.1914
35.000000 91.815 -152.1016
35.500000 91.817 -152.9543
36.000000 91.815 -153.7460
36.500000 91.814 -154.4827
37.000000 91.816 -155.1724
37.500000 91.824 -155.8382
38.200001 91.842 -156.7912
38.700001 91.854 -157.5013
39.500000 91.859 -158.6231
40.000000 91.857 -159.2761
40.599998 91.855 -160.0138
41.200001 91.855 -160.7255
41.799999 91.855 -161.4260
42.500000 91.855 -162.2446
43.099998 91.852 -162.9581
43.700001 91.843 -163.6688
44.400002 91.828 -164.4672
45.000000 91.812 -165.1228
45.500000 91.795 -165.6387
46.200001 91.773 -166.2769
46.799999 91.767 -166.7730
47.500000 91.771 -167.4107
48.200001 91.768 -168.1308
48.700001 91.758 -168.6275
49.400002 91.742 -169.2674
50.000000 91.730 -169.8186
50.799999 91.701 -170.5318
51.500000 91.674 -171.0606
52.200001 91.657 -171.5937
53.000000 91.624 -172.2525
53.799999 91.580 -172.7551
54.500000 91.564 -173.1126
55.200001 91.561 -173.6113
56.000000 91.532 -174.2889
57.000000 91.477 -174.8965
58.000000 91.459 -175.4572
59.000000 91.432 -176.2556
60.000000 91.374 -176.9480
60.799999 91.340 -177.3590
61.500000 91.325 -177.7628
62.200001 91.308 -178.2624
63.000000 91.272 -178.8466
64.000000 91.219 -179.4313
65.000000 91.174 -179.9416
66.000000 91.129 179.6436
67.000000 91.113 179.2820
68.000000 91.099 178.6583
69.000000 91.049 178.0547
70.000000 91.009 177.5772
71.000000 90.967 176.9560
72.000000 90.899 176.4484
73.000000 90.853 176.1035
74.000000 90.820 175.6418
75.000000 90.767 175.1815
76.199997 90.705 174.8383
77.500000 90.661 174.4798
78.800003 90.615 174.0018
80.000000 90.555 173.5135
81.199997 90.482 173.1072
82.500000 90.417 172.7969
83.800003 90.378 172.4164
85.000000 90.338 171.9415
86.199997 90.289 171.4937
87.500000 90.238 171.0519
88.500000 90.199 170.7079
90.000000 90.137 170.1878
91.199997 90.080 169.8055
92.500000 90.015 169.4837
93.800003 89.956 169.2384
95.000000 89.906 169.0276
96.199997 89.856 168.8024
97.500000 89.800 168.5469
98.800003 89.745 168.2832
100.000000 89.695 168.0229
101.500000 89.630 167.7056
103.000000 89.561 167.4900
104.400002 89.504 167.3643
106.000000 89.440 167.1616
107.500000 89.369 166.9214
109.000000 89.298 166.6839
110.599998 89.228 166.3730
112.000000 89.166 166.1219
113.800003 89.095 165.9193
115.000000 89.051 165.7844
117.199997 88.958 165.5062
118.000000 88.923 165.4089
120.599998 88.814 165.0725
122.000000 88.765 164.9248
124.099998 88.703 164.7267
125.000000 88.677 164.6378
126.500000 88.629 164.4767
128.000000 88.576 164.3124
131.500000 88.452 164.0304
132.000000 88.435 164.0059
134.000000 88.366 163.9289
136.000000 88.287 163.8643
138.000000 88.205 163.7793
140.000000 88.130 163.6588
143.000000 88.032 163.4684
145.000000 87.965 163.4210
147.500000 87.879 163.3939
150.000000 87.792 163.3425
152.500000 87.707 163.2875
155.000000 87.629 163.2584
157.500000 87.551 163.1951
160.000000 87.477 163.0915
162.500000 87.411 163.0298
165.000000 87.344 163.0532
167.500000 87.265 163.1520
170.000000 87.181 163.2104
172.500000 87.103 163.2142
175.000000 87.039 163.1895
177.500000 86.972 163.1643
180.000000 86.900 163.2155
182.500000 86.836 163.2816
185.000000 86.776 163.3152
187.500000 86.711 163.3923
190.000000 86.649 163.5067
192.500000 86.590 163.6048
195.000000 86.529 163.6801
197.500000 86.463 163.7419
200.000000 86.398 163.7541
203.000000 86.326 163.7861
206.000000 86.264 163.9044
209.000000 86.200 164.0834
212.000000 86.133 164.2304
214.000000 86.088 164.3152
218.000000 85.993 164.4612
220.000000 85.940 164.5696
224.000000 85.849 164.8503
227.000000 85.791 165.0192
230.000000 85.734 165.1539
233.000000 85.679 165.2899
236.000000 85.624 165.4041
240.000000 85.550 165.5168
243.000000 85.488 165.7173
247.000000 85.379 166.1913
250.000000 85.290 166.3266
254.000000 85.217 166.2631
258.000000 85.167 166.4894
262.000000 85.099 166.8472
265.000000 85.047 167.0997
269.000000 84.966 167.5137
272.000000 84.902 167.7998
276.000000 84.838 168.1757
280.000000 84.780 168.6270
285.000000 84.729 169.3213
290.000000 84.707 169.8499
295.000000 84.676 170.1782
300.000000 84.599 170.3631
304.000000 84.492 170.4326
307.000000 84.430 170.5641
311.000000 84.409 170.6426
315.000000 84.390 170.6721
320.000000 84.344 170.9458
325.000000 84.306 171.4028
330.000000 84.251 171.7594
335.000000 84.200 172.0002
340.000000 84.144 172.3136
345.000000 84.079 172.6791
350.000000 84.007 173.0146
355.000000 83.951 173.3878
360.000000 83.904 173.8827
365.000000 83.854 174.4217
370.000000 83.812 174.8975
375.000000 83.790 175.2964
382.000000 83.756 175.8115
387.000000 83.726 176.1132
395.000000 83.668 176.5174
400.000000 83.628 176.8597
406.000000 83.557 177.2806
412.000000 83.593 178.4410
418.000000 83.744 178.2763
425.000000 83.759 177.8015
431.000000 83.688 178.7136
437.000000 83.547 -179.8176
444.000000 83.251 -179.2005
450.000000 83.148 -179.9175
455.000000 83.177 -179.7634
462.000000 83.175 -179.2793
468.000000 83.135 -178.8644
475.000000 83.088 -178.2939
482.000000 83.036 -177.9425
487.000000 82.983 -177.6514
494.000000 82.930 -177.2041
500.000000 82.891 -176.9702
508.000000 82.886 -176.5045
515.000000 82.850 -175.6644
522.000000 82.786 -174.9416
530.000000 82.751 -174.3590
538.000000 82.711 -173.9299
545.000000 82.684 -173.7255
552.000000 82.565 -173.7563
560.000000 82.419 -173.5178
570.000000 82.497 -172.8564
580.000000 82.546 -171.4825
590.000000 82.506 -170.6405
600.000000 82.473 -169.9722
608.000000 82.444 -169.4423
615.000000 82.422 -168.9663
622.000000 82.405 -168.4788
630.000000 82.386 -167.9190
640.000000 82.351 -167.1228
650.000000 82.303 -166.4772
660.000000 82.281 -165.8727
670.000000 82.261 -165.2162
680.000000 82.242 -164.5144
690.000000 82.226 -163.8416
700.000000 82.219 -163.1983
710.000000 82.212 -162.5962
720.000000 82.196 -162.0096
730.000000 82.166 -161.3159
740.000000 82.143 -160.6613
750.000000 82.135 -160.0119
762.000000 82.125 -159.2149
775.000000 82.119 -158.3610
788.000000 82.114 -157.5032
800.000000 82.111 -156.7532
812.000000 82.114 -155.9932
825.000000 82.123 -155.1142
838.000000 82.141 -154.2470
850.000000 82.164 -153.5845
862.000000 82.176 -152.9308
875.000000 82.184 -152.0109
885.000000 82.189 -151.1273
900.000000 82.191 -150.1307
912.000000 82.227 -149.5226
925.000000 82.255 -148.7278
938.000000 82.277 -147.9339
950.000000 82.309 -147.2038
962.000000 82.345 -146.4985
975.000000 82.379 -145.7552
988.000000 82.419 -145.0460
1000.000000 82.465 -144.3944
1015.000000 82.529 -143.6030
1030.000000 82.596 -142.8384
1044.000000 82.656 -142.1645
1060.000000 82.728 -141.4366
1075.000000 82.803 -140.8326
1090.000000 82.878 -140.2484
1106.000000 82.961 -139.6184
1120.000000 83.036 -139.1187
1138.000000 83.129 -138.4830
1150.000000 83.191 -138.0908
1172.000000 83.300 -137.5180
1180.000000 83.332 -137.3328
1206.000000 83.435 -136.6243
1220.000000 83.504 -136.2771
1241.000000 83.601 -135.8038
1250.000000 83.640 -135.6246
1265.000000 83.705 -135.3670
1280.000000 83.762 -135.1256
1315.000000 83.885 -134.3826
1320.000000 83.903 -134.2926
1340.000000 83.976 -133.9958
1360.000000 84.049 -133.6947
1380.000000 84.113 -133.4037
1400.000000 84.170 -133.0951
1430.000000 84.251 -132.5982
1450.000000 84.304 -132.2588
1475.000000 84.376 -131.8704
1500.000000 84.442 -131.5495
1525.000000 84.504 -131.1738
1550.000000 84.563 -130.7900
1575.000000 84.623 -130.4193
1600.000000 84.679 -129.9996
1625.000000 84.733 -129.5873
1650.000000 84.786 -129.1602
1675.000000 84.839 -128.6795
1700.000000 84.897 -128.1628
1725.000000 84.972 -127.6223
1750.000000 85.066 -127.1172
1775.000000 85.165 -126.7323
1800.000000 85.252 -126.4365
1825.000000 85.331 -126.1302
1850.000000 85.412 -125.7862
1875.000000 85.501 -125.4587
1900.000000 85.592 -125.2018
1925.000000 85.677 -124.9399
1950.000000 85.758 -124.6492
1975.000000 85.843 -124.3854
2000.000000 85.939 -124.1222
2030.000000 86.062 -123.8534
2060.000000 86.184 -123.6705
2090.000000 86.305 -123.5203
2120.000000 86.427 -123.4069
2140.000000 86.505 -123.3676
2180.000000 86.646 -123.2963
2200.000000 86.715 -123.2761
2240.000000 86.867 -123.2719
2270.000000 86.989 -123.2914
2300.000000 87.098 -123.3188
2330.000000 87.192 -123.3756
2360.000000 87.281 -123.4689
2400.000000 87.411 -123.6128
2430.000000 87.511 -123.7560
2470.000000 87.641 -123.9719
2500.000000 87.739 -124.1642
2540.000000 87.867 -124.4457
2580.000000 87.990 -124.7149
2620.000000 88.115 -125.0108
2650.000000 88.210 -125.2375
2690.000000 88.337 -125.5331
2720.000000 88.437 -125.7608
2760.000000 88.584 -126.1183
2800.000000 88.742 -126.6124
2850.000000 88.930 -127.3799
2900.000000 89.117 -128.2875
2950.000000 89.307 -129.3690
3000.000000 89.488 -130.6816
3040.000000 89.614 -131.8823
3070.000000 89.696 -132.8135
3110.000000 89.798 -134.0624
3150.000000 89.903 -135.4109
3200.000000 90.021 -137.4693
3250.000000 90.072 -139.9246
3300.000000 90.035 -142.4817
3350.000000 89.925 -144.9165
3400.000000 89.762 -147.0895
3450.000000 89.558 -148.9662
3500.000000 89.324 -150.5772
3550.000000 89.066 -151.9191
3600.000000 88.791 -152.9512
3650.000000 88.511 -153.7046
3700.000000 88.227 -154.2358
3750.000000 87.940 -154.5437
3820.000000 87.541 -154.5570
3870.000000 87.267 -154.2615
3950.000000 86.866 -153.3495
4000.000000 86.637 -152.5578
4060.000000 86.383 -151.3816
4120.000000 86.151 -149.9142
4180.000000 85.955 -148.1506
4250.000000 85.799 -145.8222
4310.000000 85.732 -143.7041
4370.000000 85.720 -141.5502
4440.000000 85.775 -139.0529
4500.000000 85.884 -136.9789
4550.000000 86.017 -135.3300
4620.000000 86.264 -133.2034
4680.000000 86.527 -131.6098
4750.000000 86.886 -130.0802
4820.000000 87.291 -128.9517
4870.000000 87.603 -128.4082
4940.000000 88.069 -128.0692
5000.000000 88.489 -128.2003
5080.000000 89.056 -129.0172
5150.000000 89.541 -130.3641
5220.000000 90.000 -132.3080
5300.000000 90.469 -135.2329
5380.000000 90.849 -138.7997
5450.000000 91.090 -142.3270
5520.000000 91.233 -146.1043
5600.000000 91.268 -150.5465
5700.000000 91.122 -155.9543
5800.000000 90.789 -160.8300
5900.000000 90.305 -164.8965
6000.000000 89.717 -167.9929
6080.000000 89.205 -169.7161
6150.000000 88.744 -170.6787
6220.000000 88.279 -171.1465
6300.000000 87.753 -171.0910
6400.000000 87.120 -170.1586
6500.000000 86.528 -168.2557
6600.000000 85.998 -165.2741
6700.000000 85.567 -160.9485
6800.000000 85.375 -154.9348
6900.000000 85.641 -148.3560
7000.000000 86.232 -143.7081
7100.000000 86.878 -140.4315
7200.000000 87.637 -137.4820
7300.000000 88.587 -135.2564
7400.000000 89.711 -134.3582
7500.000000 90.910 -135.2289
7620.000000 92.184 -138.9844
7750.000000 93.057 -146.7135
7880.000000 93.463 -158.7659
8000.000000 93.583 -173.1892
8120.000000 93.543 171.2642
8250.000000 93.362 156.0538
8380.000000 93.007 144.1823
8500.000000 92.398 136.1308
8620.000000 91.431 130.2133
8750.000000 90.102 125.4873
8850.000000 89.025 122.8007
9000.000000 87.441 120.1317
9120.000000 86.235 119.0143
9250.000000 85.002 118.6311
9380.000000 83.852 118.9230
9500.000000 82.859 119.6508
9620.000000 81.926 120.7154
9750.000000 80.977 122.1717
9880.000000 80.085 123.8867
10000.000000 79.307 125.6702
10150.000000 78.384 128.1397
10300.000000 77.511 130.8563
10440.000000 76.740 133.6207
10600.000000 75.906 137.0723
10750.000000 75.171 140.6064
10900.000000 74.489 144.4312
11060.000000 73.827 148.8140
11200.000000 73.309 152.8905
11380.000000 72.729 158.4289
11500.000000 72.397 162.2756
11720.000000 71.908 169.5654
11800.000000 71.770 172.2764
12060.000000 71.485 -178.7464
12200.000000 71.438 -173.8522
12410.000000 71.508 -166.5127
12500.000000 71.586 -163.3951
12650.000000 71.783 -158.2732
12800.000000 72.076 -153.2790
13150.000000 73.221 -142.5582
13200.000000 73.439 -141.1756
13400.000000 74.454 -136.1422
13600.000000 75.715 -132.0996
13800.000000 77.256 -129.4369
14000.000000 79.124 -128.7156
14300.000000 82.668 -133.4335
14500.000000 85.439 -143.4204
14750.000000 88.361 -167.6558
15000.000000 89.006 158.4441
15250.000000 86.878 128.2332
15500.000000 83.406 109.9326
15750.000000 80.040 101.5595
16000.000000 77.320 98.6974
16250.000000 75.248 98.4374
16500.000000 73.743 98.9917
16750.000000 72.573 98.8073
17000.000000 70.517 97.9153
17250.000000 65.339 98.3317
17500.000000 57.144 99.0024
17750.000000 47.255 100.1857
18000.000000 36.489 95.8368
18250.000000 25.483 15.5955
18500.000000 16.575 -3.9201
18750.000000 13.424 -25.6272
19000.000000 12.851 41.1363
19250.000000 12.105 126.4357
19500.000000 11.029 127.3355
19750.000000 10.200 127.5865
