* Measurement data measured by REW V5.31.3
* Source: Odo By VECLAN.COM, Odo By VECLAN.COM, 0, volume: 0.260
* Format: 512k Log Swept Sine, 1 sweep at -12.0 dBFS with no timing reference
* Dated: 04 4, 25 9:13:10 PM
* REW Settings:
*  C-weighting compensation: Off
*  Target level: 75.0 dB
* Note: ; 
* Measurement: i5 pop anc L
* Smoothing: 1/24 octave
* Frequency Step: 1/48 octave
* Start Frequency: 1.000 Hz
*
* Freq(Hz) SPL(dB) Phase(degrees)
1.000000 56.920 -168.4292
1.015000 56.967 -170.4495
1.030000 57.013 -172.5466
1.044000 57.054 -174.5935
1.060000 57.099 -177.0371
1.075000 57.140 -179.4226
1.090000 57.179 178.1086
1.106000 57.221 175.3936
1.120000 57.258 172.9582
1.138000 57.305 169.7601
1.150000 57.337 167.5954
1.172000 57.399 163.5820
1.180000 57.422 162.1144
1.206000 57.503 157.3437
1.220000 57.551 154.7893
1.241000 57.627 150.9992
1.250000 57.663 149.3953
1.265000 57.725 146.7557
1.280000 57.792 144.1631
1.315000 57.971 138.3205
1.320000 57.999 137.5106
1.340000 58.119 134.3263
1.360000 58.252 131.1895
1.380000 58.397 128.0394
1.400000 58.552 124.8696
1.430000 58.804 120.1130
1.450000 58.983 116.9656
1.475000 59.217 113.0849
1.500000 59.460 109.2863
1.525000 59.710 105.5885
1.550000 59.966 102.0039
1.575000 60.224 98.5394
1.600000 60.483 95.1970
1.625000 60.741 91.9738
1.650000 60.996 88.8628
1.675000 61.246 85.8477
1.700000 61.495 82.8804
1.725000 61.748 79.9099
1.750000 62.006 76.9410
1.775000 62.268 73.9979
1.800000 62.533 71.1037
1.825000 62.799 68.2777
1.850000 63.064 65.5349
1.875000 63.327 62.8865
1.900000 63.586 60.3398
1.925000 63.840 57.8990
1.950000 64.088 55.5651
1.975000 64.328 53.3365
2.000000 64.558 51.2066
2.030000 64.822 48.7449
2.060000 65.077 46.3124
2.090000 65.323 43.8842
2.120000 65.563 41.4757
2.140000 65.718 39.8913
2.180000 66.018 36.7974
2.200000 66.162 35.2978
2.240000 66.440 32.4131
2.270000 66.639 30.3629
2.300000 66.828 28.4191
2.330000 67.008 26.5847
2.360000 67.179 24.8441
2.400000 67.391 22.5797
2.430000 67.539 20.8878
2.470000 67.722 18.6519
2.500000 67.850 17.0073
2.540000 68.007 14.8853
2.580000 68.150 12.8745
2.620000 68.282 11.0074
2.650000 68.373 9.7190
2.690000 68.484 8.1577
2.720000 68.557 7.0748
2.760000 68.641 5.6930
2.800000 68.708 4.3715
2.850000 68.776 2.8266
2.900000 68.830 1.4392
2.950000 68.879 0.2563
3.000000 68.927 -0.6729
3.040000 68.964 -1.2151
3.070000 68.988 -1.5154
3.110000 69.009 -1.7922
3.150000 69.024 -1.9378
3.200000 69.042 -1.9434
3.250000 69.072 -1.7605
3.300000 69.126 -1.3981
3.350000 69.215 -0.8616
3.400000 69.340 -0.1259
3.450000 69.491 0.8312
3.500000 69.667 1.9513
3.550000 69.869 3.1445
3.600000 70.098 4.3190
3.650000 70.357 5.3927
3.700000 70.649 6.3241
3.750000 70.979 7.1685
3.820000 71.506 8.2742
3.870000 71.915 8.9364
3.950000 72.595 9.6066
4.000000 73.020 9.7191
4.060000 73.522 9.5521
4.120000 74.029 9.1667
4.180000 74.541 8.6158
4.250000 75.135 7.7502
4.310000 75.628 6.7972
4.370000 76.098 5.6389
4.440000 76.619 4.0598
4.500000 77.047 2.5671
4.550000 77.390 1.2517
4.620000 77.848 -0.6775
4.680000 78.218 -2.4080
4.750000 78.622 -4.5356
4.820000 78.998 -6.7885
4.870000 79.249 -8.4476
4.940000 79.578 -10.7958
5.000000 79.839 -12.8066
5.080000 80.158 -15.4999
5.150000 80.408 -17.9220
5.220000 80.633 -20.3848
5.300000 80.860 -23.1732
5.380000 81.057 -25.8813
5.450000 81.205 -28.2238
5.520000 81.329 -30.5800
5.600000 81.444 -33.2435
5.700000 81.553 -36.4187
5.800000 81.621 -39.4211
5.900000 81.650 -42.3307
6.000000 81.647 -45.0660
6.080000 81.625 -47.0656
6.150000 81.589 -48.6936
6.220000 81.541 -50.2245
6.300000 81.475 -51.8404
6.400000 81.385 -53.6091
6.500000 81.286 -55.0724
6.600000 81.182 -56.2609
6.700000 81.090 -57.2046
6.800000 81.019 -57.8893
6.900000 80.967 -58.3125
7.000000 80.943 -58.5651
7.100000 80.956 -58.7239
7.200000 81.009 -58.7832
7.300000 81.095 -58.8030
7.400000 81.211 -58.8920
7.500000 81.358 -59.0792
7.620000 81.567 -59.4304
7.750000 81.813 -60.0476
7.880000 82.068 -60.9365
8.000000 82.305 -61.9531
8.120000 82.528 -63.1387
8.250000 82.753 -64.5999
8.380000 82.955 -66.1656
8.500000 83.117 -67.6606
8.620000 83.256 -69.1913
8.750000 83.384 -70.8179
8.850000 83.466 -72.0260
9.000000 83.567 -73.7603
9.120000 83.635 -75.0396
9.250000 83.698 -76.3075
9.380000 83.755 -77.4587
9.500000 83.809 -78.4124
9.620000 83.864 -79.2696
9.750000 83.930 -80.1156
9.880000 84.004 -80.8904
10.000000 84.079 -81.5577
10.150000 84.183 -82.3676
10.300000 84.297 -83.1665
10.440000 84.407 -83.9224
10.600000 84.536 -84.8138
10.750000 84.656 -85.6719
10.900000 84.770 -86.5498
11.060000 84.884 -87.4939
11.200000 84.977 -88.3113
11.380000 85.086 -89.3369
11.500000 85.153 -89.9924
11.720000 85.267 -91.1257
11.800000 85.306 -91.5137
12.060000 85.430 -92.6885
12.200000 85.495 -93.2748
12.410000 85.593 -94.1078
12.500000 85.636 -94.4534
12.650000 85.706 -95.0186
12.800000 85.776 -95.5745
13.150000 85.930 -96.8480
13.200000 85.951 -97.0266
13.400000 86.031 -97.7284
13.600000 86.105 -98.4021
13.800000 86.176 -99.0410
14.000000 86.243 -99.6404
14.300000 86.344 -100.4739
14.500000 86.413 -100.9989
14.750000 86.503 -101.6425
15.000000 86.594 -102.2935
15.250000 86.686 -102.9633
15.500000 86.773 -103.6497
15.750000 86.854 -104.3375
16.000000 86.930 -105.0043
16.250000 87.001 -105.6300
16.500000 87.072 -106.2039
16.750000 87.147 -106.7278
17.000000 87.229 -107.2171
17.250000 87.319 -107.6942
17.500000 87.417 -108.1823
17.750000 87.521 -108.6986
18.000000 87.626 -109.2502
18.250000 87.731 -109.8340
18.500000 87.833 -110.4397
18.750000 87.931 -111.0535
19.000000 88.025 -111.6627
19.250000 88.116 -112.2584
19.500000 88.204 -112.8358
19.750000 88.290 -113.3929
20.000000 88.374 -113.9297
20.299999 88.472 -114.5461
20.600000 88.569 -115.1294
20.900000 88.663 -115.6751
21.200001 88.758 -116.1802
21.400000 88.822 -116.4955
21.799999 88.957 -117.0896
22.000000 89.028 -117.3817
22.400000 89.180 -118.0007
22.700001 89.299 -118.5330
23.000000 89.416 -119.1476
23.299999 89.525 -119.8440
23.600000 89.619 -120.5953
24.000000 89.716 -121.5966
24.299999 89.772 -122.2776
24.700001 89.838 -123.0312
25.000000 89.895 -123.4943
25.400000 89.993 -124.0736
25.799999 90.111 -124.7444
26.200001 90.231 -125.5800
26.500000 90.309 -126.2891
26.900000 90.393 -127.2467
27.200001 90.446 -127.9158
27.600000 90.515 -128.7209
28.000000 90.596 -129.4851
28.500000 90.708 -130.5154
29.000000 90.810 -131.6644
29.500000 90.889 -132.8224
30.000000 90.955 -133.8975
30.400000 91.009 -134.7191
30.700001 91.049 -135.3374
31.100000 91.096 -136.1653
31.500000 91.134 -136.9572
32.000000 91.179 -137.8409
32.500000 91.241 -138.6642
33.000000 91.319 -139.5977
33.500000 91.387 -140.7274
34.000000 91.415 -141.9316
34.500000 91.408 -142.9909
35.000000 91.394 -143.8063
35.500000 91.401 -144.4755
36.000000 91.428 -145.1619
36.500000 91.456 -145.9293
37.000000 91.474 -146.7207
37.500000 91.485 -147.4708
38.200001 91.505 -148.4892
38.700001 91.516 -149.2544
39.500000 91.505 -150.4550
40.000000 91.489 -151.0860
40.599998 91.482 -151.7582
41.200001 91.486 -152.4785
41.799999 91.479 -153.2618
42.500000 91.455 -154.0902
43.099998 91.442 -154.7052
43.700001 91.441 -155.3710
44.400002 91.426 -156.2481
45.000000 91.392 -156.9275
45.500000 91.364 -157.3783
46.200001 91.345 -157.9515
46.799999 91.336 -158.5067
47.500000 91.313 -159.1877
48.200001 91.280 -159.7838
48.700001 91.260 -160.1596
49.400002 91.238 -160.6750
50.000000 91.218 -161.1112
50.799999 91.194 -161.6568
51.500000 91.179 -162.1417
52.200001 91.161 -162.6662
53.000000 91.127 -163.2391
53.799999 91.090 -163.7145
54.500000 91.064 -164.0851
55.200001 91.041 -164.4530
56.000000 91.013 -164.8674
57.000000 90.976 -165.3330
58.000000 90.944 -165.7456
59.000000 90.915 -166.1707
60.000000 90.881 -166.5867
60.799999 90.851 -166.8727
61.500000 90.828 -167.0907
62.200001 90.809 -167.3026
63.000000 90.790 -167.5649
64.000000 90.762 -167.9061
65.000000 90.731 -168.2360
66.000000 90.699 -168.5692
67.000000 90.662 -168.8746
68.000000 90.631 -169.1337
69.000000 90.610 -169.4053
70.000000 90.589 -169.7057
71.000000 90.569 -169.9923
72.000000 90.553 -170.2648
73.000000 90.538 -170.5370
74.000000 90.522 -170.8073
75.000000 90.502 -171.0554
76.199997 90.477 -171.2871
77.500000 90.459 -171.5039
78.800003 90.444 -171.7382
80.000000 90.430 -171.9581
81.199997 90.416 -172.1885
82.500000 90.398 -172.4564
83.800003 90.377 -172.7352
85.000000 90.357 -172.9824
86.199997 90.339 -173.2161
87.500000 90.323 -173.4437
88.500000 90.315 -173.5961
90.000000 90.308 -173.8080
91.199997 90.303 -173.9835
92.500000 90.292 -174.1851
93.800003 90.276 -174.3994
95.000000 90.259 -174.6195
96.199997 90.242 -174.8674
97.500000 90.226 -175.1495
98.800003 90.216 -175.4213
100.000000 90.212 -175.6602
101.500000 90.210 -175.9447
103.000000 90.205 -176.2245
104.400002 90.195 -176.4907
106.000000 90.178 -176.8140
107.500000 90.162 -177.1550
109.000000 90.148 -177.5179
110.599998 90.134 -177.9009
112.000000 90.122 -178.2179
113.800003 90.102 -178.5931
115.000000 90.085 -178.8375
117.199997 90.048 -179.2867
118.000000 90.035 -179.4592
120.599998 89.989 179.9282
122.000000 89.963 179.5992
124.099998 89.920 179.0947
125.000000 89.900 178.8751
126.500000 89.865 178.5071
128.000000 89.830 178.1279
131.500000 89.744 177.2665
132.000000 89.731 177.1513
134.000000 89.678 176.6857
136.000000 89.616 176.2037
138.000000 89.545 175.7482
140.000000 89.469 175.3342
143.000000 89.352 174.7714
145.000000 89.268 174.4340
147.500000 89.155 174.0489
150.000000 89.036 173.6908
152.500000 88.912 173.3588
155.000000 88.785 173.0540
157.500000 88.656 172.7987
160.000000 88.529 172.6050
162.500000 88.402 172.4591
165.000000 88.275 172.3519
167.500000 88.148 172.2849
170.000000 88.023 172.2581
172.500000 87.900 172.2531
175.000000 87.778 172.3069
177.500000 87.659 172.4185
180.000000 87.543 172.5933
182.500000 87.431 172.7748
185.000000 87.318 172.9669
187.500000 87.208 173.2070
190.000000 87.103 173.4659
192.500000 86.999 173.7408
195.000000 86.897 174.0673
197.500000 86.799 174.4383
200.000000 86.705 174.8197
203.000000 86.593 175.2626
206.000000 86.483 175.7208
209.000000 86.378 176.2343
212.000000 86.279 176.7807
214.000000 86.215 177.1567
218.000000 86.089 177.9030
220.000000 86.028 178.2589
224.000000 85.918 178.9393
227.000000 85.846 179.4480
230.000000 85.780 179.9832
233.000000 85.716 -179.4655
236.000000 85.655 -178.9118
240.000000 85.577 -178.1870
243.000000 85.519 -177.6472
247.000000 85.445 -176.9097
250.000000 85.395 -176.3650
254.000000 85.330 -175.6517
258.000000 85.268 -174.9247
262.000000 85.210 -174.2438
265.000000 85.169 -173.7574
269.000000 85.118 -173.0804
272.000000 85.081 -172.5577
276.000000 85.033 -171.8605
280.000000 84.986 -171.1425
285.000000 84.926 -170.1371
290.000000 84.886 -169.0968
295.000000 84.862 -168.1384
300.000000 84.845 -167.2798
304.000000 84.836 -166.5924
307.000000 84.829 -166.0596
311.000000 84.816 -165.3657
315.000000 84.799 -164.7339
320.000000 84.779 -164.0262
325.000000 84.768 -163.3335
330.000000 84.759 -162.6384
335.000000 84.749 -161.9434
340.000000 84.743 -161.2872
345.000000 84.741 -160.6830
350.000000 84.738 -160.1028
355.000000 84.736 -159.5486
360.000000 84.736 -159.0016
365.000000 84.728 -158.4370
370.000000 84.716 -157.8232
375.000000 84.715 -157.1152
382.000000 84.744 -156.1926
387.000000 84.769 -155.6191
395.000000 84.809 -154.8479
400.000000 84.837 -154.4189
406.000000 84.864 -153.9250
412.000000 84.881 -153.4569
418.000000 84.896 -153.0453
425.000000 84.911 -152.6076
431.000000 84.918 -152.2443
437.000000 84.921 -151.8654
444.000000 84.918 -151.4484
450.000000 84.911 -151.1298
455.000000 84.905 -150.8743
462.000000 84.898 -150.5242
468.000000 84.889 -150.2316
475.000000 84.874 -149.8969
482.000000 84.852 -149.5426
487.000000 84.834 -149.2764
494.000000 84.804 -148.9003
500.000000 84.777 -148.5829
508.000000 84.737 -148.1405
515.000000 84.699 -147.7336
522.000000 84.659 -147.3337
530.000000 84.609 -146.8623
538.000000 84.555 -146.3443
545.000000 84.507 -145.8391
552.000000 84.462 -145.3271
560.000000 84.413 -144.7839
570.000000 84.346 -144.0549
580.000000 84.275 -143.2241
590.000000 84.197 -142.3265
600.000000 84.118 -141.3847
608.000000 84.055 -140.6218
615.000000 84.005 -139.9694
622.000000 83.961 -139.3107
630.000000 83.918 -138.5406
640.000000 83.874 -137.5424
650.000000 83.841 -136.5068
660.000000 83.809 -135.4716
670.000000 83.777 -134.4345
680.000000 83.748 -133.3807
690.000000 83.724 -132.3497
700.000000 83.700 -131.3774
710.000000 83.675 -130.4227
720.000000 83.649 -129.4635
730.000000 83.623 -128.4706
740.000000 83.604 -127.4628
750.000000 83.594 -126.4747
762.000000 83.588 -125.2575
775.000000 83.584 -123.9081
788.000000 83.582 -122.5424
800.000000 83.582 -121.3119
812.000000 83.588 -120.1304
825.000000 83.593 -118.8193
838.000000 83.593 -117.5260
850.000000 83.600 -116.3686
862.000000 83.619 -115.2281
875.000000 83.647 -113.9900
885.000000 83.674 -112.9968
900.000000 83.720 -111.5419
912.000000 83.755 -110.3998
925.000000 83.783 -109.0914
938.000000 83.800 -107.8184
950.000000 83.824 -106.7213
962.000000 83.859 -105.6824
975.000000 83.912 -104.5923
988.000000 83.978 -103.5212
1000.000000 84.042 -102.5278
1015.000000 84.120 -101.2761
1030.000000 84.198 -100.0626
1044.000000 84.274 -98.9752
1060.000000 84.367 -97.7895
1075.000000 84.457 -96.7166
1090.000000 84.548 -95.7101
1106.000000 84.649 -94.6691
1120.000000 84.736 -93.8105
1138.000000 84.844 -92.7742
1150.000000 84.915 -92.0978
1172.000000 85.047 -90.9613
1180.000000 85.095 -90.5696
1206.000000 85.241 -89.3207
1220.000000 85.312 -88.6869
1241.000000 85.414 -87.7983
1250.000000 85.455 -87.4259
1265.000000 85.520 -86.8130
1280.000000 85.582 -86.2208
1315.000000 85.721 -84.8719
1320.000000 85.740 -84.6818
1340.000000 85.808 -83.9390
1360.000000 85.869 -83.2015
1380.000000 85.926 -82.4713
1400.000000 85.981 -81.7374
1430.000000 86.058 -80.6304
1450.000000 86.106 -79.8798
1475.000000 86.164 -78.9376
1500.000000 86.220 -77.9832
1525.000000 86.276 -77.0178
1550.000000 86.331 -76.0295
1575.000000 86.384 -75.0154
1600.000000 86.434 -73.9763
1625.000000 86.481 -72.9054
1650.000000 86.528 -71.7867
1675.000000 86.580 -70.6240
1700.000000 86.647 -69.4175
1725.000000 86.735 -68.2157
1750.000000 86.837 -67.1224
1775.000000 86.937 -66.1646
1800.000000 87.023 -65.2416
1825.000000 87.109 -64.2740
1850.000000 87.206 -63.2793
1875.000000 87.312 -62.3040
1900.000000 87.414 -61.3624
1925.000000 87.508 -60.4437
1950.000000 87.602 -59.5332
1975.000000 87.702 -58.6428
2000.000000 87.807 -57.7670
2030.000000 87.943 -56.7405
2060.000000 88.091 -55.7748
2090.000000 88.243 -54.8743
2120.000000 88.394 -54.0788
2140.000000 88.499 -53.6002
2180.000000 88.720 -52.7284
2200.000000 88.832 -52.3207
2240.000000 89.046 -51.5640
2270.000000 89.203 -51.0782
2300.000000 89.359 -50.6728
2330.000000 89.510 -50.3413
2360.000000 89.655 -50.0756
2400.000000 89.835 -49.8199
2430.000000 89.962 -49.7014
2470.000000 90.124 -49.6113
2500.000000 90.240 -49.5792
2540.000000 90.387 -49.5710
2580.000000 90.524 -49.6052
2620.000000 90.652 -49.6735
2650.000000 90.740 -49.7297
2690.000000 90.848 -49.7957
2720.000000 90.928 -49.8433
2760.000000 91.041 -49.9323
2800.000000 91.153 -50.0718
2850.000000 91.283 -50.3243
2900.000000 91.402 -50.6418
2950.000000 91.528 -51.0042
3000.000000 91.668 -51.5420
3040.000000 91.777 -52.1690
3070.000000 91.850 -52.7280
3110.000000 91.939 -53.5878
3150.000000 92.022 -54.6742
3200.000000 92.071 -56.4236
3250.000000 92.034 -58.5339
3300.000000 91.944 -60.7675
3350.000000 91.812 -62.8583
3400.000000 91.633 -64.7991
3450.000000 91.381 -66.4738
3500.000000 91.056 -67.8302
3550.000000 90.685 -68.8710
3600.000000 90.287 -69.5729
3650.000000 89.875 -69.9750
3700.000000 89.450 -70.1483
3750.000000 89.008 -70.0521
3820.000000 88.371 -69.3297
3870.000000 87.917 -68.4040
3950.000000 87.210 -66.3148
4000.000000 86.784 -64.6742
4060.000000 86.289 -62.3502
4120.000000 85.820 -59.5681
4180.000000 85.400 -56.3662
4250.000000 84.987 -52.2819
4310.000000 84.696 -48.6343
4370.000000 84.457 -44.8483
4440.000000 84.246 -40.2654
4500.000000 84.126 -36.2174
4550.000000 84.071 -32.7778
4620.000000 84.066 -27.9027
4680.000000 84.136 -23.7422
4750.000000 84.306 -19.0204
4820.000000 84.568 -14.5455
4870.000000 84.811 -11.5529
4940.000000 85.221 -7.7439
5000.000000 85.631 -4.9115
5080.000000 86.245 -1.8793
5150.000000 86.820 -0.0532
5220.000000 87.402 0.9587
5300.000000 88.042 1.1160
5380.000000 88.616 0.2460
5450.000000 89.033 -1.2236
5520.000000 89.351 -3.1706
5600.000000 89.578 -5.7476
5700.000000 89.653 -9.1171
5800.000000 89.510 -12.2153
5900.000000 89.184 -14.6438
6000.000000 88.722 -16.1514
6080.000000 88.291 -16.5842
6150.000000 87.892 -16.3846
6220.000000 87.485 -15.6754
6300.000000 87.020 -14.2692
6400.000000 86.453 -11.6377
6500.000000 85.921 -8.0106
6600.000000 85.450 -3.2977
6700.000000 85.082 2.7894
6800.000000 84.966 10.6645
6900.000000 85.327 19.0721
7000.000000 86.006 25.3416
7100.000000 86.724 30.2464
7200.000000 87.558 34.8836
7300.000000 88.591 38.7842
7400.000000 89.797 41.3009
7500.000000 91.061 41.9506
7620.000000 92.348 39.9135
7750.000000 93.183 33.9228
7880.000000 93.565 23.3705
8000.000000 93.680 10.0887
8120.000000 93.665 -4.4641
8250.000000 93.543 -18.5774
8380.000000 93.289 -29.3368
8500.000000 92.848 -36.3911
8620.000000 92.084 -41.2124
8750.000000 90.853 -44.4330
8850.000000 89.752 -45.7723
9000.000000 88.083 -46.0682
9120.000000 86.816 -44.9513
9250.000000 85.553 -42.6126
9380.000000 84.421 -39.3533
9500.000000 83.497 -35.7614
9620.000000 82.686 -31.7961
9750.000000 81.930 -27.2433
9880.000000 81.294 -22.5851
10000.000000 80.807 -18.3171
10150.000000 80.313 -13.1766
10300.000000 79.925 -8.4057
10440.000000 79.637 -4.4024
10600.000000 79.352 -0.3920
10750.000000 79.089 2.8724
10900.000000 78.800 5.7946
11060.000000 78.449 8.7406
11200.000000 78.098 11.3856
11380.000000 77.596 15.1698
11500.000000 77.248 18.0332
11720.000000 76.631 24.0992
11800.000000 76.423 26.5814
12060.000000 75.863 35.5854
12200.000000 75.668 40.9081
12410.000000 75.559 49.3145
12500.000000 75.585 53.0172
12650.000000 75.724 59.2381
12800.000000 75.983 65.4424
13150.000000 77.132 79.1703
13200.000000 77.363 80.9862
13400.000000 78.464 87.7177
13600.000000 79.865 93.3184
13800.000000 81.598 97.2548
14000.000000 83.711 98.7501
14300.000000 87.607 93.9340
14500.000000 90.299 83.2000
14750.000000 92.495 57.2694
15000.000000 92.674 18.3810
15250.000000 90.934 -13.4655
15500.000000 87.682 -30.9778
15750.000000 84.095 -39.2737
16000.000000 80.958 -41.7528
16250.000000 78.452 -40.9765
16500.000000 76.554 -38.9266
16750.000000 75.062 -37.4720
17000.000000 72.797 -37.1458
17250.000000 67.528 -36.2326
17500.000000 59.298 -35.4730
17750.000000 49.393 -34.3202
18000.000000 38.610 -17.6187
18250.000000 27.504 108.0384
18500.000000 17.889 -149.7837
18750.000000 13.764 -152.3982
19000.000000 12.636 142.3630
19250.000000 11.931 87.0919
19500.000000 11.425 86.3241
19750.000000 11.092 113.2505
