* Measurement data measured by REW V5.31.3
* Source: C:\Users\Obed\Documents\IMM6 + Vinyl Tube Measurements\711\CONFIG\Celest\ignite x beast R.txt
* Format: Comma/Tab/Space delimited data
* Dated: 11 28, 24 6:44:05 PM
* REW Settings:
*  C-weighting compensation: Off
*  Target level: 75.0 dB
* Note: ; Measurement imported from C:\Users\Obed\Documents\IMM6 + Vinyl Tube Measurements\711\CONFIG\Celest\ignite x beast R.txt Format: Comma/Tab/Space delimited data 54613 values loaded, 0 Hz to 20,000 Hz 
* Measurement: ignite x beast R
* Smoothing: 1/24 octave
* Frequency Step: 1/48 octave
* Start Frequency: 1.000 Hz
*
* Freq(Hz) SPL(dB) Phase(degrees)
1.000000 72.157 -74.3311
1.015000 72.456 -75.3253
1.030000 72.745 -76.2676
1.044000 73.003 -77.0963
1.060000 73.285 -77.9786
1.075000 73.532 -78.7382
1.090000 73.763 -79.4277
1.106000 73.990 -80.0798
1.120000 74.180 -80.5713
1.138000 74.414 -81.1002
1.150000 74.565 -81.3931
1.172000 74.830 -81.8179
1.180000 74.922 -81.9394
1.206000 75.211 -82.2276
1.220000 75.359 -82.3232
1.241000 75.571 -82.4020
1.250000 75.658 -82.4156
1.265000 75.799 -82.4162
1.280000 75.936 -82.3944
1.315000 76.234 -82.2911
1.320000 76.275 -82.2736
1.340000 76.433 -82.2059
1.360000 76.583 -82.1525
1.380000 76.727 -82.1279
1.400000 76.864 -82.1464
1.430000 77.060 -82.2865
1.450000 77.184 -82.4758
1.475000 77.332 -82.8381
1.500000 77.463 -83.2857
1.525000 77.575 -83.7945
1.550000 77.671 -84.3542
1.575000 77.753 -84.9545
1.600000 77.823 -85.5852
1.625000 77.883 -86.2361
1.650000 77.934 -86.8969
1.675000 77.979 -87.5574
1.700000 78.020 -88.2072
1.725000 78.059 -88.8363
1.750000 78.098 -89.4343
1.775000 78.138 -89.9910
1.800000 78.182 -90.4962
1.825000 78.232 -90.9395
1.850000 78.286 -91.3182
1.875000 78.337 -91.6477
1.900000 78.385 -91.9344
1.925000 78.429 -92.1842
1.950000 78.472 -92.4029
1.975000 78.514 -92.5964
2.000000 78.554 -92.7705
2.030000 78.602 -92.9621
2.060000 78.650 -93.1442
2.090000 78.699 -93.3271
2.120000 78.750 -93.5207
2.140000 78.786 -93.6608
2.180000 78.862 -93.9807
2.200000 78.903 -94.1664
2.240000 78.991 -94.5650
2.270000 79.061 -94.8765
2.300000 79.133 -95.1968
2.330000 79.207 -95.5241
2.360000 79.283 -95.8566
2.400000 79.385 -96.3047
2.430000 79.461 -96.6422
2.470000 79.562 -97.0904
2.500000 79.636 -97.4230
2.540000 79.732 -97.8582
2.580000 79.823 -98.2818
2.620000 79.912 -98.7055
2.650000 79.977 -99.0242
2.690000 80.063 -99.4483
2.720000 80.126 -99.7645
2.760000 80.210 -100.1817
2.800000 80.292 -100.5918
2.850000 80.394 -101.0905
2.900000 80.494 -101.5695
2.950000 80.595 -102.0234
3.000000 80.694 -102.4455
3.040000 80.773 -102.7648
3.070000 80.831 -102.9965
3.110000 80.909 -103.2987
3.150000 80.985 -103.5977
3.200000 81.080 -103.9736
3.250000 81.173 -104.3606
3.300000 81.265 -104.7676
3.350000 81.355 -105.2006
3.400000 81.443 -105.6532
3.450000 81.531 -106.1156
3.500000 81.617 -106.5780
3.550000 81.702 -107.0306
3.600000 81.786 -107.4638
3.650000 81.869 -107.8677
3.700000 81.952 -108.2344
3.750000 82.033 -108.5682
3.820000 82.145 -108.9977
3.870000 82.224 -109.2897
3.950000 82.349 -109.7567
4.000000 82.427 -110.0625
4.060000 82.521 -110.4559
4.120000 82.615 -110.8690
4.180000 82.708 -111.2926
4.250000 82.817 -111.7899
4.310000 82.909 -112.2099
4.370000 83.001 -112.6160
4.440000 83.108 -113.0630
4.500000 83.200 -113.4250
4.550000 83.275 -113.7177
4.620000 83.381 -114.1232
4.680000 83.472 -114.4754
4.750000 83.577 -114.9031
4.820000 83.682 -115.3535
4.870000 83.757 -115.6835
4.940000 83.862 -116.1543
5.000000 83.952 -116.5636
5.080000 84.069 -117.1138
5.150000 84.171 -117.5959
5.220000 84.271 -118.0794
5.300000 84.385 -118.6361
5.380000 84.497 -119.1994
5.450000 84.592 -119.6993
5.520000 84.686 -120.2075
5.600000 84.790 -120.7995
5.700000 84.918 -121.5519
5.800000 85.040 -122.3117
5.900000 85.157 -123.0735
6.000000 85.270 -123.8453
6.080000 85.356 -124.4652
6.150000 85.429 -125.0042
6.220000 85.499 -125.5359
6.300000 85.577 -126.1354
6.400000 85.669 -126.8777
6.500000 85.756 -127.6084
6.600000 85.840 -128.3231
6.700000 85.920 -129.0238
6.800000 85.995 -129.7104
6.900000 86.068 -130.3782
7.000000 86.139 -131.0229
7.100000 86.207 -131.6444
7.200000 86.273 -132.2462
7.300000 86.338 -132.8321
7.400000 86.401 -133.4036
7.500000 86.462 -133.9586
7.620000 86.535 -134.6053
7.750000 86.611 -135.2847
7.880000 86.685 -135.9405
8.000000 86.752 -136.5274
8.120000 86.817 -137.0996
8.250000 86.886 -137.7021
8.380000 86.952 -138.2852
8.500000 87.012 -138.8059
8.620000 87.070 -139.3100
8.750000 87.131 -139.8370
8.850000 87.178 -140.2281
9.000000 87.246 -140.7910
9.120000 87.300 -141.2247
9.250000 87.360 -141.6781
9.380000 87.420 -142.1135
9.500000 87.475 -142.5105
9.620000 87.530 -142.9070
9.750000 87.588 -143.3322
9.880000 87.643 -143.7642
10.000000 87.689 -144.1750
10.150000 87.740 -144.6985
10.300000 87.784 -145.2270
10.440000 87.818 -145.7269
10.600000 87.849 -146.2984
10.750000 87.872 -146.8307
10.900000 87.889 -147.3583
11.060000 87.903 -147.9015
11.200000 87.911 -148.3645
11.380000 87.918 -148.9153
11.500000 87.920 -149.2473
11.720000 87.923 -149.7944
11.800000 87.926 -149.9711
12.060000 87.940 -150.4838
12.200000 87.957 -150.7513
12.410000 87.995 -151.1505
12.500000 88.016 -151.3405
12.650000 88.059 -151.6736
12.800000 88.107 -152.0453
13.150000 88.225 -153.1105
13.200000 88.240 -153.2816
13.400000 88.296 -154.0235
13.600000 88.340 -154.8033
13.800000 88.368 -155.6087
14.000000 88.383 -156.3854
14.300000 88.385 -157.4669
14.500000 88.379 -158.0933
14.750000 88.371 -158.7845
15.000000 88.369 -159.3882
15.250000 88.379 -159.9668
15.500000 88.396 -160.5647
15.750000 88.419 -161.2045
16.000000 88.440 -161.9027
16.250000 88.453 -162.6322
16.500000 88.457 -163.3684
16.750000 88.449 -164.0689
17.000000 88.433 -164.6986
17.250000 88.413 -165.2504
17.500000 88.393 -165.7198
17.750000 88.378 -166.1307
18.000000 88.367 -166.4991
18.250000 88.361 -166.8434
18.500000 88.358 -167.1719
18.750000 88.358 -167.4829
19.000000 88.360 -167.7749
19.250000 88.367 -168.0500
19.500000 88.379 -168.3217
19.750000 88.396 -168.6018
20.000000 88.418 -168.9168
20.299999 88.445 -169.3571
20.600000 88.468 -169.8658
20.900000 88.481 -170.4209
21.200001 88.481 -170.9767
21.400000 88.476 -171.3202
21.799999 88.460 -171.9222
22.000000 88.454 -172.1835
22.400000 88.453 -172.6700
22.700001 88.462 -173.0592
23.000000 88.475 -173.5124
23.299999 88.484 -174.0310
23.600000 88.484 -174.5868
24.000000 88.467 -175.3166
24.299999 88.446 -175.8039
24.700001 88.416 -176.3479
25.000000 88.401 -176.6961
25.400000 88.391 -177.1366
25.799999 88.391 -177.6113
26.200001 88.392 -178.1404
26.500000 88.387 -178.5558
26.900000 88.375 -179.0986
27.200001 88.363 -179.4783
27.600000 88.346 -179.9439
28.000000 88.331 179.6176
28.500000 88.314 179.0693
29.000000 88.293 178.5084
29.500000 88.265 177.9670
30.000000 88.233 177.4872
30.400000 88.211 177.1461
30.700001 88.198 176.8979
31.100000 88.186 176.5459
31.500000 88.176 176.1512
32.000000 88.157 175.6136
32.500000 88.129 175.0877
33.000000 88.099 174.6135
33.500000 88.074 174.1596
34.000000 88.051 173.6747
34.500000 88.020 173.1758
35.000000 87.982 172.7374
35.500000 87.948 172.3886
36.000000 87.929 172.0506
36.500000 87.915 171.6280
37.000000 87.890 171.1342
37.500000 87.848 170.6847
38.200001 87.788 170.2514
38.700001 87.764 169.9812
39.500000 87.735 169.3589
40.000000 87.701 168.9188
40.599998 87.649 168.4859
41.200001 87.606 168.1510
41.799999 87.579 167.7920
42.500000 87.546 167.2694
43.099998 87.506 166.7993
43.700001 87.456 166.3929
44.400002 87.400 166.0300
45.000000 87.362 165.7634
45.500000 87.337 165.5171
46.200001 87.300 165.1202
46.799999 87.262 164.7763
47.500000 87.216 164.3915
48.200001 87.167 163.9980
48.700001 87.127 163.7368
49.400002 87.072 163.4484
50.000000 87.036 163.2208
50.799999 86.993 162.8322
51.500000 86.944 162.4886
52.200001 86.895 162.2267
53.000000 86.849 161.9322
53.799999 86.798 161.6147
54.500000 86.752 161.3838
55.200001 86.713 161.1491
56.000000 86.665 160.8308
57.000000 86.599 160.4268
58.000000 86.523 159.9903
59.000000 86.432 159.6655
60.000000 86.361 159.4266
60.799999 86.309 159.1837
61.500000 86.264 158.9948
62.200001 86.229 158.8076
63.000000 86.195 158.4910
64.000000 86.129 158.0295
65.000000 86.053 157.7482
66.000000 86.004 157.5364
67.000000 85.963 157.1786
68.000000 85.898 156.8090
69.000000 85.826 156.5883
70.000000 85.765 156.4270
71.000000 85.704 156.2515
72.000000 85.640 156.1117
73.000000 85.581 155.9975
74.000000 85.525 155.8478
75.000000 85.467 155.6830
76.199997 85.399 155.5190
77.500000 85.336 155.2987
78.800003 85.262 155.0170
80.000000 85.185 154.8333
81.199997 85.112 154.6892
82.500000 85.037 154.5220
83.800003 84.962 154.3292
85.000000 84.891 154.1644
86.199997 84.829 154.0302
87.500000 84.768 153.8534
88.500000 84.719 153.7206
90.000000 84.643 153.5522
91.199997 84.580 153.4531
92.500000 84.513 153.3488
93.800003 84.441 153.2369
95.000000 84.372 153.1587
96.199997 84.308 153.0932
97.500000 84.240 153.0066
98.800003 84.171 152.9424
100.000000 84.110 152.9161
101.500000 84.038 152.9052
103.000000 83.973 152.9191
104.400002 83.918 152.9181
106.000000 83.857 152.8354
107.500000 83.787 152.7361
109.000000 83.715 152.6910
110.599998 83.644 152.6479
112.000000 83.582 152.6023
113.800003 83.502 152.5886
115.000000 83.453 152.6063
117.199997 83.368 152.6171
118.000000 83.336 152.6147
120.599998 83.227 152.6513
122.000000 83.172 152.6867
124.099998 83.092 152.7069
125.000000 83.057 152.7160
126.500000 83.000 152.7477
128.000000 82.947 152.7864
131.500000 82.826 152.8909
132.000000 82.809 152.9070
134.000000 82.743 152.9749
136.000000 82.677 153.0516
138.000000 82.611 153.1333
140.000000 82.546 153.2184
143.000000 82.452 153.3557
145.000000 82.392 153.4568
147.500000 82.318 153.5930
150.000000 82.245 153.7402
152.500000 82.173 153.8980
155.000000 82.103 154.0549
157.500000 82.034 154.2015
160.000000 81.959 154.3601
162.500000 81.881 154.5352
165.000000 81.801 154.7000
167.500000 81.721 154.8632
170.000000 81.641 155.0341
172.500000 81.561 155.2147
175.000000 81.482 155.3997
177.500000 81.403 155.5942
180.000000 81.325 155.8062
182.500000 81.247 156.0362
185.000000 81.170 156.2803
187.500000 81.094 156.5215
190.000000 81.018 156.7639
192.500000 80.944 157.0198
195.000000 80.870 157.2988
197.500000 80.797 157.6100
200.000000 80.729 157.9308
203.000000 80.651 158.3314
206.000000 80.582 158.8098
209.000000 80.521 159.3941
212.000000 80.475 160.0605
214.000000 80.457 160.5263
218.000000 80.460 161.3979
220.000000 80.480 161.7249
224.000000 80.528 162.0140
227.000000 80.548 162.0256
230.000000 80.548 162.0122
233.000000 80.528 162.0126
236.000000 80.489 162.0294
240.000000 80.436 162.1403
243.000000 80.411 162.3018
247.000000 80.374 162.5622
250.000000 80.338 162.7332
254.000000 80.284 162.9503
258.000000 80.230 163.1945
262.000000 80.175 163.4652
265.000000 80.136 163.6819
269.000000 80.084 163.9752
272.000000 80.046 164.2060
276.000000 79.998 164.5181
280.000000 79.951 164.8130
285.000000 79.891 165.1740
290.000000 79.835 165.5535
295.000000 79.779 165.9390
300.000000 79.725 166.3256
304.000000 79.685 166.6355
307.000000 79.655 166.8679
311.000000 79.619 167.1695
315.000000 79.583 167.4760
320.000000 79.539 167.8828
325.000000 79.495 168.2986
330.000000 79.451 168.7139
335.000000 79.408 169.1171
340.000000 79.371 169.5107
345.000000 79.337 169.9433
350.000000 79.302 170.3686
355.000000 79.268 170.7691
360.000000 79.235 171.1525
365.000000 79.202 171.5429
370.000000 79.172 171.9507
375.000000 79.145 172.3565
382.000000 79.104 172.9158
387.000000 79.076 173.3093
395.000000 79.032 173.9424
400.000000 79.008 174.3458
406.000000 78.983 174.8329
412.000000 78.959 175.3097
418.000000 78.936 175.7762
425.000000 78.912 176.3148
431.000000 78.892 176.7712
437.000000 78.870 177.2284
444.000000 78.848 177.7688
450.000000 78.832 178.2230
455.000000 78.817 178.6033
462.000000 78.795 179.1356
468.000000 78.777 179.5888
475.000000 78.759 -179.8778
482.000000 78.743 -179.3423
487.000000 78.732 -178.9673
494.000000 78.720 -178.4433
500.000000 78.711 -177.9830
508.000000 78.701 -177.3675
515.000000 78.694 -176.8334
522.000000 78.688 -176.3086
530.000000 78.686 -175.7224
538.000000 78.685 -175.1498
545.000000 78.686 -174.6624
552.000000 78.687 -174.1824
560.000000 78.689 -173.6457
570.000000 78.690 -172.9995
580.000000 78.691 -172.3503
590.000000 78.691 -171.6902
600.000000 78.691 -171.0388
608.000000 78.692 -170.5183
615.000000 78.694 -170.0564
622.000000 78.696 -169.5894
630.000000 78.699 -169.0560
640.000000 78.706 -168.3934
650.000000 78.714 -167.7295
660.000000 78.721 -167.0591
670.000000 78.729 -166.3863
680.000000 78.741 -165.7131
690.000000 78.754 -165.0426
700.000000 78.771 -164.3775
710.000000 78.790 -163.7081
720.000000 78.810 -163.0307
730.000000 78.833 -162.3509
740.000000 78.857 -161.6748
750.000000 78.884 -161.0027
762.000000 78.916 -160.2016
775.000000 78.955 -159.3382
788.000000 78.999 -158.4640
800.000000 79.042 -157.6563
812.000000 79.087 -156.8595
825.000000 79.138 -156.0069
838.000000 79.193 -155.1555
850.000000 79.248 -154.3770
862.000000 79.307 -153.6126
875.000000 79.374 -152.7940
885.000000 79.428 -152.1684
900.000000 79.515 -151.2410
912.000000 79.588 -150.5218
925.000000 79.672 -149.7592
938.000000 79.758 -149.0139
950.000000 79.841 -148.3428
962.000000 79.929 -147.6930
975.000000 80.028 -147.0247
988.000000 80.129 -146.3830
1000.000000 80.225 -145.8036
1015.000000 80.349 -145.1122
1030.000000 80.474 -144.4656
1044.000000 80.594 -143.8935
1060.000000 80.734 -143.2855
1075.000000 80.868 -142.7670
1090.000000 81.002 -142.2819
1106.000000 81.144 -141.8025
1120.000000 81.268 -141.4183
1138.000000 81.428 -140.9863
1150.000000 81.535 -140.7483
1172.000000 81.732 -140.4272
1180.000000 81.804 -140.3603
1206.000000 82.004 -140.3914
1220.000000 82.065 -140.4661
1241.000000 82.105 -140.1463
1250.000000 82.132 -139.7947
1265.000000 82.217 -139.0966
1280.000000 82.339 -138.4649
1315.000000 82.656 -137.4883
1320.000000 82.700 -137.3842
1340.000000 82.875 -137.0008
1360.000000 83.050 -136.6429
1380.000000 83.227 -136.3042
1400.000000 83.408 -135.9875
1430.000000 83.696 -135.5893
1450.000000 83.897 -135.4156
1475.000000 84.154 -135.3471
1500.000000 84.407 -135.4438
1525.000000 84.650 -135.7095
1550.000000 84.874 -136.1092
1575.000000 85.077 -136.5779
1600.000000 85.261 -137.0439
1625.000000 85.429 -137.4906
1650.000000 85.587 -137.9095
1675.000000 85.740 -138.3007
1700.000000 85.891 -138.6754
1725.000000 86.041 -139.0525
1750.000000 86.190 -139.4332
1775.000000 86.339 -139.8203
1800.000000 86.487 -140.2287
1825.000000 86.637 -140.6677
1850.000000 86.787 -141.1353
1875.000000 86.934 -141.6256
1900.000000 87.078 -142.1492
1925.000000 87.220 -142.7144
1950.000000 87.358 -143.3175
1975.000000 87.493 -143.9486
2000.000000 87.624 -144.6101
2030.000000 87.777 -145.4588
2060.000000 87.923 -146.3573
2090.000000 88.059 -147.2903
2120.000000 88.186 -148.2622
2140.000000 88.265 -148.9312
2180.000000 88.410 -150.3006
2200.000000 88.476 -150.9989
2240.000000 88.592 -152.4185
2270.000000 88.668 -153.4932
2300.000000 88.734 -154.5671
2330.000000 88.789 -155.6328
2360.000000 88.833 -156.6808
2400.000000 88.875 -158.0403
2430.000000 88.895 -159.0233
2470.000000 88.907 -160.2819
2500.000000 88.891 -161.2112
2540.000000 88.767 -162.2386
2580.000000 88.669 -162.9865
2620.000000 88.790 -164.3185
2650.000000 88.867 -165.0545
2690.000000 88.881 -165.8988
2720.000000 88.873 -166.5383
2760.000000 88.853 -167.3474
2800.000000 88.821 -168.0687
2850.000000 88.779 -168.8697
2900.000000 88.744 -169.5657
2950.000000 88.714 -170.2011
3000.000000 88.688 -170.8272
3040.000000 88.673 -171.3394
3070.000000 88.661 -171.7173
3110.000000 88.641 -172.1979
3150.000000 88.615 -172.6605
3200.000000 88.579 -173.2253
3250.000000 88.543 -173.7846
3300.000000 88.505 -174.3445
3350.000000 88.468 -174.9189
3400.000000 88.432 -175.5209
3450.000000 88.392 -176.1402
3500.000000 88.344 -176.7772
3550.000000 88.289 -177.4288
3600.000000 88.226 -178.0784
3650.000000 88.152 -178.7160
3700.000000 88.069 -179.3392
3750.000000 87.977 -179.9425
3820.000000 87.821 179.2812
3870.000000 87.687 178.8184
3950.000000 87.442 178.3641
4000.000000 87.281 178.3401
4060.000000 87.091 178.6499
4120.000000 86.919 179.3787
4180.000000 86.788 -179.4643
4250.000000 86.729 -177.6527
4310.000000 86.792 -175.8674
4370.000000 86.984 -174.1290
4440.000000 87.377 -172.6103
4500.000000 87.839 -172.1826
4550.000000 88.275 -172.7088
4620.000000 88.871 -175.0279
4680.000000 89.279 -178.4621
4750.000000 89.539 176.2672
4820.000000 89.515 170.4409
4870.000000 89.326 166.4412
4940.000000 88.861 161.5960
5000.000000 88.327 158.3813
5080.000000 87.504 155.5034
5150.000000 86.750 154.1698
5220.000000 86.010 153.7654
5300.000000 85.211 154.2812
5380.000000 84.502 155.6040
5450.000000 83.972 157.0473
5520.000000 83.493 158.5593
5600.000000 82.969 160.4867
5700.000000 82.364 163.3801
5800.000000 81.843 166.7039
5900.000000 81.404 170.3254
6000.000000 81.045 174.1732
6080.000000 80.813 177.3863
6150.000000 80.649 -179.7139
6220.000000 80.525 -176.7399
6300.000000 80.437 -173.2617
6400.000000 80.418 -168.8106
6500.000000 80.489 -164.2559
6600.000000 80.648 -159.6173
6700.000000 80.902 -154.9195
6800.000000 81.256 -150.1915
6900.000000 81.724 -145.4724
7000.000000 82.324 -140.8200
7100.000000 83.082 -136.3384
7200.000000 84.025 -132.2140
7300.000000 85.179 -128.7231
7400.000000 86.559 -126.2718
7500.000000 88.151 -125.4706
7620.000000 90.219 -127.8395
7750.000000 92.292 -135.8691
7880.000000 93.719 -149.1599
8000.000000 94.272 -163.1525
8120.000000 94.244 -175.9106
8250.000000 93.885 172.3455
8380.000000 93.356 161.7626
8500.000000 92.683 152.4979
8620.000000 91.772 144.1068
8750.000000 90.535 136.8110
8850.000000 89.473 132.7816
9000.000000 87.848 129.2185
9120.000000 86.612 128.1017
9250.000000 85.398 128.1101
9380.000000 84.330 128.9402
9500.000000 83.472 130.1273
9620.000000 82.723 131.5067
9750.000000 82.013 133.0421
9880.000000 81.391 134.4890
10000.000000 80.880 135.6838
10150.000000 80.302 136.9846
10300.000000 79.749 138.1931
10440.000000 79.235 139.4625
10600.000000 78.684 141.3393
10750.000000 78.279 143.4290
10900.000000 78.041 145.1974
11060.000000 77.914 145.7982
11200.000000 77.772 144.9938
11380.000000 77.387 142.9147
11500.000000 76.990 141.4930
11720.000000 76.047 139.7670
11800.000000 75.664 139.5302
12060.000000 74.390 140.1397
12200.000000 73.732 141.1278
12410.000000 72.821 143.0877
12500.000000 72.458 144.0125
12650.000000 71.880 145.5576
12800.000000 71.329 146.9980
13150.000000 70.046 149.4022
13200.000000 69.847 149.6172
13400.000000 68.959 150.2656
13600.000000 67.859 150.8722
13800.000000 66.452 152.2620
14000.000000 64.678 155.8137
14300.000000 61.260 170.5191
14500.000000 58.841 -167.6929
14750.000000 58.497 -128.7569
15000.000000 62.222 -95.7449
15250.000000 66.807 -79.0137
15500.000000 71.203 -76.4351
15750.000000 74.598 -88.7424
16000.000000 75.978 -113.3724
16250.000000 75.218 -135.4074
16500.000000 73.365 -145.3366
16750.000000 71.603 -146.7224
17000.000000 70.388 -144.8304
17250.000000 69.591 -142.6740
17500.000000 68.818 -140.5696
17750.000000 68.020 -135.1897
18000.000000 68.103 -128.2318
18250.000000 68.814 -126.8963
18500.000000 69.243 -131.3178
18750.000000 69.131 -139.1431
19000.000000 68.233 -147.9095
19250.000000 66.220 -149.5099
19500.000000 64.002 -140.2626
19750.000000 63.086 -131.1120
