* Measurement data measured by REW V5.31.3
* Source: Headset (Odo By VECLAN.COM), MICROPHONE (Master Volume), L, volume: 0.250
* Format: 1M Log Swept Sine, 1 sweep at -12.0 dBFS with no timing reference
* Dated: 02 23, 25 3:14:09 PM
* REW Settings:
*  C-weighting compensation: Off
*  Target level: 75.0 dB
* Note: ; 
* Measurement: origi R
* Smoothing: 1/24 octave
* Frequency Step: 1/48 octave
* Start Frequency: 1.000 Hz
*
* Freq(Hz) SPL(dB) Phase(degrees)
1.000000 84.020 68.7291
1.015000 84.294 68.1700
1.030000 84.568 67.6236
1.044000 84.824 67.1306
1.060000 85.117 66.5872
1.075000 85.391 66.0964
1.090000 85.663 65.6225
1.106000 85.952 65.1344
1.120000 86.203 64.7209
1.138000 86.521 64.2066
1.150000 86.730 63.8737
1.172000 87.106 63.2807
1.180000 87.240 63.0693
1.206000 87.665 62.4000
1.220000 87.886 62.0494
1.241000 88.205 61.5345
1.250000 88.338 61.3173
1.265000 88.551 60.9592
1.280000 88.756 60.6054
1.315000 89.196 59.7921
1.320000 89.254 59.6770
1.340000 89.473 59.2195
1.360000 89.671 58.7728
1.380000 89.847 58.3579
1.400000 90.002 57.9691
1.430000 90.200 57.4209
1.450000 90.311 57.0740
1.475000 90.430 56.6559
1.500000 90.530 56.2499
1.525000 90.616 55.8512
1.550000 90.691 55.4554
1.575000 90.759 55.0634
1.600000 90.823 54.6758
1.625000 90.888 54.2801
1.650000 90.957 53.8734
1.675000 91.032 53.4545
1.700000 91.111 53.0285
1.725000 91.186 52.6058
1.750000 91.255 52.1907
1.775000 91.319 51.7797
1.800000 91.378 51.3688
1.825000 91.433 50.9662
1.850000 91.484 50.5709
1.875000 91.533 50.1823
1.900000 91.581 49.7992
1.925000 91.627 49.4205
1.950000 91.674 49.0451
1.975000 91.721 48.6676
2.000000 91.769 48.2838
2.030000 91.829 47.8232
2.060000 91.889 47.3643
2.090000 91.948 46.9101
2.120000 92.006 46.4624
2.140000 92.044 46.1684
2.180000 92.118 45.5846
2.200000 92.155 45.2919
2.240000 92.227 44.7184
2.270000 92.281 44.2980
2.300000 92.333 43.8851
2.330000 92.385 43.4785
2.360000 92.436 43.0768
2.400000 92.502 42.5198
2.430000 92.552 42.1010
2.470000 92.616 41.5484
2.500000 92.664 41.1405
2.540000 92.725 40.6081
2.580000 92.785 40.0787
2.620000 92.843 39.5415
2.650000 92.885 39.1501
2.690000 92.938 38.6414
2.720000 92.977 38.2650
2.760000 93.026 37.7639
2.800000 93.074 37.2412
2.850000 93.129 36.5931
2.900000 93.182 35.9657
2.950000 93.233 35.3659
3.000000 93.281 34.7694
3.040000 93.317 34.3026
3.070000 93.343 33.9582
3.110000 93.376 33.5028
3.150000 93.407 33.0542
3.200000 93.443 32.4830
3.250000 93.478 31.9232
3.300000 93.511 31.3906
3.350000 93.543 30.8885
3.400000 93.574 30.3865
3.450000 93.604 29.8863
3.500000 93.632 29.3983
3.550000 93.658 28.9279
3.600000 93.684 28.4541
3.650000 93.708 27.9956
3.700000 93.731 27.5648
3.750000 93.752 27.1558
3.820000 93.779 26.5676
3.870000 93.797 26.1581
3.950000 93.824 25.5430
4.000000 93.840 25.1656
4.060000 93.859 24.7289
4.120000 93.876 24.3170
4.180000 93.893 23.9165
4.250000 93.912 23.4427
4.310000 93.927 23.0636
4.370000 93.943 22.7094
4.440000 93.962 22.2829
4.500000 93.978 21.9393
4.550000 93.991 21.6685
4.620000 94.010 21.2774
4.680000 94.026 20.9562
4.750000 94.044 20.6064
4.820000 94.063 20.2478
4.870000 94.077 19.9987
4.940000 94.095 19.6670
5.000000 94.112 19.3819
5.080000 94.133 19.0048
5.150000 94.153 18.6930
5.220000 94.172 18.3703
5.300000 94.194 18.0115
5.380000 94.217 17.6644
5.450000 94.237 17.3477
5.520000 94.256 17.0419
5.600000 94.279 16.6907
5.700000 94.306 16.2463
5.800000 94.332 15.8108
5.900000 94.357 15.3646
6.000000 94.379 14.9279
6.080000 94.396 14.5745
6.150000 94.409 14.2754
6.220000 94.422 13.9673
6.300000 94.435 13.6220
6.400000 94.449 13.2031
6.500000 94.461 12.7855
6.600000 94.471 12.3812
6.700000 94.480 11.9845
6.800000 94.486 11.6083
6.900000 94.491 11.2379
7.000000 94.495 10.8874
7.100000 94.497 10.5484
7.200000 94.499 10.2307
7.300000 94.500 9.9222
7.400000 94.501 9.6332
7.500000 94.503 9.3544
7.620000 94.505 9.0390
7.750000 94.509 8.7131
7.880000 94.516 8.3947
8.000000 94.523 8.1156
8.120000 94.531 7.8394
8.250000 94.541 7.5425
8.380000 94.552 7.2491
8.500000 94.563 6.9648
8.620000 94.575 6.6781
8.750000 94.588 6.3602
8.850000 94.597 6.1073
9.000000 94.608 5.7257
9.120000 94.615 5.4157
9.250000 94.621 5.0795
9.380000 94.624 4.7507
9.500000 94.625 4.4500
9.620000 94.623 4.1587
9.750000 94.618 3.8560
9.880000 94.609 3.5697
10.000000 94.597 3.3259
10.150000 94.574 3.0094
10.300000 94.544 2.7303
10.440000 94.515 2.5003
10.600000 94.484 2.2693
10.750000 94.459 2.0736
10.900000 94.438 1.8892
11.060000 94.419 1.6668
11.200000 94.407 1.4202
11.380000 94.394 1.0934
11.500000 94.385 0.8657
11.720000 94.366 0.4290
11.800000 94.358 0.2661
12.060000 94.325 -0.2925
12.200000 94.303 -0.6320
12.410000 94.268 -1.1158
12.500000 94.254 -1.3091
12.650000 94.232 -1.6093
12.800000 94.211 -1.8785
13.150000 94.165 -2.4320
13.200000 94.159 -2.5076
13.400000 94.137 -2.7803
13.600000 94.120 -3.0169
13.800000 94.107 -3.2306
14.000000 94.098 -3.4406
14.300000 94.091 -3.8339
14.500000 94.088 -4.1102
14.750000 94.083 -4.4683
15.000000 94.074 -4.8340
15.250000 94.061 -5.2587
15.500000 94.043 -5.6689
15.750000 94.022 -6.0545
16.000000 93.998 -6.4112
16.250000 93.975 -6.7771
16.500000 93.951 -7.1099
16.750000 93.927 -7.4076
17.000000 93.903 -7.6740
17.250000 93.882 -7.9446
17.500000 93.863 -8.1936
17.750000 93.848 -8.4279
18.000000 93.837 -8.6612
18.250000 93.829 -8.9362
18.500000 93.822 -9.2287
18.750000 93.814 -9.5381
19.000000 93.804 -9.8603
19.250000 93.788 -10.2008
19.500000 93.769 -10.5262
19.750000 93.746 -10.8199
20.000000 93.722 -11.0752
20.299999 93.697 -11.3582
20.600000 93.678 -11.6033
20.900000 93.667 -11.8373
21.200001 93.662 -12.1090
21.400000 93.660 -12.3145
21.799999 93.652 -12.7646
22.000000 93.644 -12.9988
22.400000 93.620 -13.4776
22.700001 93.597 -13.7958
23.000000 93.572 -14.0725
23.299999 93.550 -14.3374
23.600000 93.531 -14.5896
24.000000 93.508 -14.9336
24.299999 93.490 -15.2264
24.700001 93.461 -15.6212
25.000000 93.435 -15.9044
25.400000 93.397 -16.2594
25.799999 93.361 -16.5740
26.200001 93.331 -16.8812
26.500000 93.312 -17.1242
26.900000 93.289 -17.4657
27.200001 93.273 -17.7426
27.600000 93.251 -18.1272
28.000000 93.229 -18.5146
28.500000 93.201 -19.0081
29.000000 93.174 -19.4947
29.500000 93.146 -19.9902
30.000000 93.111 -20.4536
30.400000 93.078 -20.7733
30.700001 93.054 -20.9625
31.100000 93.025 -21.1569
31.500000 93.005 -21.3273
32.000000 92.987 -21.5592
32.500000 92.967 -21.8511
33.000000 92.936 -22.1567
33.500000 92.898 -22.4692
34.000000 92.854 -22.8215
34.500000 92.795 -23.2313
35.000000 92.719 -23.6059
35.500000 92.646 -23.9170
36.000000 92.594 -24.3171
36.500000 92.538 -25.0174
37.000000 92.424 -25.8963
37.500000 92.236 -26.4575
38.200001 92.003 -26.0022
38.700001 91.994 -25.2740
39.500000 92.182 -25.3760
40.000000 92.258 -26.2870
40.599998 92.247 -27.3829
41.200001 92.205 -28.0295
41.799999 92.188 -28.4557
42.500000 92.169 -28.9739
43.099998 92.132 -29.3180
43.700001 92.096 -29.5378
44.400002 92.056 -29.8170
45.000000 92.006 -30.0771
45.500000 91.958 -30.2617
46.200001 91.896 -30.5290
46.799999 91.841 -30.8478
47.500000 91.766 -31.2560
48.200001 91.693 -31.6122
48.700001 91.652 -31.8737
49.400002 91.601 -32.3032
50.000000 91.556 -32.6878
50.799999 91.496 -33.1388
51.500000 91.448 -33.4831
52.200001 91.400 -33.8027
53.000000 91.341 -34.1262
53.799999 91.281 -34.4062
54.500000 91.232 -34.6687
55.200001 91.180 -34.9870
56.000000 91.112 -35.3770
57.000000 91.032 -35.8696
58.000000 90.951 -36.4807
59.000000 90.845 -36.9701
60.000000 90.765 -37.2231
60.799999 90.717 -37.4799
61.500000 90.669 -37.7300
62.200001 90.616 -37.9585
63.000000 90.552 -38.2254
64.000000 90.462 -38.5516
65.000000 90.376 -38.8462
66.000000 90.297 -39.2155
67.000000 90.223 -39.6037
68.000000 90.153 -40.0415
69.000000 90.074 -40.4208
70.000000 90.003 -40.6119
71.000000 89.956 -40.8224
72.000000 89.897 -41.1899
73.000000 89.805 -41.5280
74.000000 89.705 -41.7629
75.000000 89.608 -41.9865
76.199997 89.494 -42.3146
77.500000 89.374 -42.6762
78.800003 89.266 -43.0052
80.000000 89.178 -43.3032
81.199997 89.091 -43.5800
82.500000 88.995 -43.8689
83.800003 88.890 -44.0979
85.000000 88.801 -44.2513
86.199997 88.717 -44.5309
87.500000 88.608 -44.8732
88.500000 88.516 -45.0765
90.000000 88.381 -45.2324
91.199997 88.294 -45.3114
92.500000 88.209 -45.5302
93.800003 88.107 -45.8100
95.000000 88.003 -45.9865
96.199997 87.904 -46.0621
97.500000 87.804 -46.1204
98.800003 87.704 -46.1156
100.000000 87.615 -46.0867
101.500000 87.523 -45.9830
103.000000 87.436 -46.3114
104.400002 87.308 -46.5733
106.000000 87.186 -46.7371
107.500000 87.077 -46.9537
109.000000 86.971 -46.9892
110.599998 86.868 -47.0069
112.000000 86.771 -46.9670
113.800003 86.654 -46.9820
115.000000 86.573 -47.0398
117.199997 86.434 -47.1598
118.000000 86.383 -47.1835
120.599998 86.203 -47.1958
122.000000 86.084 -47.2266
124.099998 85.875 -47.3610
125.000000 85.793 -47.2860
126.500000 85.723 -47.0625
128.000000 85.717 -47.0843
131.500000 85.597 -46.7063
132.000000 85.571 -46.5181
134.000000 85.464 -46.0969
136.000000 85.272 -46.4595
138.000000 85.045 -46.6356
140.000000 84.926 -46.6466
143.000000 84.780 -46.5825
145.000000 84.692 -46.0847
147.500000 84.612 -45.3580
150.000000 84.535 -45.0097
152.500000 84.392 -44.9284
155.000000 84.230 -44.7759
157.500000 84.093 -44.6366
160.000000 83.962 -44.2153
162.500000 83.850 -43.8698
165.000000 83.720 -43.7375
167.500000 83.605 -43.4120
170.000000 83.488 -42.8893
172.500000 83.357 -42.4010
175.000000 83.220 -42.0046
177.500000 83.133 -41.5446
180.000000 83.081 -41.1752
182.500000 82.990 -40.7269
185.000000 82.879 -40.1777
187.500000 82.732 -39.8154
190.000000 82.553 -39.2014
192.500000 82.405 -38.2440
195.000000 82.324 -37.4258
197.500000 82.269 -37.0441
200.000000 82.205 -36.6372
203.000000 82.126 -35.8794
206.000000 82.043 -35.0584
209.000000 81.980 -34.3806
212.000000 81.953 -33.5303
214.000000 81.963 -32.8069
218.000000 82.045 -31.2487
220.000000 82.125 -30.6159
224.000000 82.356 -30.1112
227.000000 82.529 -30.7515
230.000000 82.585 -32.3383
233.000000 82.458 -34.3522
236.000000 82.138 -35.7556
240.000000 81.625 -35.1148
243.000000 81.357 -33.4516
247.000000 81.243 -31.1831
250.000000 81.271 -30.3167
254.000000 81.312 -29.5941
258.000000 81.302 -28.7509
262.000000 81.250 -27.7165
265.000000 81.217 -27.1974
269.000000 81.166 -26.7670
272.000000 81.129 -26.4473
276.000000 81.093 -25.9563
280.000000 81.057 -25.1910
285.000000 81.019 -24.4887
290.000000 81.000 -24.1717
295.000000 81.003 -23.4947
300.000000 80.965 -22.8578
304.000000 80.921 -22.5979
307.000000 80.901 -22.3702
311.000000 80.885 -21.7960
315.000000 80.873 -21.1531
320.000000 80.862 -20.4299
325.000000 80.849 -19.8682
330.000000 80.842 -19.4200
335.000000 80.846 -19.0338
340.000000 80.849 -18.5984
345.000000 80.811 -18.2652
350.000000 80.773 -17.9792
355.000000 80.800 -17.5072
360.000000 80.798 -16.8061
365.000000 80.772 -16.1670
370.000000 80.780 -15.8455
375.000000 80.800 -15.7700
382.000000 80.820 -15.5501
387.000000 80.816 -15.2372
395.000000 80.768 -15.1543
400.000000 80.772 -15.6219
406.000000 80.800 -15.1665
412.000000 80.736 -13.6859
418.000000 80.746 -13.0320
425.000000 80.737 -12.4963
431.000000 80.733 -12.3562
437.000000 80.692 -12.2520
444.000000 80.651 -12.2139
450.000000 80.669 -11.9161
455.000000 80.685 -11.9885
462.000000 80.678 -11.6680
468.000000 80.664 -11.0884
475.000000 80.737 -10.8047
482.000000 80.776 -10.3422
487.000000 80.701 -9.8825
494.000000 80.649 -9.4166
500.000000 80.609 -8.9966
508.000000 80.595 -8.8223
515.000000 80.605 -8.6834
522.000000 80.616 -8.3768
530.000000 80.642 -7.8693
538.000000 80.643 -7.7466
545.000000 80.645 -7.6618
552.000000 80.632 -7.3417
560.000000 80.626 -6.8651
570.000000 80.623 -6.4507
580.000000 80.603 -6.2784
590.000000 80.605 -5.9631
600.000000 80.624 -5.7178
608.000000 80.594 -5.5495
615.000000 80.558 -5.3434
622.000000 80.547 -5.1755
630.000000 80.549 -5.1026
640.000000 80.539 -4.7049
650.000000 80.487 -4.3293
660.000000 80.390 -3.5569
670.000000 80.402 -2.2209
680.000000 80.435 -1.6399
690.000000 80.431 -2.1097
700.000000 80.424 -2.5357
710.000000 80.419 -2.2298
720.000000 80.406 -1.6911
730.000000 80.394 -1.2593
740.000000 80.374 -0.8695
750.000000 80.354 -0.5000
762.000000 80.332 -0.1086
775.000000 80.315 0.4489
788.000000 80.306 1.0702
800.000000 80.291 1.5925
812.000000 80.288 1.9537
825.000000 80.292 2.5462
838.000000 80.290 3.2080
850.000000 80.299 3.7839
862.000000 80.314 4.3342
875.000000 80.329 4.9108
885.000000 80.341 5.3566
900.000000 80.364 6.0012
912.000000 80.389 6.4985
925.000000 80.419 7.0293
938.000000 80.452 7.5962
950.000000 80.487 8.1164
962.000000 80.527 8.6094
975.000000 80.573 9.1019
988.000000 80.623 9.5607
1000.000000 80.673 9.9433
1015.000000 80.740 10.3700
1030.000000 80.810 10.7659
1044.000000 80.871 11.1248
1060.000000 80.943 11.4708
1075.000000 81.011 11.7576
1090.000000 81.079 12.0195
1106.000000 81.152 12.2252
1120.000000 81.217 12.3735
1138.000000 81.293 12.5513
1150.000000 81.340 12.6665
1172.000000 81.420 12.8080
1180.000000 81.448 12.8416
1206.000000 81.538 12.9453
1220.000000 81.582 12.9836
1241.000000 81.650 13.0390
1250.000000 81.678 13.0439
1265.000000 81.721 13.0186
1280.000000 81.758 13.0267
1315.000000 81.831 13.1205
1320.000000 81.841 13.1482
1340.000000 81.881 13.1934
1360.000000 81.914 13.1859
1380.000000 81.945 13.2594
1400.000000 81.981 13.3654
1430.000000 82.041 13.5637
1450.000000 82.068 13.7211
1475.000000 82.106 13.8672
1500.000000 82.155 14.0474
1525.000000 82.202 14.2823
1550.000000 82.246 14.5042
1575.000000 82.295 14.7526
1600.000000 82.349 15.0214
1625.000000 82.407 15.3129
1650.000000 82.469 15.5987
1675.000000 82.538 15.8850
1700.000000 82.607 16.1673
1725.000000 82.683 16.4533
1750.000000 82.768 16.7322
1775.000000 82.855 16.9666
1800.000000 82.943 17.1959
1825.000000 83.031 17.4136
1850.000000 83.126 17.6051
1875.000000 83.229 17.8057
1900.000000 83.342 18.0041
1925.000000 83.460 18.1732
1950.000000 83.577 18.3086
1975.000000 83.700 18.4000
2000.000000 83.829 18.4463
2030.000000 83.991 18.4564
2060.000000 84.157 18.4044
2090.000000 84.330 18.3293
2120.000000 84.506 18.2006
2140.000000 84.624 18.0626
2180.000000 84.866 17.6687
2200.000000 84.987 17.4294
2240.000000 85.229 16.8346
2270.000000 85.408 16.2924
2300.000000 85.587 15.6802
2330.000000 85.763 14.9733
2360.000000 85.933 14.2091
2400.000000 86.146 13.0799
2430.000000 86.296 12.1620
2470.000000 86.478 10.8395
2500.000000 86.601 9.8157
2540.000000 86.753 8.4675
2580.000000 86.892 7.1304
2620.000000 87.027 5.8210
2650.000000 87.128 4.8101
2690.000000 87.258 3.3651
2720.000000 87.344 2.1879
2760.000000 87.434 0.5562
2800.000000 87.491 -1.1063
2850.000000 87.521 -3.0918
2900.000000 87.519 -4.9316
2950.000000 87.491 -6.6348
3000.000000 87.442 -8.2216
3040.000000 87.389 -9.3899
3070.000000 87.341 -10.2216
3110.000000 87.267 -11.2370
3150.000000 87.177 -12.1665
3200.000000 87.043 -13.1698
3250.000000 86.891 -14.0314
3300.000000 86.731 -14.6850
3350.000000 86.568 -15.1516
3400.000000 86.408 -15.4489
3450.000000 86.254 -15.6052
3500.000000 86.106 -15.6500
3550.000000 85.960 -15.5876
3600.000000 85.817 -15.4307
3650.000000 85.674 -15.1496
3700.000000 85.534 -14.7171
3750.000000 85.398 -14.1173
3820.000000 85.229 -12.9916
3870.000000 85.132 -12.0013
3950.000000 85.037 -10.1198
4000.000000 85.025 -8.8463
4060.000000 85.066 -7.3014
4120.000000 85.163 -5.8644
4180.000000 85.303 -4.6536
4250.000000 85.500 -3.6262
4310.000000 85.681 -3.1242
4370.000000 85.847 -2.9428
4440.000000 85.998 -3.0544
4500.000000 86.079 -3.2923
4550.000000 86.117 -3.5154
4620.000000 86.135 -3.8084
4680.000000 86.120 -3.9927
4750.000000 86.066 -4.0728
4820.000000 85.990 -3.9321
4870.000000 85.930 -3.7020
4940.000000 85.847 -3.2605
5000.000000 85.773 -2.8008
5080.000000 85.663 -2.1026
5150.000000 85.563 -1.4359
5220.000000 85.464 -0.7164
5300.000000 85.356 0.1725
5380.000000 85.254 1.1168
5450.000000 85.172 1.9877
5520.000000 85.098 2.9010
5600.000000 85.028 3.9816
5700.000000 84.962 5.3556
5800.000000 84.924 6.7302
5900.000000 84.911 8.0414
6000.000000 84.930 9.2609
6080.000000 84.967 10.1148
6150.000000 85.014 10.7784
6220.000000 85.073 11.3198
6300.000000 85.160 11.7979
6400.000000 85.299 12.1561
6500.000000 85.456 12.2368
6600.000000 85.614 12.0750
6700.000000 85.765 11.6901
6800.000000 85.907 11.1104
6900.000000 86.040 10.3975
7000.000000 86.164 9.5341
7100.000000 86.287 8.6141
7200.000000 86.422 7.6418
7300.000000 86.582 6.5235
7400.000000 86.763 5.1589
7500.000000 86.955 3.4607
7620.000000 87.186 0.9501
7750.000000 87.409 -2.4594
7880.000000 87.552 -6.6034
8000.000000 87.550 -10.9200
8120.000000 87.368 -15.4411
8250.000000 86.973 -20.1080
8380.000000 86.407 -24.0429
8500.000000 85.775 -26.7956
8620.000000 85.082 -28.5414
8750.000000 84.313 -29.2994
8850.000000 83.733 -29.1343
9000.000000 82.916 -27.8791
9120.000000 82.320 -26.1672
9250.000000 81.740 -23.7510
9380.000000 81.233 -20.8685
9500.000000 80.830 -17.8823
9620.000000 80.485 -14.6672
9750.000000 80.182 -10.9824
9880.000000 79.957 -7.1891
10000.000000 79.829 -3.6547
10150.000000 79.785 0.6307
10300.000000 79.854 4.5889
10440.000000 79.997 7.8001
10600.000000 80.221 10.6455
10750.000000 80.445 12.3985
10900.000000 80.632 13.3878
11060.000000 80.756 13.9392
11200.000000 80.818 14.3522
11380.000000 80.929 15.0269
11500.000000 81.064 15.2973
11720.000000 81.408 14.8028
11800.000000 81.553 14.2739
12060.000000 82.045 11.0739
12200.000000 82.277 8.4962
12410.000000 82.510 3.9497
12500.000000 82.556 1.9029
12650.000000 82.558 -1.3448
12800.000000 82.479 -4.1499
13150.000000 82.155 -7.8243
13200.000000 82.111 -7.9695
13400.000000 81.996 -7.6348
13600.000000 82.023 -6.0988
13800.000000 82.237 -3.8623
14000.000000 82.652 -1.6072
14300.000000 83.589 0.0855
14500.000000 84.271 -1.2025
14750.000000 84.798 -6.1611
15000.000000 84.571 -12.9175
15250.000000 83.525 -17.7555
15500.000000 82.014 -17.9838
15750.000000 80.517 -13.3383
16000.000000 79.473 -5.3341
16250.000000 79.170 3.2123
16500.000000 79.412 8.8660
16750.000000 79.712 10.5382
17000.000000 79.772 9.5279
17250.000000 79.535 7.3348
17500.000000 79.058 4.9543
17750.000000 78.415 2.8980
18000.000000 77.645 1.5052
18250.000000 76.773 1.3429
18500.000000 75.847 3.1204
18750.000000 74.974 7.4467
19000.000000 74.305 14.5224
19250.000000 73.977 23.5162
19500.000000 73.962 32.6345
19750.000000 74.038 40.2684
