* Measurement data measured by REW V5.31.3
* Source: Headset (Odo By VECLAN.COM), MICROPHONE (Master Volume), L, volume: 0.250
* Format: 1M Log Swept Sine, 1 sweep at -12.0 dBFS with no timing reference
* Dated: 02 23, 25 3:16:57 PM
* REW Settings:
*  C-weighting compensation: Off
*  Target level: 75.0 dB
* Note: ; 
* Measurement: origi L
* Smoothing: 1/24 octave
* Frequency Step: 1/48 octave
* Start Frequency: 1.000 Hz
*
* Freq(Hz) SPL(dB) Phase(degrees)
1.000000 86.509 60.4914
1.015000 86.763 59.8455
1.030000 87.017 59.2125
1.044000 87.255 58.6364
1.060000 87.526 57.9958
1.075000 87.781 57.4127
1.090000 88.034 56.8461
1.106000 88.302 56.2598
1.120000 88.535 55.7618
1.138000 88.830 55.1414
1.150000 89.024 54.7398
1.172000 89.373 54.0266
1.180000 89.498 53.7735
1.206000 89.891 52.9771
1.220000 90.095 52.5640
1.241000 90.389 51.9638
1.250000 90.511 51.7133
1.265000 90.707 51.3044
1.280000 90.894 50.9056
1.315000 91.293 50.0112
1.320000 91.345 49.8872
1.340000 91.542 49.4009
1.360000 91.718 48.9323
1.380000 91.871 48.4968
1.400000 92.004 48.0874
1.430000 92.168 47.5091
1.450000 92.258 47.1436
1.475000 92.350 46.7049
1.500000 92.424 46.2823
1.525000 92.484 45.8715
1.550000 92.533 45.4689
1.575000 92.576 45.0761
1.600000 92.615 44.6942
1.625000 92.656 44.3110
1.650000 92.701 43.9239
1.675000 92.753 43.5317
1.700000 92.809 43.1372
1.725000 92.861 42.7474
1.750000 92.909 42.3652
1.775000 92.951 41.9871
1.800000 92.989 41.6095
1.825000 93.023 41.2406
1.850000 93.054 40.8799
1.875000 93.084 40.5269
1.900000 93.112 40.1810
1.925000 93.139 39.8414
1.950000 93.167 39.5072
1.975000 93.196 39.1736
2.000000 93.226 38.8365
2.030000 93.265 38.4356
2.060000 93.305 38.0386
2.090000 93.344 37.6473
2.120000 93.383 37.2631
2.140000 93.409 37.0113
2.180000 93.460 36.5121
2.200000 93.485 36.2616
2.240000 93.535 35.7723
2.270000 93.571 35.4152
2.300000 93.608 35.0658
2.330000 93.644 34.7233
2.360000 93.679 34.3866
2.400000 93.727 33.9179
2.430000 93.762 33.5664
2.470000 93.808 33.1037
2.500000 93.843 32.7629
2.540000 93.888 32.3191
2.580000 93.931 31.8763
2.620000 93.973 31.4238
2.650000 94.004 31.0946
2.690000 94.043 30.6672
2.720000 94.070 30.3512
2.760000 94.106 29.9307
2.800000 94.140 29.4884
2.850000 94.180 28.9393
2.900000 94.218 28.4085
2.950000 94.254 27.9018
3.000000 94.288 27.3950
3.040000 94.314 26.9976
3.070000 94.332 26.7045
3.110000 94.355 26.3173
3.150000 94.376 25.9363
3.200000 94.401 25.4477
3.250000 94.425 24.9680
3.300000 94.447 24.5124
3.350000 94.468 24.0838
3.400000 94.489 23.6524
3.450000 94.509 23.2211
3.500000 94.527 22.8006
3.550000 94.545 22.3958
3.600000 94.561 21.9855
3.650000 94.576 21.5882
3.700000 94.590 21.2163
3.750000 94.603 20.8644
3.820000 94.619 20.3539
3.870000 94.629 19.9984
3.950000 94.643 19.4664
4.000000 94.651 19.1388
4.060000 94.661 18.7597
4.120000 94.670 18.4037
4.180000 94.678 18.0577
4.250000 94.687 17.6455
4.310000 94.695 17.3171
4.370000 94.703 17.0117
4.440000 94.713 16.6402
4.500000 94.721 16.3424
4.550000 94.729 16.1088
4.620000 94.739 15.7679
4.680000 94.748 15.4878
4.750000 94.759 15.1836
4.820000 94.770 14.8686
4.870000 94.778 14.6497
4.940000 94.790 14.3584
5.000000 94.800 14.1063
5.080000 94.814 13.7705
5.150000 94.826 13.4925
5.220000 94.839 13.2018
5.300000 94.854 12.8779
5.380000 94.868 12.5641
5.450000 94.881 12.2750
5.520000 94.894 11.9955
5.600000 94.909 11.6734
5.700000 94.926 11.2658
5.800000 94.941 10.8679
5.900000 94.955 10.4597
6.000000 94.967 10.0632
6.080000 94.976 9.7449
6.150000 94.982 9.4786
6.220000 94.987 9.2049
6.300000 94.992 8.9012
6.400000 94.997 8.5377
6.500000 95.001 8.1804
6.600000 95.003 7.8404
6.700000 95.005 7.5092
6.800000 95.007 7.1996
6.900000 95.008 6.8974
7.000000 95.009 6.6130
7.100000 95.011 6.3346
7.200000 95.013 6.0729
7.300000 95.016 5.8144
7.400000 95.020 5.5656
7.500000 95.024 5.3162
7.620000 95.031 5.0229
7.750000 95.040 4.7039
7.880000 95.049 4.3732
8.000000 95.058 4.0700
8.120000 95.065 3.7621
8.250000 95.071 3.4228
8.380000 95.075 3.0874
8.500000 95.078 2.7712
8.620000 95.078 2.4602
8.750000 95.077 2.1323
8.850000 95.073 1.8861
9.000000 95.065 1.5371
9.120000 95.058 1.2737
9.250000 95.050 1.0090
9.380000 95.042 0.7667
9.500000 95.036 0.5547
9.620000 95.030 0.3578
9.750000 95.023 0.1529
9.880000 95.017 -0.0467
10.000000 95.010 -0.2237
10.150000 94.996 -0.4860
10.300000 94.976 -0.7465
10.440000 94.955 -0.9905
10.600000 94.931 -1.2747
10.750000 94.906 -1.5447
10.900000 94.880 -1.8171
11.060000 94.850 -2.1340
11.200000 94.822 -2.4482
11.380000 94.782 -2.8298
11.500000 94.752 -3.0637
11.720000 94.695 -3.4426
11.800000 94.673 -3.5622
12.060000 94.605 -3.9077
12.200000 94.571 -4.1019
12.410000 94.530 -4.3525
12.500000 94.518 -4.4506
12.650000 94.504 -4.6070
12.800000 94.498 -4.7624
13.150000 94.495 -5.2087
13.200000 94.495 -5.2884
13.400000 94.497 -5.6209
13.600000 94.495 -5.9720
13.800000 94.489 -6.3316
14.000000 94.477 -6.6910
14.300000 94.451 -7.2629
14.500000 94.428 -7.6048
14.750000 94.397 -7.9724
15.000000 94.366 -8.2739
15.250000 94.337 -8.5792
15.500000 94.314 -8.8386
15.750000 94.296 -9.0662
16.000000 94.283 -9.2781
16.250000 94.278 -9.5280
16.500000 94.276 -9.7849
16.750000 94.275 -10.0547
17.000000 94.273 -10.3426
17.250000 94.268 -10.6777
17.500000 94.258 -11.0189
17.750000 94.241 -11.3491
18.000000 94.218 -11.6531
18.250000 94.191 -11.9478
18.500000 94.162 -12.1927
18.750000 94.134 -12.3868
19.000000 94.110 -12.5440
19.250000 94.091 -12.7010
19.500000 94.078 -12.8613
19.750000 94.069 -13.0416
20.000000 94.062 -13.2543
20.299999 94.053 -13.5798
20.600000 94.037 -13.9393
20.900000 94.014 -14.3079
21.200001 93.985 -14.6835
21.400000 93.962 -14.9242
21.799999 93.913 -15.3546
22.000000 93.888 -15.5434
22.400000 93.840 -15.9025
22.700001 93.809 -16.1381
23.000000 93.782 -16.3567
23.299999 93.760 -16.5910
23.600000 93.743 -16.8344
24.000000 93.725 -17.1890
24.299999 93.712 -17.5020
24.700001 93.689 -17.9386
25.000000 93.667 -18.2612
25.400000 93.632 -18.6658
25.799999 93.596 -19.0035
26.200001 93.563 -19.2909
26.500000 93.545 -19.4949
26.900000 93.527 -19.7767
27.200001 93.515 -20.0218
27.600000 93.496 -20.3954
28.000000 93.466 -20.7909
28.500000 93.411 -21.2463
29.000000 93.349 -21.5549
29.500000 93.301 -21.7523
30.000000 93.278 -21.9661
30.400000 93.269 -22.2507
30.700001 93.259 -22.5308
31.100000 93.234 -22.9545
31.500000 93.194 -23.3673
32.000000 93.138 -23.7765
32.500000 93.093 -24.1041
33.000000 93.063 -24.4425
33.500000 93.038 -24.8601
34.000000 93.005 -25.3168
34.500000 92.963 -25.7543
35.000000 92.920 -26.1187
35.500000 92.881 -26.4135
36.000000 92.853 -26.6675
36.500000 92.839 -26.9669
37.000000 92.827 -27.3799
37.500000 92.797 -27.9012
38.200001 92.708 -28.5661
38.700001 92.629 -28.8549
39.500000 92.524 -29.0853
40.000000 92.474 -29.2221
40.599998 92.422 -29.4401
41.200001 92.371 -29.7476
41.799999 92.308 -30.1188
42.500000 92.219 -30.4044
43.099998 92.178 -30.5256
43.700001 92.175 -30.9177
44.400002 92.123 -31.7451
45.000000 92.023 -32.1570
45.500000 91.978 -32.1915
46.200001 92.006 -32.6159
46.799999 91.977 -33.5935
47.500000 91.801 -34.2869
48.200001 91.687 -33.8310
48.700001 91.727 -33.5854
49.400002 91.803 -34.2435
50.000000 91.760 -35.1375
50.799999 91.642 -35.6804
51.500000 91.594 -35.9265
52.200001 91.549 -36.3963
53.000000 91.463 -36.8696
53.799999 91.387 -37.1805
54.500000 91.324 -37.4444
55.200001 91.258 -37.6602
56.000000 91.185 -37.8400
57.000000 91.102 -37.9122
58.000000 91.065 -38.0367
59.000000 91.010 -38.6113
60.000000 90.892 -39.1229
60.799999 90.799 -39.3908
61.500000 90.723 -39.6326
62.200001 90.650 -39.8837
63.000000 90.574 -40.1860
64.000000 90.485 -40.5830
65.000000 90.412 -41.0017
66.000000 90.338 -41.4960
67.000000 90.261 -41.9139
68.000000 90.188 -42.3309
69.000000 90.105 -42.7082
70.000000 90.025 -43.0461
71.000000 89.935 -43.4410
72.000000 89.829 -43.7435
73.000000 89.728 -43.9488
74.000000 89.630 -44.1161
75.000000 89.545 -44.2010
76.199997 89.462 -44.4149
77.500000 89.360 -44.7145
78.800003 89.254 -45.0019
80.000000 89.150 -45.2454
81.199997 89.049 -45.4716
82.500000 88.940 -45.7082
83.800003 88.840 -45.9386
85.000000 88.746 -46.2189
86.199997 88.646 -46.4802
87.500000 88.539 -46.7071
88.500000 88.461 -46.8839
90.000000 88.340 -47.1639
91.199997 88.241 -47.3438
92.500000 88.135 -47.5300
93.800003 88.025 -47.6656
95.000000 87.933 -47.7707
96.199997 87.842 -47.9419
97.500000 87.734 -48.1229
98.800003 87.630 -48.2388
100.000000 87.544 -48.3726
101.500000 87.433 -48.6019
103.000000 87.308 -48.7544
104.400002 87.196 -48.8232
106.000000 87.064 -48.8707
107.500000 86.943 -48.8858
109.000000 86.823 -48.9077
110.599998 86.697 -48.9163
112.000000 86.597 -48.9038
113.800003 86.478 -48.9325
115.000000 86.396 -48.9604
117.199997 86.237 -48.9945
118.000000 86.173 -48.9874
120.599998 85.978 -48.8514
122.000000 85.882 -48.8178
124.099998 85.741 -48.7592
125.000000 85.684 -48.7075
126.500000 85.593 -48.6198
128.000000 85.499 -48.5631
131.500000 85.258 -48.3591
132.000000 85.227 -48.3196
134.000000 85.124 -48.2212
136.000000 85.027 -48.1308
138.000000 84.927 -47.9602
140.000000 84.808 -47.6761
143.000000 84.628 -47.3163
145.000000 84.525 -47.1806
147.500000 84.418 -47.0993
150.000000 84.290 -46.8659
152.500000 84.139 -46.2807
155.000000 83.992 -45.7103
157.500000 83.861 -45.2978
160.000000 83.739 -44.9915
162.500000 83.618 -44.5912
165.000000 83.492 -44.1613
167.500000 83.368 -43.7659
170.000000 83.251 -43.3341
172.500000 83.138 -42.8827
175.000000 83.030 -42.3389
177.500000 82.943 -41.9054
180.000000 82.856 -41.6846
182.500000 82.735 -41.4211
185.000000 82.583 -40.8270
187.500000 82.473 -39.7524
190.000000 82.409 -39.3507
192.500000 82.309 -39.2065
195.000000 82.229 -38.9965
197.500000 82.175 -38.8323
200.000000 82.130 -38.6652
203.000000 82.077 -38.5032
206.000000 82.013 -38.5231
209.000000 81.909 -38.6877
212.000000 81.745 -39.1038
214.000000 81.589 -39.4701
218.000000 81.127 -39.7512
220.000000 80.830 -39.0853
224.000000 80.340 -35.5374
227.000000 80.179 -32.0418
230.000000 80.164 -28.9319
233.000000 80.249 -26.4786
236.000000 80.410 -24.4429
240.000000 80.696 -22.1376
243.000000 80.941 -20.9411
247.000000 81.277 -20.3079
250.000000 81.497 -20.4739
254.000000 81.686 -21.1535
258.000000 81.758 -22.0021
262.000000 81.763 -22.6319
265.000000 81.739 -22.9330
269.000000 81.692 -23.1057
272.000000 81.652 -23.1072
276.000000 81.591 -22.9376
280.000000 81.535 -22.8053
285.000000 81.473 -22.6003
290.000000 81.428 -22.3147
295.000000 81.371 -22.0747
300.000000 81.273 -21.8266
304.000000 81.177 -21.3482
307.000000 81.123 -20.8137
311.000000 81.112 -19.9469
315.000000 81.149 -19.2402
320.000000 81.191 -18.7563
325.000000 81.208 -18.4480
330.000000 81.206 -18.2040
335.000000 81.213 -17.9264
340.000000 81.213 -17.8738
345.000000 81.203 -17.7366
350.000000 81.188 -17.5732
355.000000 81.169 -17.3922
360.000000 81.135 -17.1588
365.000000 81.100 -16.9408
370.000000 81.069 -16.8624
375.000000 80.998 -16.8127
382.000000 80.937 -16.3603
387.000000 80.935 -16.3307
395.000000 80.922 -16.5079
400.000000 80.871 -16.2194
406.000000 80.762 -15.8912
412.000000 80.575 -15.6590
418.000000 80.467 -15.2218
425.000000 80.425 -14.4144
431.000000 80.377 -13.2480
437.000000 80.358 -12.0744
444.000000 80.390 -10.8623
450.000000 80.446 -10.1806
455.000000 80.504 -9.8783
462.000000 80.580 -9.4271
468.000000 80.608 -9.0163
475.000000 80.643 -8.8027
482.000000 80.654 -8.8580
487.000000 80.663 -8.7750
494.000000 80.662 -8.3884
500.000000 80.653 -8.0568
508.000000 80.655 -7.6948
515.000000 80.655 -7.4425
522.000000 80.632 -7.2103
530.000000 80.629 -6.9123
538.000000 80.654 -6.5754
545.000000 80.661 -6.3064
552.000000 80.647 -6.1502
560.000000 80.637 -5.9242
570.000000 80.633 -5.5669
580.000000 80.633 -5.3539
590.000000 80.635 -4.9918
600.000000 80.639 -4.6504
608.000000 80.631 -4.4056
615.000000 80.621 -4.2110
622.000000 80.614 -4.0669
630.000000 80.614 -3.8888
640.000000 80.623 -3.3753
650.000000 80.594 -2.7818
660.000000 80.559 -2.6146
670.000000 80.553 -2.3250
680.000000 80.542 -2.0816
690.000000 80.522 -1.8480
700.000000 80.503 -1.5718
710.000000 80.488 -1.3006
720.000000 80.470 -0.8781
730.000000 80.468 -0.4513
740.000000 80.473 -0.0915
750.000000 80.488 0.1972
762.000000 80.458 0.7817
775.000000 80.424 1.3895
788.000000 80.394 1.8814
800.000000 80.396 2.2760
812.000000 80.414 2.6941
825.000000 80.423 3.3900
838.000000 80.410 3.9093
850.000000 80.409 4.4799
862.000000 80.414 5.0316
875.000000 80.428 5.6066
885.000000 80.441 6.0592
900.000000 80.463 6.7123
912.000000 80.490 7.2173
925.000000 80.525 7.7666
938.000000 80.558 8.3026
950.000000 80.592 8.7821
962.000000 80.631 9.2505
975.000000 80.678 9.7231
988.000000 80.730 10.1533
1000.000000 80.779 10.5324
1015.000000 80.846 11.0013
1030.000000 80.916 11.4297
1044.000000 80.979 11.7876
1060.000000 81.049 12.1384
1075.000000 81.116 12.3987
1090.000000 81.184 12.6368
1106.000000 81.259 12.8650
1120.000000 81.324 13.0432
1138.000000 81.398 13.2114
1150.000000 81.442 13.3087
1172.000000 81.527 13.4665
1180.000000 81.557 13.5093
1206.000000 81.647 13.6260
1220.000000 81.689 13.6529
1241.000000 81.750 13.7043
1250.000000 81.775 13.7305
1265.000000 81.817 13.7403
1280.000000 81.857 13.7366
1315.000000 81.943 13.7907
1320.000000 81.954 13.8040
1340.000000 81.998 13.8478
1360.000000 82.036 13.8857
1380.000000 82.066 13.9327
1400.000000 82.097 13.9872
1430.000000 82.148 14.1430
1450.000000 82.180 14.2757
1475.000000 82.218 14.4381
1500.000000 82.257 14.6222
1525.000000 82.297 14.8275
1550.000000 82.346 15.1053
1575.000000 82.397 15.3768
1600.000000 82.448 15.6454
1625.000000 82.500 15.9185
1650.000000 82.555 16.1938
1675.000000 82.617 16.4788
1700.000000 82.682 16.7641
1725.000000 82.749 17.0641
1750.000000 82.822 17.3546
1775.000000 82.904 17.6217
1800.000000 82.993 17.8908
1825.000000 83.087 18.1441
1850.000000 83.185 18.3908
1875.000000 83.286 18.6284
1900.000000 83.392 18.8271
1925.000000 83.499 18.9947
1950.000000 83.609 19.1631
1975.000000 83.726 19.3004
2000.000000 83.851 19.3842
2030.000000 84.010 19.4475
2060.000000 84.174 19.4666
2090.000000 84.342 19.4330
2120.000000 84.515 19.3394
2140.000000 84.633 19.2416
2180.000000 84.874 18.9381
2200.000000 84.997 18.7507
2240.000000 85.242 18.2868
2270.000000 85.426 17.8316
2300.000000 85.611 17.3073
2330.000000 85.798 16.6919
2360.000000 85.983 15.9890
2400.000000 86.220 14.8714
2430.000000 86.387 13.9300
2470.000000 86.593 12.5271
2500.000000 86.734 11.3882
2540.000000 86.906 9.7814
2580.000000 87.052 8.0919
2620.000000 87.165 6.3818
2650.000000 87.228 5.0980
2690.000000 87.287 3.4270
2720.000000 87.313 2.2378
2760.000000 87.328 0.7494
2800.000000 87.327 -0.6581
2850.000000 87.310 -2.2724
2900.000000 87.281 -3.7520
2950.000000 87.235 -5.1385
3000.000000 87.171 -6.4216
3040.000000 87.108 -7.3279
3070.000000 87.055 -7.9357
3110.000000 86.978 -8.6301
3150.000000 86.895 -9.2195
3200.000000 86.786 -9.8173
3250.000000 86.676 -10.3552
3300.000000 86.566 -10.8281
3350.000000 86.449 -11.2113
3400.000000 86.320 -11.4829
3450.000000 86.183 -11.6399
3500.000000 86.043 -11.6380
3550.000000 85.902 -11.4418
3600.000000 85.767 -11.0681
3650.000000 85.640 -10.5235
3700.000000 85.528 -9.7909
3750.000000 85.435 -8.8856
3820.000000 85.349 -7.3835
3870.000000 85.325 -6.1872
3950.000000 85.370 -4.1530
4000.000000 85.458 -2.9649
4060.000000 85.617 -1.7624
4120.000000 85.812 -0.9203
4180.000000 86.014 -0.4682
4250.000000 86.234 -0.3674
4310.000000 86.394 -0.5607
4370.000000 86.525 -0.9315
4440.000000 86.634 -1.5676
4500.000000 86.677 -2.2252
4550.000000 86.673 -2.7608
4620.000000 86.617 -3.3258
4680.000000 86.538 -3.5638
4750.000000 86.430 -3.5568
4820.000000 86.323 -3.2881
4870.000000 86.252 -2.9705
4940.000000 86.159 -2.4086
5000.000000 86.082 -1.8564
5080.000000 85.973 -1.0666
5150.000000 85.877 -0.3536
5220.000000 85.784 0.3871
5300.000000 85.683 1.2795
5380.000000 85.587 2.2104
5450.000000 85.507 3.0576
5520.000000 85.435 3.9353
5600.000000 85.362 4.9633
5700.000000 85.288 6.2663
5800.000000 85.237 7.5685
5900.000000 85.209 8.8334
6000.000000 85.207 10.0145
6080.000000 85.222 10.8553
6150.000000 85.248 11.5299
6220.000000 85.288 12.0865
6300.000000 85.353 12.5990
6400.000000 85.464 13.0520
6500.000000 85.590 13.2530
6600.000000 85.719 13.2301
6700.000000 85.842 12.9922
6800.000000 85.957 12.5825
6900.000000 86.063 12.0673
7000.000000 86.162 11.4210
7100.000000 86.264 10.7023
7200.000000 86.373 9.8759
7300.000000 86.490 8.9227
7400.000000 86.618 7.8392
7500.000000 86.757 6.5522
7620.000000 86.937 4.6924
7750.000000 87.131 2.1260
7880.000000 87.279 -1.1103
8000.000000 87.320 -4.5797
8120.000000 87.220 -8.3483
8250.000000 86.946 -12.4650
8380.000000 86.514 -16.1902
8500.000000 85.997 -19.0125
8620.000000 85.399 -20.9905
8750.000000 84.704 -22.0976
8850.000000 84.165 -22.2162
9000.000000 83.386 -21.3340
9120.000000 82.812 -19.8419
9250.000000 82.256 -17.5897
9380.000000 81.777 -14.8113
9500.000000 81.405 -11.9139
9620.000000 81.101 -8.8078
9750.000000 80.850 -5.2887
9880.000000 80.680 -1.7542
10000.000000 80.597 1.4872
10150.000000 80.597 5.3661
10300.000000 80.696 8.9073
10440.000000 80.863 11.7460
10600.000000 81.110 14.1827
10750.000000 81.348 15.5513
10900.000000 81.536 16.1362
11060.000000 81.639 16.2821
11200.000000 81.663 16.4521
11380.000000 81.702 17.0884
11500.000000 81.792 17.5996
11720.000000 82.140 17.8522
11800.000000 82.314 17.5328
12060.000000 82.928 14.4857
12200.000000 83.211 11.6846
12410.000000 83.477 6.6037
12500.000000 83.521 4.3265
12650.000000 83.502 0.7210
12800.000000 83.392 -2.4054
13150.000000 82.986 -6.8202
13200.000000 82.931 -7.0708
13400.000000 82.762 -7.2114
13600.000000 82.722 -6.2139
13800.000000 82.848 -4.5430
14000.000000 83.146 -2.7972
14300.000000 83.851 -1.4354
14500.000000 84.359 -2.4353
14750.000000 84.717 -6.2445
15000.000000 84.466 -11.2368
15250.000000 83.558 -14.5297
15500.000000 82.290 -13.9362
15750.000000 81.099 -9.2792
16000.000000 80.357 -2.3802
16250.000000 80.218 3.9892
16500.000000 80.398 7.4741
16750.000000 80.480 7.8913
17000.000000 80.272 6.7950
17250.000000 79.821 5.6342
17500.000000 79.251 4.7569
17750.000000 78.620 4.1450
18000.000000 77.923 3.8927
18250.000000 77.152 4.5288
18500.000000 76.345 6.7904
18750.000000 75.603 11.2551
19000.000000 75.057 18.0645
19250.000000 74.822 26.5868
19500.000000 74.898 35.4157
19750.000000 75.104 42.7815
