* Measurement data measured by REW V5.31.3
* Source: Headset (Odo By VECLAN.COM), MICROPHONE (Master Volume), R, volume: 0.250
* Format: 1M Log Swept Sine, 1 sweep at -12.0 dBFS with no timing reference
* Dated: 05 2, 25 4:15:38 PM
* REW Settings:
*  C-weighting compensation: Off
*  Target level: 75.0 dB
* Note: ; 
* Measurement: septet R
* Smoothing: 1/24 octave
* Frequency Step: 1/48 octave
* Start Frequency: 1.000 Hz
*
* Freq(Hz) SPL(dB) Phase(degrees)
1.000000 44.805 -155.4170
1.015000 44.912 -156.6112
1.030000 45.021 -157.8358
1.044000 45.124 -159.0089
1.060000 45.245 -160.3887
1.075000 45.362 -161.7238
1.090000 45.482 -163.1022
1.106000 45.613 -164.6209
1.120000 45.728 -165.9858
1.138000 45.874 -167.7820
1.150000 45.971 -169.0017
1.172000 46.147 -171.2767
1.180000 46.210 -172.1146
1.206000 46.417 -174.8692
1.220000 46.529 -176.3684
1.241000 46.696 -178.6324
1.250000 46.768 -179.6070
1.265000 46.889 178.7646
1.280000 47.011 177.1323
1.315000 47.300 173.3162
1.320000 47.342 172.7708
1.340000 47.513 170.5890
1.360000 47.687 168.4082
1.380000 47.865 166.2288
1.400000 48.049 164.0504
1.430000 48.335 160.7836
1.450000 48.533 158.6052
1.475000 48.790 155.8875
1.500000 49.058 153.1996
1.525000 49.336 150.5586
1.550000 49.621 147.9705
1.575000 49.915 145.4369
1.600000 50.215 142.9568
1.625000 50.520 140.5277
1.650000 50.830 138.1455
1.675000 51.144 135.8051
1.700000 51.459 133.5010
1.725000 51.776 131.2273
1.750000 52.094 128.9781
1.775000 52.411 126.7476
1.800000 52.726 124.5306
1.825000 53.040 122.3254
1.850000 53.353 120.1424
1.875000 53.669 118.0016
1.900000 53.989 115.9127
1.925000 54.311 113.8788
1.950000 54.635 111.9003
1.975000 54.960 109.9758
2.000000 55.285 108.1032
2.030000 55.675 105.9203
2.060000 56.063 103.8015
2.090000 56.448 101.7397
2.120000 56.828 99.7277
2.140000 57.079 98.4102
2.180000 57.570 95.8243
2.200000 57.811 94.5547
2.240000 58.287 92.0739
2.270000 58.639 90.2727
2.300000 58.988 88.5226
2.330000 59.332 86.8215
2.360000 59.673 85.1664
2.400000 60.122 83.0251
2.430000 60.453 81.4633
2.470000 60.888 79.4322
2.500000 61.210 77.9421
2.540000 61.631 75.9929
2.580000 62.044 74.0843
2.620000 62.448 72.2244
2.650000 62.745 70.8640
2.690000 63.135 69.0946
2.720000 63.423 67.7986
2.760000 63.799 66.1087
2.800000 64.170 64.4579
2.850000 64.624 62.4420
2.900000 65.069 60.4706
2.950000 65.506 58.5409
3.000000 65.932 56.6614
3.040000 66.265 55.1955
3.070000 66.511 54.1162
3.110000 66.834 52.7012
3.150000 67.152 51.3106
3.200000 67.542 49.6007
3.250000 67.926 47.9166
3.300000 68.303 46.2550
3.350000 68.673 44.6227
3.400000 69.036 43.0251
3.450000 69.391 41.4584
3.500000 69.740 39.9168
3.550000 70.082 38.3938
3.600000 70.419 36.8836
3.650000 70.750 35.3821
3.700000 71.076 33.8923
3.750000 71.397 32.4216
3.820000 71.835 30.3948
3.870000 72.142 28.9650
3.950000 72.621 26.6957
4.000000 72.914 25.2820
4.060000 73.259 23.5875
4.120000 73.597 21.9017
4.180000 73.927 20.2293
4.250000 74.303 18.2946
4.310000 74.616 16.6471
4.370000 74.923 15.0050
4.440000 75.270 13.0894
4.500000 75.560 11.4478
4.550000 75.796 10.0844
4.620000 76.118 8.1886
4.680000 76.386 6.5787
4.750000 76.688 4.7166
4.820000 76.981 2.8605
4.870000 77.183 1.5344
4.940000 77.458 -0.3143
5.000000 77.685 -1.8826
5.080000 77.978 -3.9388
5.150000 78.224 -5.7079
5.220000 78.460 -7.4658
5.300000 78.718 -9.4608
5.380000 78.964 -11.4213
5.450000 79.171 -13.0944
5.520000 79.370 -14.7277
5.600000 79.587 -16.5648
5.700000 79.845 -18.8177
5.800000 80.089 -20.9956
5.900000 80.323 -23.0826
6.000000 80.545 -25.1002
6.080000 80.715 -26.6686
6.150000 80.860 -28.0026
6.220000 81.003 -29.2968
6.300000 81.163 -30.7291
6.400000 81.358 -32.4604
6.500000 81.549 -34.1356
6.600000 81.738 -35.7585
6.700000 81.926 -37.3286
6.800000 82.114 -38.8545
6.900000 82.300 -40.3525
7.000000 82.486 -41.8320
7.100000 82.672 -43.2910
7.200000 82.857 -44.7357
7.300000 83.041 -46.1791
7.400000 83.222 -47.6276
7.500000 83.401 -49.0787
7.620000 83.611 -50.8226
7.750000 83.829 -52.7228
7.880000 84.038 -54.6371
8.000000 84.222 -56.4015
8.120000 84.395 -58.1572
8.250000 84.570 -60.0553
8.380000 84.732 -61.9257
8.500000 84.870 -63.6151
8.620000 84.997 -65.2745
8.750000 85.124 -67.0200
8.850000 85.215 -68.3163
9.000000 85.341 -70.1923
9.120000 85.434 -71.6277
9.250000 85.531 -73.1096
9.380000 85.624 -74.5220
9.500000 85.708 -75.7688
9.620000 85.793 -76.9617
9.750000 85.883 -78.1997
9.880000 85.971 -79.3949
10.000000 86.047 -80.4658
10.150000 86.138 -81.7687
10.300000 86.226 -83.0516
10.440000 86.308 -84.2374
10.600000 86.401 -85.5876
10.750000 86.486 -86.8578
10.900000 86.571 -88.1315
11.060000 86.656 -89.4930
11.200000 86.727 -90.6863
11.380000 86.811 -92.2113
11.500000 86.862 -93.2194
11.720000 86.946 -95.0375
11.800000 86.974 -95.6853
12.060000 87.055 -97.7365
12.200000 87.094 -98.8015
12.410000 87.152 -100.3492
12.500000 87.179 -100.9952
12.650000 87.227 -102.0508
12.800000 87.278 -103.0850
13.150000 87.396 -105.4364
13.200000 87.412 -105.7675
13.400000 87.475 -107.0828
13.600000 87.534 -108.3833
13.800000 87.588 -109.6667
14.000000 87.635 -110.9232
14.300000 87.695 -112.7382
14.500000 87.729 -113.8868
14.750000 87.768 -115.2454
15.000000 87.809 -116.5214
15.250000 87.854 -117.7327
15.500000 87.907 -118.9083
15.750000 87.967 -120.0782
16.000000 88.032 -121.2680
16.250000 88.098 -122.4889
16.500000 88.161 -123.7382
16.750000 88.216 -125.0011
17.000000 88.262 -126.2557
17.250000 88.300 -127.4821
17.500000 88.331 -128.6653
17.750000 88.359 -129.7994
18.000000 88.384 -130.8870
18.250000 88.409 -131.9355
18.500000 88.434 -132.9537
18.750000 88.459 -133.9482
19.000000 88.483 -134.9222
19.250000 88.505 -135.8751
19.500000 88.526 -136.8057
19.750000 88.546 -137.7130
20.000000 88.566 -138.5988
20.299999 88.590 -139.6384
20.600000 88.613 -140.6604
20.900000 88.636 -141.6712
21.200001 88.656 -142.6718
21.400000 88.668 -143.3309
21.799999 88.687 -144.6200
22.000000 88.695 -145.2456
22.400000 88.710 -146.4558
22.700001 88.724 -147.3351
23.000000 88.740 -148.2052
23.299999 88.758 -149.0831
23.600000 88.776 -149.9818
24.000000 88.796 -151.2164
24.299999 88.803 -152.1542
24.700001 88.799 -153.3760
25.000000 88.789 -154.2403
25.400000 88.773 -155.3002
25.799999 88.764 -156.2727
26.200001 88.766 -157.2128
26.500000 88.772 -157.9301
26.900000 88.779 -158.9186
27.200001 88.781 -159.6725
27.600000 88.774 -160.6592
28.000000 88.763 -161.5932
28.500000 88.748 -162.6835
29.000000 88.739 -163.7333
29.500000 88.730 -164.7801
30.000000 88.714 -165.8138
30.400000 88.698 -166.6117
30.700001 88.685 -167.1888
31.100000 88.669 -167.9333
31.500000 88.653 -168.6583
32.000000 88.636 -169.5513
32.500000 88.622 -170.4460
33.000000 88.608 -171.3568
33.500000 88.590 -172.2847
34.000000 88.566 -173.2103
34.500000 88.538 -174.1074
35.000000 88.508 -174.9641
35.500000 88.479 -175.7865
36.000000 88.453 -176.5881
36.500000 88.428 -177.3815
37.000000 88.402 -178.1750
37.500000 88.374 -178.9656
38.200001 88.327 179.9698
38.700001 88.290 179.2660
39.500000 88.238 178.2145
40.000000 88.211 177.5633
40.599998 88.177 176.7684
41.200001 88.140 175.9745
41.799999 88.101 175.1983
42.500000 88.056 174.3069
43.099998 88.015 173.5342
43.700001 87.967 172.7607
44.400002 87.899 171.9338
45.000000 87.840 171.3461
45.500000 87.803 170.9117
46.200001 87.767 170.2613
46.799999 87.735 169.6163
47.500000 87.683 168.8494
48.200001 87.625 168.1472
48.700001 87.586 167.6619
49.400002 87.529 166.9688
50.000000 87.475 166.3862
50.799999 87.404 165.6624
51.500000 87.347 165.0397
52.200001 87.291 164.4032
53.000000 87.225 163.6863
53.799999 87.160 163.0120
54.500000 87.109 162.4669
55.200001 87.071 161.8931
56.000000 87.021 161.1053
57.000000 86.913 160.1777
58.000000 86.802 159.6194
59.000000 86.721 159.1328
60.000000 86.647 158.6564
60.799999 86.602 158.2571
61.500000 86.563 157.8090
62.200001 86.511 157.3163
63.000000 86.437 156.7990
64.000000 86.342 156.2891
65.000000 86.265 155.8694
66.000000 86.202 155.3376
67.000000 86.120 154.7468
68.000000 86.033 154.2610
69.000000 85.952 153.8004
70.000000 85.872 153.3508
71.000000 85.797 152.8927
72.000000 85.716 152.4244
73.000000 85.637 152.0331
74.000000 85.570 151.6212
75.000000 85.495 151.1741
76.199997 85.400 150.7480
77.500000 85.304 150.3319
78.800003 85.210 149.9941
80.000000 85.133 149.6578
81.199997 85.048 149.2994
82.500000 84.953 148.9500
83.800003 84.857 148.6481
85.000000 84.774 148.4005
86.199997 84.693 148.1465
87.500000 84.607 147.8950
88.500000 84.545 147.7036
90.000000 84.449 147.3792
91.199997 84.366 147.1622
92.500000 84.282 146.9913
93.800003 84.207 146.8402
95.000000 84.143 146.6893
96.199997 84.079 146.5232
97.500000 84.008 146.3595
98.800003 83.937 146.2126
100.000000 83.872 146.1002
101.500000 83.796 145.9657
103.000000 83.720 145.8329
104.400002 83.653 145.7338
106.000000 83.581 145.6127
107.500000 83.513 145.4850
109.000000 83.441 145.3931
110.599998 83.368 145.3474
112.000000 83.310 145.2814
113.800003 83.233 145.1669
115.000000 83.181 145.1119
117.199997 83.101 145.0985
118.000000 83.079 145.0776
120.599998 82.988 144.9261
122.000000 82.931 144.9291
124.099998 82.848 144.9092
125.000000 82.812 144.8962
126.500000 82.757 144.9004
128.000000 82.715 144.8760
131.500000 82.618 144.7778
132.000000 82.606 144.7949
134.000000 82.567 144.8625
136.000000 82.531 144.8763
138.000000 82.492 144.8827
140.000000 82.455 144.8549
143.000000 82.374 144.9036
145.000000 82.334 145.0707
147.500000 82.294 145.1018
150.000000 82.247 145.0964
152.500000 82.193 145.0815
155.000000 82.138 145.1357
157.500000 82.083 145.1950
160.000000 82.032 145.4243
162.500000 82.001 145.7032
165.000000 81.982 145.8230
167.500000 81.971 145.8717
170.000000 81.979 145.8911
172.500000 81.973 145.7521
175.000000 81.946 145.6156
177.500000 81.913 145.4814
180.000000 81.879 145.3940
182.500000 81.834 145.3019
185.000000 81.785 145.2941
187.500000 81.750 145.2479
190.000000 81.718 145.1747
192.500000 81.691 145.1588
195.000000 81.666 145.1215
197.500000 81.639 145.0593
200.000000 81.618 145.0131
203.000000 81.602 144.9616
206.000000 81.586 144.9086
209.000000 81.573 144.8360
212.000000 81.563 144.7527
214.000000 81.558 144.7084
218.000000 81.547 144.6128
220.000000 81.544 144.5428
224.000000 81.542 144.3885
227.000000 81.530 144.3062
230.000000 81.514 144.2554
233.000000 81.503 144.1790
236.000000 81.496 144.0799
240.000000 81.488 143.9343
243.000000 81.484 143.8196
247.000000 81.478 143.6710
250.000000 81.472 143.5589
254.000000 81.461 143.4061
258.000000 81.450 143.2463
262.000000 81.439 143.0840
265.000000 81.429 142.9658
269.000000 81.417 142.8021
272.000000 81.409 142.6705
276.000000 81.399 142.4897
280.000000 81.389 142.3051
285.000000 81.378 142.0744
290.000000 81.367 141.8394
295.000000 81.357 141.6080
300.000000 81.344 141.3826
304.000000 81.333 141.1943
307.000000 81.327 141.0551
311.000000 81.318 140.8616
315.000000 81.309 140.6531
320.000000 81.303 140.3852
325.000000 81.297 140.1140
330.000000 81.289 139.8628
335.000000 81.279 139.6077
340.000000 81.266 139.3528
345.000000 81.252 139.0958
350.000000 81.239 138.8290
355.000000 81.226 138.5583
360.000000 81.214 138.2925
365.000000 81.204 138.0344
370.000000 81.194 137.7770
375.000000 81.182 137.5218
382.000000 81.164 137.1672
387.000000 81.153 136.9183
395.000000 81.137 136.5077
400.000000 81.127 136.2526
406.000000 81.111 135.9642
412.000000 81.090 135.6873
418.000000 81.070 135.4045
425.000000 81.049 135.0695
431.000000 81.034 134.7864
437.000000 81.019 134.5055
444.000000 81.001 134.1862
450.000000 80.985 133.9196
455.000000 80.973 133.6940
462.000000 80.956 133.3789
468.000000 80.942 133.1147
475.000000 80.925 132.8179
482.000000 80.907 132.5280
487.000000 80.894 132.3209
494.000000 80.876 132.0286
500.000000 80.861 131.7803
508.000000 80.841 131.4570
515.000000 80.824 131.1767
522.000000 80.806 130.9075
530.000000 80.784 130.6135
538.000000 80.762 130.3179
545.000000 80.744 130.0574
552.000000 80.727 129.8046
560.000000 80.708 129.5265
570.000000 80.683 129.1886
580.000000 80.658 128.8662
590.000000 80.635 128.5612
600.000000 80.616 128.2527
608.000000 80.601 128.0078
615.000000 80.585 127.8058
622.000000 80.567 127.6160
630.000000 80.546 127.4026
640.000000 80.520 127.1379
650.000000 80.495 126.8860
660.000000 80.472 126.6497
670.000000 80.454 126.4216
680.000000 80.441 126.1978
690.000000 80.428 125.9930
700.000000 80.417 125.8004
710.000000 80.406 125.6176
720.000000 80.395 125.4468
730.000000 80.384 125.2825
740.000000 80.372 125.1306
750.000000 80.360 124.9951
762.000000 80.350 124.8317
775.000000 80.345 124.6627
788.000000 80.345 124.5047
800.000000 80.347 124.3707
812.000000 80.348 124.2522
825.000000 80.349 124.1312
838.000000 80.354 124.0167
850.000000 80.364 123.9174
862.000000 80.380 123.8218
875.000000 80.401 123.7158
885.000000 80.419 123.6279
900.000000 80.449 123.4873
912.000000 80.476 123.3712
925.000000 80.505 123.2438
938.000000 80.537 123.1116
950.000000 80.570 122.9830
962.000000 80.607 122.8446
975.000000 80.649 122.6837
988.000000 80.695 122.5121
1000.000000 80.738 122.3495
1015.000000 80.795 122.1490
1030.000000 80.854 121.9542
1044.000000 80.915 121.7617
1060.000000 80.990 121.5168
1075.000000 81.065 121.2605
1090.000000 81.143 120.9704
1106.000000 81.227 120.6193
1120.000000 81.301 120.2707
1138.000000 81.394 119.7775
1150.000000 81.455 119.4262
1172.000000 81.565 118.7313
1180.000000 81.604 118.4644
1206.000000 81.728 117.5655
1220.000000 81.790 117.0692
1241.000000 81.881 116.3081
1250.000000 81.919 115.9758
1265.000000 81.981 115.4187
1280.000000 82.040 114.8605
1315.000000 82.162 113.5755
1320.000000 82.178 113.3950
1340.000000 82.245 112.6746
1360.000000 82.313 111.9575
1380.000000 82.377 111.2578
1400.000000 82.438 110.5712
1430.000000 82.530 109.5547
1450.000000 82.591 108.8928
1475.000000 82.666 108.0897
1500.000000 82.739 107.3144
1525.000000 82.813 106.5518
1550.000000 82.890 105.8032
1575.000000 82.969 105.0707
1600.000000 83.048 104.3550
1625.000000 83.128 103.6512
1650.000000 83.210 102.9551
1675.000000 83.293 102.2702
1700.000000 83.381 101.5977
1725.000000 83.476 100.9302
1750.000000 83.578 100.2534
1775.000000 83.683 99.5575
1800.000000 83.792 98.8353
1825.000000 83.903 98.0758
1850.000000 84.017 97.2852
1875.000000 84.133 96.4659
1900.000000 84.248 95.6229
1925.000000 84.364 94.7596
1950.000000 84.483 93.8700
1975.000000 84.605 92.9480
2000.000000 84.727 91.9900
2030.000000 84.873 90.7793
2060.000000 85.019 89.5099
2090.000000 85.162 88.1853
2120.000000 85.303 86.8015
2140.000000 85.395 85.8380
2180.000000 85.566 83.8182
2200.000000 85.644 82.7688
2240.000000 85.782 80.5971
2270.000000 85.866 78.9219
2300.000000 85.937 77.2202
2330.000000 85.992 75.5060
2360.000000 86.028 73.8026
2400.000000 86.048 71.6018
2430.000000 86.046 70.0394
2470.000000 86.028 68.1016
2500.000000 86.010 66.7691
2540.000000 85.990 65.1160
2580.000000 85.974 63.5403
2620.000000 85.960 61.9963
2650.000000 85.950 60.8428
2690.000000 85.931 59.3249
2720.000000 85.910 58.2119
2760.000000 85.874 56.7600
2800.000000 85.824 55.3737
2850.000000 85.741 53.7855
2900.000000 85.641 52.4093
2950.000000 85.540 51.2650
3000.000000 85.449 50.3278
3040.000000 85.382 49.7457
3070.000000 85.339 49.4363
3110.000000 85.298 49.1833
3150.000000 85.281 49.0500
3200.000000 85.294 48.9300
3250.000000 85.347 48.7366
3300.000000 85.434 48.3907
3350.000000 85.538 47.8525
3400.000000 85.641 47.1404
3450.000000 85.727 46.3231
3500.000000 85.793 45.5302
3550.000000 85.848 44.9011
3600.000000 85.924 44.4923
3650.000000 86.046 44.1471
3700.000000 86.205 43.6109
3750.000000 86.365 42.8457
3820.000000 86.576 41.6605
3870.000000 86.731 40.8060
3950.000000 87.005 39.3705
4000.000000 87.197 38.3715
4060.000000 87.451 36.9891
4120.000000 87.720 35.3564
4180.000000 87.996 33.4167
4250.000000 88.309 30.6417
4310.000000 88.537 27.7894
4370.000000 88.695 24.5881
4440.000000 88.766 20.6372
4500.000000 88.727 17.2912
4550.000000 88.630 14.6720
4620.000000 88.411 11.4482
4680.000000 88.171 9.1911
4750.000000 87.863 7.1917
4820.000000 87.553 5.8572
4870.000000 87.340 5.2738
4940.000000 87.060 4.9199
5000.000000 86.843 4.9960
5080.000000 86.593 5.5891
5150.000000 86.433 6.5461
5220.000000 86.363 7.8070
5300.000000 86.433 9.3326
5380.000000 86.657 10.3778
5450.000000 86.920 10.5198
5520.000000 87.176 9.9553
5600.000000 87.415 8.8305
5700.000000 87.671 7.1930
5800.000000 87.937 5.1659
5900.000000 88.176 2.3718
6000.000000 88.302 -1.1439
6080.000000 88.279 -4.1599
6150.000000 88.165 -6.6979
6220.000000 87.975 -8.9553
6300.000000 87.696 -11.0356
6400.000000 87.309 -12.7631
6500.000000 86.922 -13.4749
6600.000000 86.577 -13.2616
6700.000000 86.313 -12.2753
6800.000000 86.157 -10.7313
6900.000000 86.122 -8.8715
7000.000000 86.219 -6.9569
7100.000000 86.447 -5.2374
7200.000000 86.791 -3.9402
7300.000000 87.225 -3.2765
7400.000000 87.717 -3.4341
7500.000000 88.228 -4.4917
7620.000000 88.820 -6.9199
7750.000000 89.375 -11.0142
7880.000000 89.738 -16.3951
8000.000000 89.868 -22.0912
8120.000000 89.759 -28.4324
8250.000000 89.270 -35.4530
8380.000000 88.374 -40.9866
8500.000000 87.377 -43.6498
8620.000000 86.431 -44.5339
8750.000000 85.469 -44.0538
8850.000000 84.829 -42.3561
9000.000000 84.236 -39.6151
9120.000000 83.796 -38.8125
9250.000000 83.171 -37.0211
9380.000000 82.644 -33.7203
9500.000000 82.364 -30.1208
9620.000000 82.281 -26.8240
9750.000000 82.336 -24.0130
9880.000000 82.503 -22.0034
10000.000000 82.748 -21.0361
10150.000000 83.131 -21.4537
10300.000000 83.460 -23.9958
10440.000000 83.553 -28.1373
10600.000000 83.241 -33.9306
10750.000000 82.503 -38.8381
10900.000000 81.433 -41.9003
11060.000000 80.123 -42.5334
11200.000000 78.979 -41.0667
11380.000000 77.622 -37.0263
11500.000000 76.821 -33.3188
11720.000000 75.594 -25.0095
11800.000000 75.233 -21.6132
12060.000000 74.400 -9.9536
12200.000000 74.145 -3.5867
12410.000000 73.993 5.9479
12500.000000 74.023 10.0458
12650.000000 74.251 16.6930
12800.000000 74.706 22.0235
13150.000000 75.614 27.5256
13200.000000 75.705 28.0107
13400.000000 75.997 29.2532
13600.000000 76.098 29.6562
13800.000000 75.950 29.9791
14000.000000 75.562 31.3204
14300.000000 74.911 37.3256
14500.000000 74.742 43.2103
14750.000000 74.856 50.5767
15000.000000 75.291 58.5079
15250.000000 76.468 66.5851
15500.000000 78.399 69.6974
15750.000000 80.397 65.2991
16000.000000 82.065 55.1202
16250.000000 83.341 40.3951
16500.000000 83.880 21.1284
16750.000000 83.136 -0.3630
17000.000000 81.001 -18.9443
17250.000000 78.011 -31.0367
17500.000000 74.839 -37.1436
17750.000000 71.808 -39.6860
18000.000000 68.876 -40.0927
18250.000000 65.942 -38.5493
18500.000000 62.968 -35.0333
18750.000000 59.902 -29.4610
19000.000000 56.653 -20.3579
19250.000000 53.378 -3.4147
19500.000000 50.934 23.1099
19750.000000 50.069 47.9022
20000.000000 50.031 61.4278
