* Measurement data measured by REW V5.31.3
* Source: Headset (Odo By VECLAN.COM), MICROPHONE (Master Volume), R, volume: 0.370
* Format: 1M Log Swept Sine, 1 sweep at -12.0 dBFS with no timing reference
* Dated: 11 20, 24 9:25:11 PM
* REW Settings:
*  C-weighting compensation: Off
*  Target level: 75.0 dB
* Note: ; 
* Measurement: sgluna R
* Smoothing: 1/24 octave
* Frequency Step: 1/48 octave
* Start Frequency: 1.000 Hz
*
* Freq(Hz) SPL(dB) Phase(degrees)
1.000000 61.902 -94.2310
1.015000 61.858 -89.2395
1.030000 61.837 -84.4824
1.044000 61.839 -80.3199
1.060000 61.870 -75.9447
1.075000 61.928 -72.2397
1.090000 62.016 -68.9204
1.106000 62.150 -65.7675
1.120000 62.305 -63.2757
1.138000 62.558 -60.3856
1.150000 62.758 -58.6404
1.172000 63.182 -55.7867
1.180000 63.353 -54.8523
1.206000 63.960 -52.1495
1.220000 64.316 -50.8847
1.241000 64.878 -49.2050
1.250000 65.128 -48.5574
1.265000 65.552 -47.5650
1.280000 65.983 -46.6718
1.315000 66.997 -44.9227
1.320000 67.140 -44.7068
1.340000 67.707 -43.9180
1.360000 68.254 -43.2391
1.380000 68.772 -42.6474
1.400000 69.254 -42.1395
1.430000 69.889 -41.5246
1.450000 70.243 -41.2021
1.475000 70.606 -40.8806
1.500000 70.900 -40.6238
1.525000 71.144 -40.4167
1.550000 71.343 -40.2540
1.575000 71.503 -40.1270
1.600000 71.629 -40.0286
1.625000 71.726 -39.9656
1.650000 71.801 -39.9361
1.675000 71.859 -39.9386
1.700000 71.904 -39.9718
1.725000 71.943 -40.0350
1.750000 71.981 -40.1274
1.775000 72.024 -40.2531
1.800000 72.076 -40.4159
1.825000 72.140 -40.6070
1.850000 72.213 -40.8252
1.875000 72.283 -41.0664
1.900000 72.346 -41.3264
1.925000 72.404 -41.6019
1.950000 72.456 -41.8897
1.975000 72.503 -42.1911
2.000000 72.546 -42.5076
2.030000 72.593 -42.8951
2.060000 72.637 -43.2892
2.090000 72.679 -43.6881
2.120000 72.720 -44.0906
2.140000 72.747 -44.3605
2.180000 72.802 -44.9113
2.200000 72.831 -45.1958
2.240000 72.886 -45.7735
2.270000 72.924 -46.2149
2.300000 72.959 -46.6619
2.330000 72.993 -47.1129
2.360000 73.024 -47.5667
2.400000 73.066 -48.1954
2.430000 73.097 -48.6702
2.470000 73.139 -49.3019
2.500000 73.172 -49.7737
2.540000 73.219 -50.3988
2.580000 73.269 -51.0295
2.620000 73.321 -51.6763
2.650000 73.360 -52.1552
2.690000 73.413 -52.7887
2.720000 73.454 -53.2618
2.760000 73.510 -53.8908
2.800000 73.569 -54.5499
2.850000 73.646 -55.3828
2.900000 73.730 -56.2221
2.950000 73.821 -57.0594
3.000000 73.917 -57.8994
3.040000 73.998 -58.5635
3.070000 74.060 -59.0552
3.110000 74.146 -59.7081
3.150000 74.236 -60.3634
3.200000 74.354 -61.2180
3.250000 74.477 -62.1052
3.300000 74.606 -63.0132
3.350000 74.742 -63.9162
3.400000 74.886 -64.8222
3.450000 75.035 -65.7249
3.500000 75.189 -66.6271
3.550000 75.347 -67.5413
3.600000 75.509 -68.5071
3.650000 75.673 -69.5158
3.700000 75.840 -70.5446
3.750000 76.012 -71.5716
3.820000 76.259 -73.0356
3.870000 76.439 -74.0882
3.950000 76.727 -75.7909
4.000000 76.906 -76.9040
4.060000 77.120 -78.2831
4.120000 77.334 -79.6804
4.180000 77.549 -81.0869
4.250000 77.797 -82.7567
4.310000 78.005 -84.1794
4.370000 78.208 -85.6067
4.440000 78.437 -87.3286
4.500000 78.628 -88.8275
4.550000 78.784 -90.0783
4.620000 78.996 -91.8416
4.680000 79.170 -93.3294
4.750000 79.362 -95.0277
4.820000 79.543 -96.7486
4.870000 79.666 -97.9939
4.940000 79.829 -99.7288
5.000000 79.960 -101.1996
5.080000 80.120 -103.0946
5.150000 80.247 -104.6806
5.220000 80.361 -106.2708
5.300000 80.476 -108.0769
5.380000 80.576 -109.8145
5.450000 80.651 -111.2619
5.520000 80.713 -112.6098
5.600000 80.769 -114.0979
5.700000 80.818 -115.8890
5.800000 80.848 -117.5077
5.900000 80.860 -118.9135
6.000000 80.853 -120.1404
6.080000 80.837 -121.0170
6.150000 80.820 -121.6708
6.220000 80.801 -122.2249
6.300000 80.777 -122.7126
6.400000 80.744 -123.1326
6.500000 80.714 -123.3817
6.600000 80.698 -123.4555
6.700000 80.697 -123.3515
6.800000 80.710 -123.0840
6.900000 80.742 -122.7361
7.000000 80.797 -122.3362
7.100000 80.877 -121.8836
7.200000 80.976 -121.4040
7.300000 81.091 -120.9748
7.400000 81.221 -120.6096
7.500000 81.366 -120.3055
7.620000 81.550 -120.0311
7.750000 81.750 -119.8855
7.880000 81.952 -119.8967
8.000000 82.132 -119.9969
8.120000 82.300 -120.1794
8.250000 82.469 -120.4617
8.380000 82.625 -120.7835
8.500000 82.756 -121.0967
8.620000 82.876 -121.4192
8.750000 82.997 -121.7607
8.850000 83.085 -122.0069
9.000000 83.209 -122.3444
9.120000 83.306 -122.6026
9.250000 83.413 -122.8668
9.380000 83.521 -123.1198
9.500000 83.623 -123.3769
9.620000 83.728 -123.6573
9.750000 83.842 -123.9957
9.880000 83.952 -124.3900
10.000000 84.046 -124.8034
10.150000 84.154 -125.4342
10.300000 84.248 -126.1317
10.440000 84.322 -126.8426
10.600000 84.391 -127.7002
10.750000 84.437 -128.5338
10.900000 84.467 -129.3788
11.060000 84.483 -130.2852
11.200000 84.483 -131.0918
11.380000 84.464 -132.0442
11.500000 84.441 -132.6120
11.720000 84.384 -133.4882
11.800000 84.361 -133.7443
12.060000 84.283 -134.3685
12.200000 84.248 -134.5992
12.410000 84.215 -134.7700
12.500000 84.213 -134.7908
12.650000 84.226 -134.7676
12.800000 84.262 -134.7063
13.150000 84.425 -134.6378
13.200000 84.456 -134.6593
13.400000 84.598 -134.8296
13.600000 84.756 -135.1730
13.800000 84.919 -135.7126
14.000000 85.078 -136.4476
14.300000 85.286 -137.9258
14.500000 85.395 -139.0542
14.750000 85.490 -140.5291
15.000000 85.539 -141.9918
15.250000 85.546 -143.4074
15.500000 85.518 -144.6507
15.750000 85.462 -145.6684
16.000000 85.389 -146.4258
16.250000 85.312 -146.9449
16.500000 85.241 -147.1811
16.750000 85.187 -147.1519
17.000000 85.165 -146.9171
17.250000 85.186 -146.5996
17.500000 85.254 -146.2962
17.750000 85.363 -146.1413
18.000000 85.500 -146.2429
18.250000 85.643 -146.6813
18.500000 85.771 -147.4134
18.750000 85.864 -148.3565
19.000000 85.913 -149.3976
19.250000 85.917 -150.4227
19.500000 85.886 -151.2958
19.750000 85.836 -151.9413
20.000000 85.786 -152.3398
20.299999 85.753 -152.5883
20.600000 85.763 -152.6955
20.900000 85.814 -152.8254
21.200001 85.892 -153.1084
21.400000 85.950 -153.3957
21.799999 86.064 -154.1633
22.000000 86.116 -154.6246
22.400000 86.206 -155.6927
22.700001 86.253 -156.5869
23.000000 86.272 -157.5272
23.299999 86.250 -158.4407
23.600000 86.183 -159.1635
24.000000 86.047 -159.5312
24.299999 85.954 -159.2464
24.700001 85.925 -158.2505
25.000000 86.007 -157.4069
25.400000 86.231 -156.8123
25.799999 86.480 -157.1441
26.200001 86.644 -158.1845
26.500000 86.685 -159.0678
26.900000 86.659 -159.9176
27.200001 86.630 -160.2000
27.600000 86.639 -160.3137
28.000000 86.708 -160.5979
28.500000 86.777 -161.6020
29.000000 86.705 -162.7690
29.500000 86.542 -163.0846
30.000000 86.491 -162.4468
30.400000 86.606 -162.1074
30.700001 86.740 -162.4118
31.100000 86.873 -163.6181
31.500000 86.864 -165.2490
32.000000 86.653 -166.6348
32.500000 86.412 -166.4152
33.000000 86.384 -165.1713
33.500000 86.585 -164.5274
34.000000 86.811 -165.2013
34.500000 86.906 -166.6076
35.000000 86.869 -167.8195
35.500000 86.794 -168.4486
36.000000 86.752 -168.6882
36.500000 86.745 -168.8871
37.000000 86.747 -169.1581
37.500000 86.745 -169.4616
38.200001 86.744 -169.9152
38.700001 86.739 -170.2917
39.500000 86.711 -170.8790
40.000000 86.693 -171.1840
40.599998 86.681 -171.5461
41.200001 86.669 -171.9280
41.799999 86.658 -172.2642
42.500000 86.667 -172.6312
43.099998 86.688 -173.1032
43.700001 86.682 -173.7001
44.400002 86.631 -174.1398
45.000000 86.615 -174.1549
45.500000 86.651 -174.1942
46.200001 86.719 -174.7193
46.799999 86.717 -175.3965
47.500000 86.665 -175.8514
48.200001 86.652 -176.0358
48.700001 86.662 -176.3156
49.400002 86.634 -176.8689
50.000000 86.573 -177.1142
50.799999 86.540 -177.0571
51.500000 86.568 -177.1918
52.200001 86.582 -177.6124
53.000000 86.574 -178.0712
53.799999 86.583 -178.5638
54.500000 86.580 -179.1775
55.200001 86.545 -179.7938
56.000000 86.487 179.7109
57.000000 86.435 179.3674
58.000000 86.423 179.0782
59.000000 86.418 178.6154
60.000000 86.389 178.1781
60.799999 86.365 177.9028
61.500000 86.339 177.6712
62.200001 86.306 177.5327
63.000000 86.286 177.5383
64.000000 86.307 177.3835
65.000000 86.305 176.9441
66.000000 86.283 176.6504
67.000000 86.277 176.2989
68.000000 86.251 175.9974
69.000000 86.270 175.7427
70.000000 86.282 174.9791
71.000000 86.212 174.3497
72.000000 86.178 174.2968
73.000000 86.239 174.0233
74.000000 86.265 173.0184
75.000000 86.157 172.1610
76.199997 86.007 172.2340
77.500000 85.931 172.5828
78.800003 85.895 172.7889
80.000000 85.865 172.4857
81.199997 85.796 172.1053
82.500000 85.744 171.7528
83.800003 85.731 171.4450
85.000000 85.758 171.1023
86.199997 85.787 170.6400
87.500000 85.775 170.1793
88.500000 85.745 170.0491
90.000000 85.710 169.9910
91.199997 85.684 169.9012
92.500000 85.669 169.7413
93.800003 85.656 169.4161
95.000000 85.642 169.1033
96.199997 85.618 168.6524
97.500000 85.541 168.2540
98.800003 85.463 168.2127
100.000000 85.427 168.1220
101.500000 85.388 167.7196
103.000000 85.350 167.2323
104.400002 85.320 166.7529
106.000000 85.283 166.4174
107.500000 85.257 166.3060
109.000000 85.220 166.3713
110.599998 85.187 166.4901
112.000000 85.143 166.3479
113.800003 85.060 166.1709
115.000000 85.033 166.0319
117.199997 85.009 165.5255
118.000000 85.003 165.3670
120.599998 84.949 164.9622
122.000000 84.891 164.9507
124.099998 84.809 164.9315
125.000000 84.780 164.8548
126.500000 84.738 164.6155
128.000000 84.695 164.3852
131.500000 84.666 164.4124
132.000000 84.662 164.3730
134.000000 84.609 164.2237
136.000000 84.543 164.0701
138.000000 84.489 163.7570
140.000000 84.447 163.4316
143.000000 84.394 163.2073
145.000000 84.352 163.2088
147.500000 84.292 163.2247
150.000000 84.231 163.1714
152.500000 84.178 163.1137
155.000000 84.123 162.9798
157.500000 84.063 162.8710
160.000000 84.002 162.7810
162.500000 83.927 162.7626
165.000000 83.855 162.7832
167.500000 83.788 162.7352
170.000000 83.724 162.7083
172.500000 83.659 162.6149
175.000000 83.588 162.4768
177.500000 83.519 162.4299
180.000000 83.461 162.5472
182.500000 83.398 162.6139
185.000000 83.322 162.6081
187.500000 83.256 162.6536
190.000000 83.199 162.7187
192.500000 83.124 162.8480
195.000000 83.046 162.9570
197.500000 82.989 163.0695
200.000000 82.969 163.2616
203.000000 82.962 163.3589
206.000000 82.914 163.2393
209.000000 82.836 163.3121
212.000000 82.774 163.8210
214.000000 82.776 164.2057
218.000000 82.785 164.4130
220.000000 82.738 164.2857
224.000000 82.631 163.7947
227.000000 82.630 163.2635
230.000000 82.613 163.5031
233.000000 82.549 164.4857
236.000000 82.469 164.9404
240.000000 82.405 164.5419
243.000000 82.353 164.2968
247.000000 82.179 164.4498
250.000000 82.223 164.6551
254.000000 82.480 164.3766
258.000000 82.335 164.7180
262.000000 82.184 165.4222
265.000000 82.203 165.9104
269.000000 82.110 165.5443
272.000000 81.992 165.4597
276.000000 81.941 166.3841
280.000000 81.989 166.3675
285.000000 81.978 165.2441
290.000000 81.792 165.1716
295.000000 81.655 165.7074
300.000000 81.650 166.5760
304.000000 81.588 167.1279
307.000000 81.515 167.3692
311.000000 81.504 166.8416
315.000000 81.630 166.7150
320.000000 81.797 167.9468
325.000000 81.643 169.2303
330.000000 81.461 169.7560
335.000000 81.418 169.8793
340.000000 81.276 169.2988
345.000000 81.045 169.0422
350.000000 80.929 169.5734
355.000000 80.980 169.8487
360.000000 80.915 169.9493
365.000000 80.828 170.3437
370.000000 80.810 170.6481
375.000000 80.878 170.4797
382.000000 80.968 170.1166
387.000000 80.910 170.2228
395.000000 80.750 171.9060
400.000000 80.749 172.7169
406.000000 80.741 173.8746
412.000000 80.651 173.4282
418.000000 80.634 172.7608
425.000000 80.595 173.6342
431.000000 80.492 174.8622
437.000000 80.360 175.0481
444.000000 80.333 174.2686
450.000000 80.311 174.5533
455.000000 80.352 175.7455
462.000000 80.370 177.0780
468.000000 80.485 176.0494
475.000000 80.465 176.0255
482.000000 80.370 177.0979
487.000000 80.291 177.6755
494.000000 80.217 178.5536
500.000000 80.191 179.2476
508.000000 80.242 179.8187
515.000000 80.343 -179.9839
522.000000 80.358 -179.8749
530.000000 80.212 -178.9272
538.000000 80.091 -178.6971
545.000000 80.047 -178.2509
552.000000 80.070 -177.5373
560.000000 80.117 -177.0232
570.000000 80.107 -176.5310
580.000000 80.039 -175.7612
590.000000 79.988 -175.1148
600.000000 79.982 -174.6078
608.000000 79.990 -174.2545
615.000000 79.965 -173.8792
622.000000 79.944 -173.3107
630.000000 79.954 -172.6124
640.000000 79.979 -172.0877
650.000000 79.977 -171.3128
660.000000 79.953 -170.5690
670.000000 79.941 -169.9307
680.000000 79.954 -169.2967
690.000000 79.958 -168.7144
700.000000 79.970 -168.0374
710.000000 79.982 -167.3274
720.000000 79.995 -166.6234
730.000000 80.010 -165.8792
740.000000 80.021 -165.2154
750.000000 80.028 -164.5414
762.000000 80.041 -163.7158
775.000000 80.069 -162.8582
788.000000 80.109 -161.9078
800.000000 80.152 -161.0670
812.000000 80.190 -160.2558
825.000000 80.232 -159.3813
838.000000 80.278 -158.5174
850.000000 80.327 -157.7171
862.000000 80.382 -156.8911
875.000000 80.434 -156.0251
885.000000 80.475 -155.3574
900.000000 80.554 -154.3134
912.000000 80.626 -153.5539
925.000000 80.706 -152.7724
938.000000 80.790 -151.9823
950.000000 80.872 -151.2626
962.000000 80.959 -150.5545
975.000000 81.055 -149.7977
988.000000 81.154 -149.0476
1000.000000 81.248 -148.3894
1015.000000 81.371 -147.5864
1030.000000 81.500 -146.7994
1044.000000 81.627 -146.0719
1060.000000 81.784 -145.2780
1075.000000 81.941 -144.5969
1090.000000 82.108 -143.9516
1106.000000 82.296 -143.3595
1120.000000 82.471 -142.9348
1138.000000 82.697 -142.5793
1150.000000 82.842 -142.4347
1172.000000 83.091 -142.3253
1180.000000 83.176 -142.3244
1206.000000 83.440 -142.3802
1220.000000 83.572 -142.4249
1241.000000 83.765 -142.5163
1250.000000 83.849 -142.5669
1265.000000 83.988 -142.6642
1280.000000 84.125 -142.7797
1315.000000 84.445 -143.1549
1320.000000 84.491 -143.2160
1340.000000 84.674 -143.5197
1360.000000 84.852 -143.8927
1380.000000 85.027 -144.3755
1400.000000 85.202 -144.9843
1430.000000 85.450 -146.1914
1450.000000 85.599 -147.2280
1475.000000 85.746 -148.7973
1500.000000 85.824 -150.6206
1525.000000 85.804 -152.5941
1550.000000 85.663 -154.4221
1575.000000 85.407 -155.6900
1600.000000 85.083 -156.0132
1625.000000 84.766 -155.2355
1650.000000 84.534 -153.5727
1675.000000 84.427 -151.4433
1700.000000 84.438 -149.2849
1725.000000 84.540 -147.3380
1750.000000 84.702 -145.6830
1775.000000 84.900 -144.3581
1800.000000 85.117 -143.3082
1825.000000 85.346 -142.5031
1850.000000 85.582 -141.9124
1875.000000 85.815 -141.5154
1900.000000 86.042 -141.2644
1925.000000 86.269 -141.1558
1950.000000 86.491 -141.1614
1975.000000 86.707 -141.2584
2000.000000 86.916 -141.4597
2030.000000 87.161 -141.8000
2060.000000 87.397 -142.2276
2090.000000 87.621 -142.7285
2120.000000 87.834 -143.3217
2140.000000 87.971 -143.7487
2180.000000 88.228 -144.6801
2200.000000 88.350 -145.1785
2240.000000 88.577 -146.2053
2270.000000 88.736 -146.9745
2300.000000 88.889 -147.7114
2330.000000 89.045 -148.4124
2360.000000 89.211 -149.1085
2400.000000 89.454 -150.1421
2430.000000 89.644 -151.1012
2470.000000 89.887 -152.6692
2500.000000 90.052 -154.0062
2540.000000 90.243 -155.9552
2580.000000 90.404 -158.0450
2620.000000 90.544 -160.2243
2650.000000 90.634 -161.9245
2690.000000 90.735 -164.2451
2720.000000 90.796 -166.0632
2760.000000 90.853 -168.5970
2800.000000 90.879 -171.3367
2850.000000 90.849 -175.1224
2900.000000 90.709 -179.3454
2950.000000 90.408 176.2105
3000.000000 89.900 171.9802
3040.000000 89.342 169.1639
3070.000000 88.845 167.5753
3110.000000 88.104 166.3856
3150.000000 87.324 166.4239
3200.000000 86.380 168.2623
3250.000000 85.579 171.8028
3300.000000 85.008 176.4143
3350.000000 84.687 -178.6587
3400.000000 84.576 -173.9631
3450.000000 84.619 -169.8329
3500.000000 84.760 -166.3576
3550.000000 84.957 -163.5088
3600.000000 85.183 -161.1799
3650.000000 85.425 -159.2882
3700.000000 85.673 -157.7594
3750.000000 85.921 -156.5285
3820.000000 86.260 -155.2290
3870.000000 86.496 -154.5533
3950.000000 86.859 -153.8204
4000.000000 87.081 -153.5468
4060.000000 87.346 -153.3764
4120.000000 87.608 -153.3555
4180.000000 87.865 -153.4971
4250.000000 88.159 -153.8488
4310.000000 88.405 -154.3102
4370.000000 88.642 -154.9486
4440.000000 88.904 -155.9304
4500.000000 89.111 -156.9756
4550.000000 89.267 -157.9768
4620.000000 89.457 -159.5770
4680.000000 89.588 -161.0878
4750.000000 89.700 -162.9751
4820.000000 89.763 -164.9469
4870.000000 89.778 -166.3746
4940.000000 89.754 -168.3692
5000.000000 89.687 -170.0254
5080.000000 89.529 -172.0649
5150.000000 89.343 -173.6658
5220.000000 89.127 -175.0394
5300.000000 88.851 -176.3143
5380.000000 88.553 -177.2590
5450.000000 88.282 -177.8054
5520.000000 88.012 -178.1055
5600.000000 87.709 -178.1611
5700.000000 87.349 -177.8340
5800.000000 87.015 -177.1448
5900.000000 86.715 -176.1092
6000.000000 86.456 -174.8015
6080.000000 86.282 -173.5540
6150.000000 86.155 -172.3618
6220.000000 86.055 -171.0814
6300.000000 85.982 -169.5218
6400.000000 85.965 -167.4763
6500.000000 86.018 -165.3517
6600.000000 86.134 -163.1839
6700.000000 86.314 -161.0269
6800.000000 86.560 -158.9000
6900.000000 86.877 -156.8748
7000.000000 87.270 -154.9995
7100.000000 87.747 -153.3452
7200.000000 88.313 -152.0302
7300.000000 88.971 -151.1657
7400.000000 89.728 -150.9695
7500.000000 90.580 -151.6791
7620.000000 91.702 -154.1748
7750.000000 92.945 -159.6031
7880.000000 93.997 -168.3909
8000.000000 94.530 -179.0607
8120.000000 94.453 169.3187
8250.000000 93.709 157.8685
8380.000000 92.509 149.2676
8500.000000 91.239 144.1938
8620.000000 89.984 141.4636
8750.000000 88.746 140.4260
8850.000000 87.908 140.5410
9000.000000 86.831 141.5835
9120.000000 86.111 142.8289
9250.000000 85.454 144.3071
9380.000000 84.900 145.6656
9500.000000 84.455 146.6298
9620.000000 84.036 147.1900
9750.000000 83.551 147.2838
9880.000000 82.969 147.1767
10000.000000 82.319 147.5157
10150.000000 81.453 149.5904
10300.000000 80.744 153.6422
10440.000000 80.369 158.0837
10600.000000 80.245 162.3106
10750.000000 80.273 164.7343
10900.000000 80.300 165.7516
11060.000000 80.233 165.7927
11200.000000 80.057 165.4014
11380.000000 79.682 164.9279
11500.000000 79.360 164.9035
11720.000000 78.688 165.7756
11800.000000 78.440 166.4132
12060.000000 77.704 169.5372
12200.000000 77.376 171.6752
12410.000000 76.988 175.1751
12500.000000 76.857 176.7239
12650.000000 76.679 179.3006
12800.000000 76.540 -178.1359
13150.000000 76.363 -172.0584
13200.000000 76.357 -171.1585
13400.000000 76.390 -167.5023
13600.000000 76.525 -163.7776
13800.000000 76.773 -160.1105
14000.000000 77.135 -156.6142
14300.000000 77.930 -151.8786
14500.000000 78.681 -149.4241
14750.000000 79.910 -148.2273
15000.000000 81.352 -150.9126
15250.000000 82.613 -159.0326
15500.000000 83.124 -171.4987
15750.000000 82.619 175.4486
16000.000000 81.360 165.3954
16250.000000 79.853 159.5728
16500.000000 78.432 157.1362
16750.000000 77.207 156.6606
17000.000000 76.173 156.9412
17250.000000 75.285 157.3484
17500.000000 74.493 157.5253
17750.000000 73.753 157.3809
18000.000000 73.037 156.9808
18250.000000 72.331 156.4803
18500.000000 71.633 156.1633
18750.000000 70.966 156.3334
19000.000000 70.364 157.1592
19250.000000 69.864 158.6544
19500.000000 69.494 160.7513
19750.000000 69.261 163.1721
20000.000000 69.159 165.1172
