* Measurement data measured by REW V5.31.3
* Source: Headset (Odo By VECLAN.COM), MICROPHONE (Master Volume), R, volume: 0.250
* Format: 1M Log Swept Sine, 1 sweep at -12.0 dBFS with no timing reference
* Dated: 11 21, 24 1:21:10 PM
* REW Settings:
*  C-weighting compensation: Off
*  Target level: 75.0 dB
* Note: ; 
* Measurement: sp01 bl L
* Smoothing: 1/24 octave
* Frequency Step: 1/48 octave
* Start Frequency: 1.000 Hz
*
* Freq(Hz) SPL(dB) Phase(degrees)
1.000000 71.673 -69.0212
1.015000 72.040 -69.3578
1.030000 72.403 -69.7186
1.044000 72.738 -70.0773
1.060000 73.119 -70.5132
1.075000 73.475 -70.9465
1.090000 73.831 -71.4011
1.106000 74.208 -71.8958
1.120000 74.534 -72.3145
1.138000 74.945 -72.8199
1.150000 75.213 -73.1370
1.172000 75.692 -73.6833
1.180000 75.862 -73.8730
1.206000 76.402 -74.4577
1.220000 76.684 -74.7556
1.241000 77.094 -75.1849
1.250000 77.265 -75.3635
1.265000 77.545 -75.6554
1.280000 77.818 -75.9416
1.315000 78.424 -76.5950
1.320000 78.507 -76.6874
1.340000 78.832 -77.0565
1.360000 79.143 -77.4268
1.380000 79.440 -77.7897
1.400000 79.724 -78.1538
1.430000 80.123 -78.7132
1.450000 80.371 -79.0961
1.475000 80.658 -79.5762
1.500000 80.911 -80.0300
1.525000 81.131 -80.4488
1.550000 81.320 -80.8380
1.575000 81.481 -81.1993
1.600000 81.620 -81.5344
1.625000 81.740 -81.8578
1.650000 81.844 -82.1744
1.675000 81.938 -82.4882
1.700000 82.024 -82.8028
1.725000 82.107 -83.1216
1.750000 82.190 -83.4472
1.775000 82.278 -83.7864
1.800000 82.375 -84.1451
1.825000 82.482 -84.5146
1.850000 82.597 -84.8871
1.875000 82.712 -85.2511
1.900000 82.826 -85.6026
1.925000 82.937 -85.9419
1.950000 83.046 -86.2698
1.975000 83.153 -86.5913
2.000000 83.258 -86.9111
2.030000 83.382 -87.2847
2.060000 83.504 -87.6497
2.090000 83.623 -88.0084
2.120000 83.741 -88.3633
2.140000 83.819 -88.5988
2.180000 83.973 -89.0771
2.200000 84.049 -89.3228
2.240000 84.199 -89.8067
2.270000 84.309 -90.1584
2.300000 84.417 -90.4995
2.330000 84.523 -90.8302
2.360000 84.627 -91.1510
2.400000 84.763 -91.5860
2.430000 84.864 -91.9055
2.470000 84.996 -92.3207
2.500000 85.094 -92.6252
2.540000 85.222 -93.0240
2.580000 85.349 -93.4285
2.620000 85.474 -93.8497
2.650000 85.566 -94.1578
2.690000 85.686 -94.5578
2.720000 85.775 -94.8492
2.760000 85.892 -95.2252
2.800000 86.007 -95.6170
2.850000 86.147 -96.0939
2.900000 86.285 -96.5531
2.950000 86.420 -96.9974
3.000000 86.551 -97.4553
3.040000 86.653 -97.8216
3.070000 86.729 -98.0899
3.110000 86.828 -98.4383
3.150000 86.925 -98.7757
3.200000 87.045 -99.2048
3.250000 87.163 -99.6276
3.300000 87.279 -100.0344
3.350000 87.393 -100.4279
3.400000 87.505 -100.8349
3.450000 87.614 -101.2396
3.500000 87.722 -101.6305
3.550000 87.827 -102.0055
3.600000 87.932 -102.3918
3.650000 88.034 -102.7745
3.700000 88.135 -103.1450
3.750000 88.235 -103.5066
3.820000 88.371 -104.0345
3.870000 88.467 -104.4066
3.950000 88.617 -104.9751
4.000000 88.709 -105.3373
4.060000 88.817 -105.7698
4.120000 88.924 -106.1905
4.180000 89.029 -106.6082
4.250000 89.148 -107.1156
4.310000 89.249 -107.5324
4.370000 89.347 -107.9368
4.440000 89.460 -108.4283
4.500000 89.554 -108.8407
4.550000 89.631 -109.1763
4.620000 89.737 -109.6632
4.680000 89.826 -110.0720
4.750000 89.927 -110.5284
4.820000 90.026 -110.9965
4.870000 90.096 -111.3289
4.940000 90.191 -111.7815
5.000000 90.271 -112.1732
5.080000 90.375 -112.6875
5.150000 90.465 -113.1154
5.220000 90.552 -113.5513
5.300000 90.649 -114.0411
5.380000 90.743 -114.5138
5.450000 90.825 -114.9343
5.520000 90.905 -115.3329
5.600000 90.994 -115.7836
5.700000 91.103 -116.3458
5.800000 91.209 -116.8858
5.900000 91.314 -117.4173
6.000000 91.417 -117.9287
6.080000 91.499 -118.3393
6.150000 91.569 -118.6814
6.220000 91.639 -119.0303
6.300000 91.719 -119.4176
6.400000 91.817 -119.8903
6.500000 91.915 -120.3648
6.600000 92.013 -120.8288
6.700000 92.110 -121.2955
6.800000 92.206 -121.7545
6.900000 92.302 -122.2203
7.000000 92.397 -122.6832
7.100000 92.492 -123.1552
7.200000 92.586 -123.6252
7.300000 92.678 -124.1043
7.400000 92.769 -124.5837
7.500000 92.858 -125.0746
7.620000 92.962 -125.6651
7.750000 93.070 -126.3072
7.880000 93.175 -126.9662
8.000000 93.268 -127.5661
8.120000 93.356 -128.1626
8.250000 93.447 -128.8053
8.380000 93.533 -129.4346
8.500000 93.610 -130.0080
8.620000 93.684 -130.5694
8.750000 93.761 -131.1628
8.850000 93.817 -131.6096
9.000000 93.898 -132.2556
9.120000 93.960 -132.7585
9.250000 94.027 -133.2847
9.380000 94.092 -133.7899
9.500000 94.151 -134.2499
9.620000 94.209 -134.6952
9.750000 94.270 -135.1667
9.880000 94.326 -135.6292
10.000000 94.371 -136.0396
10.150000 94.420 -136.5831
10.300000 94.463 -137.1011
10.440000 94.499 -137.5628
10.600000 94.536 -138.0669
10.750000 94.570 -138.5185
10.900000 94.603 -138.9520
11.060000 94.639 -139.4280
11.200000 94.672 -139.8764
11.380000 94.713 -140.4384
11.500000 94.740 -140.8053
11.720000 94.785 -141.4641
11.800000 94.800 -141.6998
12.060000 94.846 -142.4764
12.200000 94.869 -142.9294
12.410000 94.904 -143.5930
12.500000 94.920 -143.8700
12.650000 94.949 -144.3213
12.800000 94.978 -144.7572
13.150000 95.042 -145.7604
13.200000 95.051 -145.9058
13.400000 95.084 -146.4670
13.600000 95.115 -146.9976
13.800000 95.144 -147.5005
14.000000 95.174 -147.9858
14.300000 95.218 -148.7549
14.500000 95.246 -149.2557
14.750000 95.279 -149.8689
15.000000 95.310 -150.4722
15.250000 95.337 -151.1216
15.500000 95.361 -151.7565
15.750000 95.381 -152.3706
16.000000 95.398 -152.9618
16.250000 95.414 -153.5682
16.500000 95.427 -154.1456
16.750000 95.438 -154.6895
17.000000 95.447 -155.2007
17.250000 95.454 -155.7064
17.500000 95.462 -156.1778
17.750000 95.470 -156.6148
18.000000 95.480 -157.0276
18.250000 95.494 -157.4520
18.500000 95.511 -157.8721
18.750000 95.530 -158.2932
19.000000 95.548 -158.7216
19.250000 95.566 -159.1819
19.500000 95.581 -159.6479
19.750000 95.592 -160.1125
20.000000 95.600 -160.5678
20.299999 95.606 -161.1227
20.600000 95.608 -161.6438
20.900000 95.610 -162.1286
21.200001 95.612 -162.6009
21.400000 95.614 -162.9092
21.799999 95.620 -163.5079
22.000000 95.624 -163.8049
22.400000 95.631 -164.4242
22.700001 95.635 -164.8875
23.000000 95.636 -165.3446
23.299999 95.635 -165.8043
23.600000 95.633 -166.2451
24.000000 95.629 -166.8005
24.299999 95.628 -167.2149
24.700001 95.627 -167.7535
25.000000 95.627 -168.1501
25.400000 95.625 -168.6836
25.799999 95.621 -169.1913
26.200001 95.617 -169.6759
26.500000 95.615 -170.0282
26.900000 95.616 -170.4839
27.200001 95.618 -170.8320
27.600000 95.621 -171.3082
28.000000 95.621 -171.7868
28.500000 95.616 -172.3799
29.000000 95.609 -172.9329
29.500000 95.603 -173.4685
30.000000 95.598 -173.9877
30.400000 95.593 -174.3959
30.700001 95.591 -174.6893
31.100000 95.591 -175.0744
31.500000 95.595 -175.4820
32.000000 95.602 -176.0411
32.500000 95.599 -176.6599
33.000000 95.581 -177.2514
33.500000 95.555 -177.7419
34.000000 95.536 -178.1246
34.500000 95.533 -178.4883
35.000000 95.538 -178.8991
35.500000 95.540 -179.3630
36.000000 95.533 -179.8175
36.500000 95.523 179.7751
37.000000 95.517 179.4108
37.500000 95.517 179.0412
38.200001 95.517 178.4749
38.700001 95.511 178.0558
39.500000 95.493 177.4355
40.000000 95.483 177.0799
40.599998 95.473 176.6550
41.200001 95.466 176.2257
41.799999 95.459 175.7900
42.500000 95.450 175.2625
43.099998 95.441 174.7995
43.700001 95.429 174.3496
44.400002 95.413 173.8632
45.000000 95.403 173.4691
45.500000 95.396 173.1352
46.200001 95.385 172.6616
46.799999 95.372 172.2697
47.500000 95.356 171.8439
48.200001 95.344 171.4326
48.700001 95.336 171.1300
49.400002 95.322 170.7000
50.000000 95.309 170.3486
50.799999 95.294 169.9018
51.500000 95.285 169.4970
52.200001 95.272 169.0828
53.000000 95.256 168.6262
53.799999 95.240 168.1777
54.500000 95.224 167.8022
55.200001 95.209 167.4471
56.000000 95.194 167.0142
57.000000 95.161 166.4825
58.000000 95.131 166.0833
59.000000 95.114 165.6107
60.000000 95.080 165.1304
60.799999 95.058 164.8248
61.500000 95.048 164.5380
62.200001 95.038 164.2079
63.000000 95.022 163.8100
64.000000 94.992 163.3113
65.000000 94.956 162.8812
66.000000 94.920 162.4897
67.000000 94.884 162.1349
68.000000 94.852 161.7944
69.000000 94.822 161.4306
70.000000 94.789 161.0503
71.000000 94.754 160.6671
72.000000 94.719 160.2924
73.000000 94.683 159.9376
74.000000 94.648 159.5903
75.000000 94.612 159.2493
76.199997 94.569 158.8566
77.500000 94.521 158.4426
78.800003 94.470 158.0286
80.000000 94.420 157.6381
81.199997 94.368 157.2747
82.500000 94.312 156.8861
83.800003 94.255 156.5352
85.000000 94.207 156.2003
86.199997 94.154 155.8630
87.500000 94.099 155.5457
88.500000 94.058 155.2663
90.000000 93.985 154.8605
91.199997 93.929 154.6066
92.500000 93.877 154.3352
93.800003 93.827 154.0181
95.000000 93.776 153.7305
96.199997 93.724 153.4565
97.500000 93.665 153.1796
98.800003 93.607 152.9208
100.000000 93.556 152.6773
101.500000 93.492 152.3883
103.000000 93.432 152.1066
104.400002 93.377 151.8398
106.000000 93.312 151.5326
107.500000 93.246 151.2666
109.000000 93.182 151.0377
110.599998 93.119 150.7809
112.000000 93.062 150.5294
113.800003 92.987 150.2318
115.000000 92.936 150.0576
117.199997 92.849 149.7974
118.000000 92.823 149.6949
120.599998 92.734 149.2809
122.000000 92.677 149.0626
124.099998 92.586 148.8271
125.000000 92.549 148.7393
126.500000 92.492 148.5670
128.000000 92.436 148.3705
131.500000 92.319 147.9102
132.000000 92.302 147.8519
134.000000 92.231 147.6725
136.000000 92.164 147.5233
138.000000 92.096 147.3474
140.000000 92.029 147.1677
143.000000 91.929 146.9363
145.000000 91.859 146.7834
147.500000 91.766 146.6007
150.000000 91.676 146.4306
152.500000 91.593 146.2836
155.000000 91.511 146.1608
157.500000 91.431 146.0547
160.000000 91.350 145.9490
162.500000 91.267 145.8485
165.000000 91.185 145.7263
167.500000 91.098 145.5898
170.000000 91.010 145.5281
172.500000 90.925 145.4164
175.000000 90.832 145.2844
177.500000 90.743 145.1937
180.000000 90.657 145.1178
182.500000 90.569 145.0622
185.000000 90.482 145.0210
187.500000 90.396 144.9719
190.000000 90.309 144.9172
192.500000 90.222 144.8590
195.000000 90.137 144.7993
197.500000 90.057 144.7740
200.000000 89.982 144.7740
203.000000 89.895 144.7931
206.000000 89.808 144.7954
209.000000 89.724 144.7888
212.000000 89.644 144.8019
214.000000 89.593 144.8049
218.000000 89.491 144.8431
220.000000 89.441 144.8718
224.000000 89.342 144.9388
227.000000 89.269 144.9917
230.000000 89.196 145.0523
233.000000 89.124 145.1236
236.000000 89.051 145.1930
240.000000 88.953 145.2788
243.000000 88.885 145.3304
247.000000 88.795 145.3983
250.000000 88.726 145.4753
254.000000 88.634 145.5930
258.000000 88.541 145.7162
262.000000 88.450 145.8475
265.000000 88.383 145.9500
269.000000 88.293 146.1007
272.000000 88.225 146.2234
276.000000 88.138 146.3939
280.000000 88.052 146.5516
285.000000 87.945 146.7448
290.000000 87.841 146.9897
295.000000 87.739 147.2429
300.000000 87.639 147.4958
304.000000 87.562 147.6944
307.000000 87.506 147.8541
311.000000 87.432 148.0633
315.000000 87.359 148.2791
320.000000 87.269 148.5483
325.000000 87.175 148.8131
330.000000 87.079 149.1343
335.000000 86.987 149.4967
340.000000 86.896 149.8937
345.000000 86.813 150.3341
350.000000 86.744 150.8397
355.000000 86.689 151.3767
360.000000 86.650 151.8199
365.000000 86.623 152.0829
370.000000 86.590 152.2321
375.000000 86.542 152.3617
382.000000 86.457 152.5677
387.000000 86.391 152.7554
395.000000 86.283 153.1128
400.000000 86.217 153.3701
406.000000 86.140 153.6884
412.000000 86.063 154.0181
418.000000 85.988 154.3471
425.000000 85.903 154.7607
431.000000 85.834 155.1279
437.000000 85.766 155.5144
444.000000 85.688 155.9549
450.000000 85.621 156.3264
455.000000 85.569 156.6418
462.000000 85.497 157.1036
468.000000 85.437 157.5058
475.000000 85.369 157.9713
482.000000 85.301 158.4395
487.000000 85.255 158.7714
494.000000 85.194 159.2252
500.000000 85.144 159.6179
508.000000 85.078 160.1652
515.000000 85.020 160.6487
522.000000 84.965 161.1192
530.000000 84.903 161.6608
538.000000 84.840 162.2083
545.000000 84.789 162.6955
552.000000 84.739 163.1705
560.000000 84.687 163.7206
570.000000 84.624 164.4019
580.000000 84.562 165.1125
590.000000 84.502 165.8102
600.000000 84.447 166.5077
608.000000 84.405 167.0680
615.000000 84.369 167.5611
622.000000 84.333 168.0575
630.000000 84.294 168.6233
640.000000 84.248 169.3315
650.000000 84.203 170.0383
660.000000 84.160 170.7606
670.000000 84.120 171.4858
680.000000 84.084 172.2090
690.000000 84.050 172.9297
700.000000 84.019 173.6509
710.000000 83.990 174.3778
720.000000 83.964 175.0990
730.000000 83.939 175.8278
740.000000 83.916 176.5577
750.000000 83.893 177.2843
762.000000 83.865 178.1827
775.000000 83.833 179.1942
788.000000 83.805 -179.7075
800.000000 83.792 -178.6043
812.000000 83.806 -177.4766
825.000000 83.847 -176.3834
838.000000 83.890 -175.4432
850.000000 83.922 -174.6360
862.000000 83.949 -173.8490
875.000000 83.976 -172.9980
885.000000 83.997 -172.3290
900.000000 84.032 -171.3138
912.000000 84.067 -170.5127
925.000000 84.112 -169.6646
938.000000 84.160 -168.8158
950.000000 84.206 -168.0484
962.000000 84.257 -167.2977
975.000000 84.316 -166.5064
988.000000 84.380 -165.7310
1000.000000 84.443 -165.0434
1015.000000 84.524 -164.2111
1030.000000 84.609 -163.4074
1044.000000 84.690 -162.6857
1060.000000 84.785 -161.9059
1075.000000 84.876 -161.2145
1090.000000 84.969 -160.5417
1106.000000 85.069 -159.8761
1120.000000 85.160 -159.3075
1138.000000 85.278 -158.6276
1150.000000 85.357 -158.1878
1172.000000 85.499 -157.4110
1180.000000 85.550 -157.1385
1206.000000 85.719 -156.2780
1220.000000 85.811 -155.8318
1241.000000 85.955 -155.1837
1250.000000 86.020 -154.9153
1265.000000 86.131 -154.4741
1280.000000 86.244 -154.0329
1315.000000 86.520 -153.0696
1320.000000 86.561 -152.9373
1340.000000 86.730 -152.4457
1360.000000 86.903 -151.9875
1380.000000 87.084 -151.6123
1400.000000 87.273 -151.3209
1430.000000 87.565 -151.0871
1450.000000 87.761 -151.0644
1475.000000 88.004 -151.2060
1500.000000 88.234 -151.4919
1525.000000 88.447 -151.9329
1550.000000 88.642 -152.4723
1575.000000 88.817 -153.0928
1600.000000 88.969 -153.7483
1625.000000 89.098 -154.3948
1650.000000 89.215 -155.0462
1675.000000 89.321 -155.6722
1700.000000 89.413 -156.2624
1725.000000 89.497 -156.8276
1750.000000 89.575 -157.3543
1775.000000 89.649 -157.8625
1800.000000 89.720 -158.3464
1825.000000 89.788 -158.8173
1850.000000 89.852 -159.2711
1875.000000 89.914 -159.7159
1900.000000 89.972 -160.1530
1925.000000 90.029 -160.5914
1950.000000 90.083 -161.0259
1975.000000 90.136 -161.4495
2000.000000 90.190 -161.8869
2030.000000 90.252 -162.4221
2060.000000 90.307 -162.9575
2090.000000 90.356 -163.4866
2120.000000 90.403 -164.0319
2140.000000 90.432 -164.3943
2180.000000 90.481 -165.0971
2200.000000 90.499 -165.4348
2240.000000 90.519 -166.0413
2270.000000 90.524 -166.3988
2300.000000 90.532 -166.6483
2330.000000 90.550 -166.7712
2360.000000 90.589 -166.8088
2400.000000 90.687 -166.9068
2430.000000 90.783 -167.1649
2470.000000 90.910 -167.8478
2500.000000 90.988 -168.5322
2540.000000 91.064 -169.5476
2580.000000 91.110 -170.5666
2620.000000 91.127 -171.5097
2650.000000 91.126 -172.1824
2690.000000 91.113 -172.9970
2720.000000 91.097 -173.5690
2760.000000 91.068 -174.2571
2800.000000 91.031 -174.8606
2850.000000 90.977 -175.4591
2900.000000 90.922 -175.8645
2950.000000 90.886 -176.1131
3000.000000 90.873 -176.3289
3040.000000 90.874 -176.5325
3070.000000 90.875 -176.7331
3110.000000 90.872 -177.0310
3150.000000 90.858 -177.3391
3200.000000 90.823 -177.6973
3250.000000 90.781 -178.0113
3300.000000 90.738 -178.2686
3350.000000 90.696 -178.4834
3400.000000 90.656 -178.6649
3450.000000 90.620 -178.8070
3500.000000 90.590 -178.9115
3550.000000 90.567 -178.9900
3600.000000 90.549 -179.0341
3650.000000 90.538 -179.0582
3700.000000 90.539 -179.0891
3750.000000 90.550 -179.1471
3820.000000 90.578 -179.3243
3870.000000 90.602 -179.5228
3950.000000 90.647 -179.9650
4000.000000 90.679 179.6877
4060.000000 90.722 179.2065
4120.000000 90.765 178.6718
4180.000000 90.806 178.0638
4250.000000 90.847 177.2738
4310.000000 90.876 176.5230
4370.000000 90.899 175.6899
4440.000000 90.913 174.6262
4500.000000 90.911 173.6459
4550.000000 90.898 172.7972
4620.000000 90.861 171.5493
4680.000000 90.811 170.4580
4750.000000 90.729 169.1767
4820.000000 90.619 167.9122
4870.000000 90.522 167.0380
4940.000000 90.361 165.8622
5000.000000 90.198 164.9247
5080.000000 89.940 163.8294
5150.000000 89.684 163.0140
5220.000000 89.406 162.3727
5300.000000 89.074 161.8743
5380.000000 88.735 161.6799
5450.000000 88.447 161.8059
5520.000000 88.188 162.1149
5600.000000 87.920 162.4343
5700.000000 87.566 162.9741
5800.000000 87.249 163.8689
5900.000000 86.957 164.6885
6000.000000 86.654 165.7020
6080.000000 86.428 166.7796
6150.000000 86.250 167.8506
6220.000000 86.094 169.0186
6300.000000 85.951 170.4509
6400.000000 85.836 172.3384
6500.000000 85.782 174.3137
6600.000000 85.780 176.3414
6700.000000 85.832 178.3766
6800.000000 85.937 -179.5987
6900.000000 86.103 -177.6532
7000.000000 86.332 -175.8163
7100.000000 86.629 -174.1433
7200.000000 86.998 -172.7160
7300.000000 87.448 -171.6241
7400.000000 87.988 -171.0542
7500.000000 88.615 -171.2106
7620.000000 89.465 -172.7172
7750.000000 90.445 -176.5667
7880.000000 91.335 176.6614
8000.000000 91.852 167.8420
8120.000000 91.871 157.4555
8250.000000 91.257 146.2864
8380.000000 90.101 137.0862
8500.000000 88.751 131.1948
8620.000000 87.312 127.7981
8750.000000 85.791 126.4059
8850.000000 84.696 126.5601
9000.000000 83.198 128.2094
9120.000000 82.124 130.4135
9250.000000 81.079 133.4221
9380.000000 80.148 136.8766
9500.000000 79.380 140.3479
9620.000000 78.690 144.0287
9750.000000 78.024 148.1638
9880.000000 77.437 152.4389
10000.000000 76.964 156.4420
10150.000000 76.468 161.5217
10300.000000 76.062 166.6438
10440.000000 75.749 171.4326
10600.000000 75.461 176.9028
10750.000000 75.256 -177.9996
10900.000000 75.109 -172.9315
11060.000000 75.017 -167.5431
11200.000000 74.993 -162.8815
11380.000000 75.039 -156.9886
11500.000000 75.120 -153.1366
11720.000000 75.373 -146.2867
11800.000000 75.501 -143.8850
12060.000000 76.054 -136.4543
12200.000000 76.444 -132.7859
12410.000000 77.153 -127.8596
12500.000000 77.503 -126.0013
12650.000000 78.147 -123.3461
12800.000000 78.871 -121.3622
13150.000000 80.835 -120.3496
13200.000000 81.135 -120.7425
13400.000000 82.317 -123.9932
13600.000000 83.325 -130.0494
13800.000000 83.948 -138.4146
14000.000000 84.044 -147.6292
14300.000000 83.308 -159.1403
14500.000000 82.541 -163.8438
14750.000000 81.654 -166.8761
15000.000000 81.033 -168.8387
15250.000000 80.425 -172.0786
15500.000000 79.388 -170.4676
15750.000000 79.773 -164.0892
16000.000000 80.578 -170.1940
16250.000000 80.550 179.7118
16500.000000 79.746 170.2015
16750.000000 78.362 163.5341
17000.000000 76.695 160.4396
17250.000000 74.985 160.6485
17500.000000 73.371 163.4706
17750.000000 71.923 168.1953
18000.000000 70.663 174.2904
18250.000000 69.603 -178.6588
18500.000000 68.748 -170.9669
18750.000000 68.109 -162.9177
19000.000000 67.691 -154.7859
19250.000000 67.501 -146.8835
19500.000000 67.542 -139.5098
19750.000000 67.760 -133.1855
20000.000000 67.958 -129.1519
