* Measurement data measured by REW V5.31.3
* Source: Headset (Odo By VECLAN.COM), MICROPHONE (Master Volume), R, volume: 0.250
* Format: 1M Log Swept Sine, 1 sweep at -12.0 dBFS with no timing reference
* Dated: 04 27, 25 7:35:48 PM
* REW Settings:
*  C-weighting compensation: Off
*  Target level: 75.0 dB
* Note: ; 
* Measurement: tulip R
* Smoothing: 1/24 octave
* Frequency Step: 1/48 octave
* Start Frequency: 1.000 Hz
*
* Freq(Hz) SPL(dB) Phase(degrees)
1.000000 43.936 -1.9103
1.015000 44.292 -4.2730
1.030000 44.645 -6.5921
1.044000 44.970 -8.7252
1.060000 45.336 -11.1341
1.075000 45.671 -13.3713
1.090000 45.998 -15.5910
1.106000 46.339 -17.9256
1.120000 46.639 -19.9096
1.138000 47.028 -22.3565
1.150000 47.291 -23.9219
1.172000 47.777 -26.6600
1.180000 47.955 -27.6155
1.206000 48.538 -30.5841
1.220000 48.854 -32.1028
1.241000 49.330 -34.2875
1.250000 49.534 -35.1926
1.265000 49.874 -36.6633
1.280000 50.213 -38.0911
1.315000 51.000 -41.2808
1.320000 51.111 -41.7225
1.340000 51.555 -43.4602
1.360000 51.993 -45.1573
1.380000 52.424 -46.8214
1.400000 52.848 -48.4591
1.430000 53.468 -50.8790
1.450000 53.868 -52.4732
1.475000 54.354 -54.4293
1.500000 54.827 -56.2954
1.525000 55.290 -58.0580
1.550000 55.743 -59.7319
1.575000 56.187 -61.3341
1.600000 56.623 -62.8801
1.625000 57.050 -64.3838
1.650000 57.470 -65.8577
1.675000 57.882 -67.3127
1.700000 58.288 -68.7585
1.725000 58.688 -70.2033
1.750000 59.082 -71.6543
1.775000 59.471 -73.1176
1.800000 59.856 -74.5978
1.825000 60.235 -76.0942
1.850000 60.610 -77.5878
1.875000 60.978 -79.0511
1.900000 61.339 -80.4764
1.925000 61.693 -81.8657
1.950000 62.041 -83.2233
1.975000 62.383 -84.5533
2.000000 62.719 -85.8605
2.030000 63.115 -87.4055
2.060000 63.505 -88.9318
2.090000 63.888 -90.4471
2.120000 64.265 -91.9585
2.140000 64.513 -92.9672
2.180000 65.003 -94.9936
2.200000 65.244 -96.0100
2.240000 65.719 -98.0249
2.270000 66.066 -99.5063
2.300000 66.407 -100.9607
2.330000 66.742 -102.3901
2.360000 67.070 -103.7973
2.400000 67.499 -105.6452
2.430000 67.814 -107.0148
2.470000 68.227 -108.8264
2.500000 68.531 -110.1797
2.540000 68.931 -111.9836
2.580000 69.322 -113.7886
2.620000 69.705 -115.5820
2.650000 69.986 -116.9127
2.690000 70.352 -118.6651
2.720000 70.621 -119.9626
2.760000 70.973 -121.6714
2.800000 71.318 -123.3584
2.850000 71.738 -125.4423
2.900000 72.149 -127.5073
2.950000 72.550 -129.5624
3.000000 72.939 -131.6075
3.040000 73.242 -133.2302
3.070000 73.465 -134.4366
3.110000 73.757 -136.0290
3.150000 74.042 -137.6019
3.200000 74.390 -139.5406
3.250000 74.729 -141.4511
3.300000 75.061 -143.3402
3.350000 75.384 -145.2183
3.400000 75.697 -147.0867
3.450000 76.001 -148.9378
3.500000 76.297 -150.7650
3.550000 76.586 -152.5637
3.600000 76.867 -154.3321
3.650000 77.142 -156.0719
3.700000 77.410 -157.7927
3.750000 77.671 -159.5039
3.820000 78.023 -161.8771
3.870000 78.267 -163.5476
3.950000 78.645 -166.1645
4.000000 78.874 -167.7617
4.060000 79.142 -169.6465
4.120000 79.401 -171.5121
4.180000 79.652 -173.3587
4.250000 79.936 -175.4790
4.310000 80.172 -177.2592
4.370000 80.402 -179.0010
4.440000 80.663 179.0075
4.500000 80.880 177.3228
4.550000 81.056 175.9341
4.620000 81.295 174.0186
4.680000 81.496 172.4083
4.750000 81.724 170.5693
4.820000 81.946 168.7661
4.870000 82.101 167.4938
4.940000 82.312 165.7347
5.000000 82.488 164.2499
5.080000 82.718 162.3068
5.150000 82.915 160.6403
5.220000 83.106 158.9976
5.300000 83.319 157.1459
5.380000 83.526 155.3238
5.450000 83.703 153.7554
5.520000 83.876 152.2096
5.600000 84.068 150.4637
5.700000 84.301 148.3109
5.800000 84.526 146.1960
5.900000 84.743 144.1180
6.000000 84.953 142.0651
6.080000 85.114 140.4424
6.150000 85.251 139.0408
6.220000 85.385 137.6573
6.300000 85.532 136.0928
6.400000 85.709 134.1568
6.500000 85.878 132.2516
6.600000 86.039 130.3857
6.700000 86.193 128.5505
6.800000 86.338 126.7424
6.900000 86.476 124.9726
7.000000 86.608 123.2462
7.100000 86.732 121.5537
7.200000 86.850 119.8965
7.300000 86.962 118.2831
7.400000 87.069 116.7140
7.500000 87.170 115.1826
7.620000 87.286 113.3971
7.750000 87.406 111.5327
7.880000 87.520 109.7342
8.000000 87.620 108.1285
8.120000 87.718 106.5750
8.250000 87.821 104.9463
8.380000 87.921 103.3672
8.500000 88.011 101.9501
8.620000 88.100 100.5689
8.750000 88.195 99.1077
8.850000 88.266 98.0056
9.000000 88.371 96.3852
9.120000 88.452 95.1150
9.250000 88.538 93.7621
9.380000 88.622 92.4319
9.500000 88.696 91.2248
9.620000 88.769 90.0367
9.750000 88.843 88.7706
9.880000 88.910 87.5282
10.000000 88.963 86.4027
10.150000 89.018 85.0237
10.300000 89.066 83.6780
10.440000 89.105 82.4514
10.600000 89.145 81.0828
10.750000 89.181 79.8316
10.900000 89.215 78.6087
11.060000 89.250 77.3326
11.200000 89.279 76.2381
11.380000 89.315 74.8575
11.500000 89.338 73.9520
11.720000 89.377 72.3205
11.800000 89.390 71.7357
12.060000 89.429 69.8665
12.200000 89.447 68.8808
12.410000 89.474 67.4308
12.500000 89.488 66.8211
12.650000 89.513 65.8206
12.800000 89.540 64.8406
13.150000 89.600 62.6349
13.200000 89.608 62.3286
13.400000 89.640 61.1237
13.600000 89.672 59.9466
13.800000 89.703 58.7926
14.000000 89.733 57.6565
14.300000 89.776 55.9796
14.500000 89.802 54.8786
14.750000 89.830 53.5256
15.000000 89.854 52.2050
15.250000 89.873 50.9250
15.500000 89.890 49.6902
15.750000 89.905 48.4999
16.000000 89.922 47.3482
16.250000 89.941 46.2252
16.500000 89.961 45.1230
16.750000 89.979 44.0366
17.000000 89.994 42.9687
17.250000 90.005 41.9270
17.500000 90.012 40.9224
17.750000 90.015 39.9647
18.000000 90.018 39.0576
18.250000 90.021 38.1979
18.500000 90.027 37.3752
18.750000 90.036 36.5754
19.000000 90.048 35.7852
19.250000 90.061 34.9956
19.500000 90.073 34.2044
19.750000 90.083 33.4149
20.000000 90.090 32.6344
20.299999 90.095 31.7194
20.600000 90.097 30.8341
20.900000 90.099 29.9781
21.200001 90.102 29.1435
21.400000 90.104 28.5939
21.799999 90.108 27.4985
22.000000 90.110 26.9491
22.400000 90.112 25.8441
22.700001 90.109 25.0142
23.000000 90.103 24.1919
23.299999 90.092 23.3889
23.600000 90.079 22.6165
24.000000 90.062 21.6415
24.299999 90.052 20.9423
24.700001 90.045 20.0181
25.000000 90.044 19.3077
25.400000 90.039 18.3284
25.799999 90.024 17.3466
26.200001 90.001 16.4215
26.500000 89.982 15.7850
26.900000 89.963 14.9924
27.200001 89.955 14.4062
27.600000 89.945 13.6001
28.000000 89.927 12.7877
28.500000 89.890 11.8799
29.000000 89.862 11.1597
29.500000 89.870 10.4641
30.000000 89.896 9.5439
30.400000 89.897 8.6365
30.700001 89.874 7.9482
31.100000 89.819 7.1638
31.500000 89.761 6.6086
32.000000 89.729 6.1014
32.500000 89.743 5.4609
33.000000 89.753 4.5110
33.500000 89.715 3.4451
34.000000 89.636 2.5793
34.500000 89.561 2.0253
35.000000 89.523 1.6216
35.500000 89.514 1.1488
36.000000 89.510 0.5346
36.500000 89.493 -0.1470
37.000000 89.464 -0.7976
37.500000 89.432 -1.3783
38.200001 89.398 -2.1343
38.700001 89.380 -2.7103
39.500000 89.338 -3.7314
40.000000 89.297 -4.3569
40.599998 89.242 -5.0159
41.200001 89.196 -5.6088
41.799999 89.160 -6.2280
42.500000 89.114 -7.0094
43.099998 89.067 -7.6594
43.700001 89.022 -8.2554
44.400002 88.977 -8.9235
45.000000 88.941 -9.5024
45.500000 88.909 -9.9768
46.200001 88.865 -10.6036
46.799999 88.830 -11.1191
47.500000 88.789 -11.7291
48.200001 88.742 -12.3396
48.700001 88.705 -12.7516
49.400002 88.653 -13.2819
50.000000 88.613 -13.7148
50.799999 88.565 -14.3185
51.500000 88.522 -14.8871
52.200001 88.474 -15.4618
53.000000 88.416 -16.0833
53.799999 88.359 -16.6551
54.500000 88.313 -17.1233
55.200001 88.271 -17.5830
56.000000 88.223 -18.1141
57.000000 88.160 -18.7529
58.000000 88.095 -19.3476
59.000000 88.031 -19.9290
60.000000 87.965 -20.4975
60.799999 87.912 -20.9515
61.500000 87.865 -21.3483
62.200001 87.818 -21.7349
63.000000 87.766 -22.1659
64.000000 87.703 -22.7045
65.000000 87.643 -23.2352
66.000000 87.585 -23.8054
67.000000 87.511 -24.3590
68.000000 87.440 -24.7760
69.000000 87.383 -25.1791
70.000000 87.326 -25.5986
71.000000 87.272 -26.0278
72.000000 87.210 -26.4588
73.000000 87.147 -26.8243
74.000000 87.088 -27.1936
75.000000 87.028 -27.5782
76.199997 86.956 -28.0378
77.500000 86.879 -28.5617
78.800003 86.797 -29.0905
80.000000 86.718 -29.4683
81.199997 86.651 -29.7510
82.500000 86.587 -30.0364
83.800003 86.525 -30.3761
85.000000 86.453 -30.7532
86.199997 86.367 -31.0966
87.500000 86.279 -31.4681
88.500000 86.213 -31.7830
90.000000 86.124 -32.2504
91.199997 86.062 -32.6190
92.500000 85.999 -32.9924
93.800003 85.936 -33.2975
95.000000 85.874 -33.5386
96.199997 85.808 -33.7363
97.500000 85.737 -33.9331
98.800003 85.667 -34.1829
100.000000 85.598 -34.4270
101.500000 85.521 -34.6858
103.000000 85.457 -34.9899
104.400002 85.401 -35.2937
106.000000 85.333 -35.6813
107.500000 85.253 -36.0134
109.000000 85.173 -36.1735
110.599998 85.109 -36.3051
112.000000 85.056 -36.4941
113.800003 84.974 -36.7621
115.000000 84.914 -36.9315
117.199997 84.800 -37.2250
118.000000 84.761 -37.3358
120.599998 84.646 -37.6777
122.000000 84.592 -37.8754
124.099998 84.507 -38.2013
125.000000 84.467 -38.3120
126.500000 84.404 -38.4752
128.000000 84.340 -38.6078
131.500000 84.207 -38.8506
132.000000 84.188 -38.8905
134.000000 84.112 -39.0424
136.000000 84.040 -39.2222
138.000000 83.968 -39.3956
140.000000 83.897 -39.5165
143.000000 83.796 -39.6402
145.000000 83.727 -39.7963
147.500000 83.638 -39.9871
150.000000 83.559 -40.1230
152.500000 83.477 -40.2643
155.000000 83.387 -40.3740
157.500000 83.298 -40.5051
160.000000 83.197 -40.5906
162.500000 83.101 -40.5977
165.000000 83.014 -40.6345
167.500000 82.921 -40.6830
170.000000 82.817 -40.6339
172.500000 82.716 -40.5322
175.000000 82.625 -40.4131
177.500000 82.543 -40.1766
180.000000 82.480 -39.8228
182.500000 82.442 -39.5779
185.000000 82.421 -39.5635
187.500000 82.400 -39.7341
190.000000 82.366 -39.9736
192.500000 82.306 -40.2047
195.000000 82.224 -40.3629
197.500000 82.138 -40.5055
200.000000 82.061 -40.6646
203.000000 81.984 -40.8145
206.000000 81.910 -40.8707
209.000000 81.836 -40.8541
212.000000 81.768 -40.8240
214.000000 81.726 -40.7989
218.000000 81.644 -40.7509
220.000000 81.604 -40.7404
224.000000 81.526 -40.7075
227.000000 81.468 -40.6996
230.000000 81.408 -40.7030
233.000000 81.348 -40.6780
236.000000 81.289 -40.6291
240.000000 81.212 -40.5680
243.000000 81.158 -40.5248
247.000000 81.085 -40.4544
250.000000 81.029 -40.3971
254.000000 80.955 -40.3015
258.000000 80.882 -40.1848
262.000000 80.814 -40.0767
265.000000 80.764 -40.0116
269.000000 80.697 -39.9109
272.000000 80.644 -39.8234
276.000000 80.573 -39.6940
280.000000 80.507 -39.5841
285.000000 80.431 -39.4628
290.000000 80.358 -39.3300
295.000000 80.289 -39.1851
300.000000 80.214 -39.0308
304.000000 80.151 -38.8973
307.000000 80.107 -38.7953
311.000000 80.053 -38.6694
315.000000 80.000 -38.5599
320.000000 79.936 -38.4045
325.000000 79.873 -38.2255
330.000000 79.812 -38.0399
335.000000 79.751 -37.8406
340.000000 79.692 -37.6375
345.000000 79.633 -37.4601
350.000000 79.574 -37.2739
355.000000 79.519 -37.0714
360.000000 79.466 -36.8730
365.000000 79.413 -36.6740
370.000000 79.362 -36.4652
375.000000 79.310 -36.2529
382.000000 79.236 -35.9421
387.000000 79.185 -35.7028
395.000000 79.108 -35.3088
400.000000 79.062 -35.0447
406.000000 79.011 -34.7017
412.000000 78.968 -34.3402
418.000000 78.934 -33.9897
425.000000 78.905 -33.6468
431.000000 78.881 -33.4188
437.000000 78.850 -33.2159
444.000000 78.808 -32.9714
450.000000 78.771 -32.7573
455.000000 78.741 -32.5792
462.000000 78.702 -32.3272
468.000000 78.668 -32.1011
475.000000 78.629 -31.8339
482.000000 78.589 -31.5569
487.000000 78.561 -31.3533
494.000000 78.523 -31.0614
500.000000 78.491 -30.8192
508.000000 78.450 -30.4930
515.000000 78.414 -30.1853
522.000000 78.378 -29.8663
530.000000 78.341 -29.5200
538.000000 78.305 -29.1628
545.000000 78.277 -28.8828
552.000000 78.251 -28.6036
560.000000 78.224 -28.3020
570.000000 78.184 -28.0052
580.000000 78.122 -27.6866
590.000000 78.054 -27.1368
600.000000 78.010 -26.4843
608.000000 77.989 -26.0170
615.000000 77.973 -25.6478
622.000000 77.958 -25.2937
630.000000 77.939 -24.8969
640.000000 77.916 -24.3812
650.000000 77.894 -23.8642
660.000000 77.874 -23.3522
670.000000 77.854 -22.8372
680.000000 77.836 -22.3113
690.000000 77.821 -21.7808
700.000000 77.808 -21.2634
710.000000 77.796 -20.7271
720.000000 77.787 -20.1889
730.000000 77.782 -19.6574
740.000000 77.776 -19.1180
750.000000 77.770 -18.5547
762.000000 77.771 -17.8909
775.000000 77.776 -17.1927
788.000000 77.779 -16.4675
800.000000 77.784 -15.7942
812.000000 77.795 -15.1182
825.000000 77.813 -14.3909
838.000000 77.837 -13.6716
850.000000 77.861 -12.9984
862.000000 77.886 -12.3329
875.000000 77.917 -11.6294
885.000000 77.944 -11.0905
900.000000 77.990 -10.2873
912.000000 78.030 -9.6492
925.000000 78.078 -8.9704
938.000000 78.131 -8.3148
950.000000 78.183 -7.7196
962.000000 78.235 -7.1349
975.000000 78.296 -6.5123
988.000000 78.360 -5.9058
1000.000000 78.423 -5.3717
1015.000000 78.504 -4.7313
1030.000000 78.586 -4.1237
1044.000000 78.665 -3.5828
1060.000000 78.758 -3.0021
1075.000000 78.848 -2.4850
1090.000000 78.939 -2.0023
1106.000000 79.036 -1.5192
1120.000000 79.119 -1.1182
1138.000000 79.223 -0.6331
1150.000000 79.290 -0.3291
1172.000000 79.412 0.1867
1180.000000 79.455 0.3641
1206.000000 79.593 0.9147
1220.000000 79.665 1.1934
1241.000000 79.771 1.5995
1250.000000 79.815 1.7711
1265.000000 79.889 2.0552
1280.000000 79.962 2.3380
1315.000000 80.129 3.0046
1320.000000 80.151 3.1029
1340.000000 80.239 3.5010
1360.000000 80.326 3.8940
1380.000000 80.417 4.2723
1400.000000 80.506 4.6549
1430.000000 80.635 5.2513
1450.000000 80.720 5.6637
1475.000000 80.826 6.1957
1500.000000 80.932 6.7575
1525.000000 81.038 7.3383
1550.000000 81.147 7.9225
1575.000000 81.257 8.5199
1600.000000 81.369 9.1332
1625.000000 81.481 9.7555
1650.000000 81.594 10.3788
1675.000000 81.709 11.0062
1700.000000 81.827 11.6401
1725.000000 81.948 12.2794
1750.000000 82.073 12.9283
1775.000000 82.202 13.5760
1800.000000 82.334 14.2078
1825.000000 82.469 14.8266
1850.000000 82.606 15.4385
1875.000000 82.746 16.0488
1900.000000 82.890 16.6566
1925.000000 83.037 17.2582
1950.000000 83.187 17.8467
1975.000000 83.340 18.4211
2000.000000 83.499 18.9855
2030.000000 83.696 19.6463
2060.000000 83.897 20.2871
2090.000000 84.101 20.8993
2120.000000 84.308 21.4881
2140.000000 84.447 21.8663
2180.000000 84.734 22.5807
2200.000000 84.882 22.9160
2240.000000 85.181 23.5322
2270.000000 85.405 23.9478
2300.000000 85.630 24.3307
2330.000000 85.857 24.6790
2360.000000 86.087 24.9860
2400.000000 86.398 25.3494
2430.000000 86.633 25.5930
2470.000000 86.952 25.8750
2500.000000 87.198 26.0500
2540.000000 87.543 26.2128
2580.000000 87.905 26.2356
2620.000000 88.272 26.0476
2650.000000 88.541 25.7622
2690.000000 88.895 25.2137
2720.000000 89.151 24.6877
2760.000000 89.478 23.8695
2800.000000 89.786 22.9376
2850.000000 90.144 21.6184
2900.000000 90.470 20.1503
2950.000000 90.759 18.5559
3000.000000 91.013 16.8625
3040.000000 91.188 15.4762
3070.000000 91.303 14.4369
3110.000000 91.434 13.0691
3150.000000 91.536 11.7386
3200.000000 91.623 10.1494
3250.000000 91.674 8.6622
3300.000000 91.701 7.3019
3350.000000 91.707 6.0757
3400.000000 91.694 4.9769
3450.000000 91.665 4.0115
3500.000000 91.624 3.2058
3550.000000 91.578 2.5540
3600.000000 91.526 2.0294
3650.000000 91.470 1.6041
3700.000000 91.409 1.2570
3750.000000 91.342 0.9996
3820.000000 91.242 0.8288
3870.000000 91.163 0.8390
3950.000000 90.998 1.1047
4000.000000 90.841 1.7196
4060.000000 90.714 3.8312
4120.000000 90.860 5.9707
4180.000000 91.069 6.9106
4250.000000 91.253 7.6002
4310.000000 91.400 8.2368
4370.000000 91.566 8.8639
4440.000000 91.791 9.4719
4500.000000 92.006 9.8174
4550.000000 92.198 9.9469
4620.000000 92.478 9.8383
4680.000000 92.721 9.4297
4750.000000 92.998 8.5482
4820.000000 93.252 7.2166
4870.000000 93.407 5.9877
4940.000000 93.569 3.9035
5000.000000 93.639 1.8409
5080.000000 93.609 -1.1316
5150.000000 93.466 -3.7623
5220.000000 93.216 -6.2391
5300.000000 92.813 -8.6749
5380.000000 92.312 -10.5283
5450.000000 91.817 -11.5897
5520.000000 91.291 -12.1066
5600.000000 90.672 -12.0568
5700.000000 89.902 -11.0845
5800.000000 89.161 -9.2360
5900.000000 88.467 -6.6723
6000.000000 87.834 -3.5027
6080.000000 87.379 -0.6036
6150.000000 87.017 2.1418
6220.000000 86.690 5.0466
6300.000000 86.365 8.5365
6400.000000 86.042 13.1132
6500.000000 85.800 17.8727
6600.000000 85.632 22.7603
6700.000000 85.538 27.7343
6800.000000 85.519 32.7388
6900.000000 85.577 37.7127
7000.000000 85.715 42.5788
7100.000000 85.936 47.2607
7200.000000 86.245 51.6956
7300.000000 86.650 55.7670
7400.000000 87.154 59.2664
7500.000000 87.756 61.9539
7620.000000 88.586 63.7093
7750.000000 89.540 63.0999
7880.000000 90.364 59.2358
8000.000000 90.754 52.9309
8120.000000 90.575 45.2292
8250.000000 89.701 37.5644
8380.000000 88.296 32.5883
8500.000000 86.764 31.0145
8620.000000 85.195 32.0639
8750.000000 83.577 35.4818
8850.000000 82.427 39.2802
9000.000000 80.867 46.2905
9120.000000 79.757 52.7037
9250.000000 78.679 60.2152
9380.000000 77.715 68.1562
9500.000000 76.917 75.7629
9620.000000 76.201 83.5731
9750.000000 75.508 92.2307
9880.000000 74.899 101.0757
10000.000000 74.416 109.3601
10150.000000 73.922 119.8086
10300.000000 73.532 130.3333
10440.000000 73.250 140.2092
10600.000000 73.021 151.5204
10750.000000 72.892 162.1361
10900.000000 72.839 172.7714
11060.000000 72.870 -175.8195
11200.000000 72.993 -165.6846
11380.000000 73.343 -152.8144
11500.000000 73.662 -144.8407
11720.000000 74.323 -130.7331
11800.000000 74.613 -125.6295
12060.000000 75.809 -109.8025
12200.000000 76.613 -102.0785
12410.000000 78.020 -92.0556
12500.000000 78.691 -88.5061
12650.000000 79.878 -83.9065
12800.000000 81.105 -81.3798
13150.000000 83.413 -85.0366
13200.000000 83.594 -86.4265
13400.000000 83.810 -92.4524
13600.000000 83.312 -96.6443
13800.000000 82.470 -97.0408
14000.000000 81.704 -93.8582
14300.000000 81.270 -86.1240
14500.000000 81.591 -82.3429
14750.000000 82.397 -84.0101
15000.000000 82.586 -94.8988
15250.000000 81.044 -108.8096
15500.000000 77.895 -116.1433
15750.000000 74.172 -113.4499
16000.000000 70.752 -103.3755
16250.000000 67.997 -89.5544
16500.000000 65.832 -74.2221
16750.000000 64.059 -58.0367
17000.000000 62.613 -41.2343
17250.000000 61.463 -24.1032
17500.000000 60.582 -6.8998
17750.000000 59.961 10.1801
18000.000000 59.623 27.0409
18250.000000 59.665 43.4771
18500.000000 60.208 57.7961
18750.000000 61.048 66.7354
19000.000000 61.822 69.9569
19250.000000 62.160 67.1398
19500.000000 61.508 60.0952
19750.000000 59.722 53.8476
20000.000000 57.907 52.1181
