* Measurement data measured by REW V5.31.3
* Source: Headset (Odo By VECLAN.COM), MICROPHONE (Master Volume), L, volume: 0.250
* Format: 1M Log Swept Sine, 1 sweep at -12.0 dBFS with no timing reference
* Dated: 02 23, 25 5:21:22 PM
* REW Settings:
*  C-weighting compensation: Off
*  Target level: 75.0 dB
* Note: ; 
* Measurement: u4s m15 R
* Smoothing: 1/24 octave
* Frequency Step: 1/48 octave
* Start Frequency: 1.000 Hz
*
* Freq(Hz) SPL(dB) Phase(degrees)
1.000000 79.900 81.9948
1.015000 80.262 81.5063
1.030000 80.621 81.0353
1.044000 80.954 80.6217
1.060000 81.330 80.1785
1.075000 81.680 79.7883
1.090000 82.024 79.4194
1.106000 82.387 79.0460
1.120000 82.699 78.7337
1.138000 83.094 78.3485
1.150000 83.352 78.1000
1.172000 83.815 77.6565
1.180000 83.980 77.4974
1.206000 84.500 76.9879
1.220000 84.771 76.7163
1.241000 85.162 76.3095
1.250000 85.325 76.1345
1.265000 85.589 75.8412
1.280000 85.842 75.5448
1.315000 86.395 74.8355
1.320000 86.469 74.7318
1.340000 86.753 74.3121
1.360000 87.014 73.8961
1.380000 87.250 73.5131
1.400000 87.464 73.1590
1.430000 87.744 72.6653
1.450000 87.907 72.3548
1.475000 88.089 71.9804
1.500000 88.249 71.6148
1.525000 88.392 71.2520
1.550000 88.522 70.8866
1.575000 88.643 70.5189
1.600000 88.759 70.1493
1.625000 88.875 69.7646
1.650000 88.994 69.3622
1.675000 89.118 68.9413
1.700000 89.245 68.5107
1.725000 89.367 68.0853
1.750000 89.481 67.6705
1.775000 89.587 67.2623
1.800000 89.687 66.8560
1.825000 89.781 66.4589
1.850000 89.871 66.0694
1.875000 89.957 65.6862
1.900000 90.040 65.3075
1.925000 90.121 64.9318
1.950000 90.202 64.5575
1.975000 90.283 64.1787
2.000000 90.364 63.7910
2.030000 90.463 63.3235
2.060000 90.562 62.8584
2.090000 90.657 62.4003
2.120000 90.750 61.9509
2.140000 90.811 61.6566
2.180000 90.930 61.0740
2.200000 90.988 60.7822
2.240000 91.102 60.2107
2.270000 91.186 59.7913
2.300000 91.268 59.3785
2.330000 91.349 58.9708
2.360000 91.430 58.5671
2.400000 91.534 58.0085
2.430000 91.611 57.5906
2.470000 91.712 57.0417
2.500000 91.785 56.6380
2.540000 91.881 56.1125
2.580000 91.974 55.5905
2.620000 92.064 55.0605
2.650000 92.130 54.6740
2.690000 92.216 54.1711
2.720000 92.279 53.7998
2.760000 92.359 53.3081
2.800000 92.437 52.7977
2.850000 92.531 52.1675
2.900000 92.620 51.5588
2.950000 92.707 50.9765
3.000000 92.791 50.3946
3.040000 92.857 49.9374
3.070000 92.905 49.6006
3.110000 92.966 49.1570
3.150000 93.026 48.7218
3.200000 93.098 48.1678
3.250000 93.168 47.6239
3.300000 93.236 47.1042
3.350000 93.303 46.6103
3.400000 93.370 46.1135
3.450000 93.434 45.6190
3.500000 93.498 45.1370
3.550000 93.560 44.6712
3.600000 93.621 44.1986
3.650000 93.680 43.7359
3.700000 93.738 43.2945
3.750000 93.794 42.8702
3.820000 93.871 42.2567
3.870000 93.924 41.8259
3.950000 94.008 41.1676
4.000000 94.058 40.7555
4.060000 94.119 40.2682
4.120000 94.177 39.7981
4.180000 94.235 39.3333
4.250000 94.301 38.7765
4.310000 94.356 38.3187
4.370000 94.411 37.8775
4.440000 94.474 37.3386
4.500000 94.527 36.8902
4.550000 94.571 36.5272
4.620000 94.631 36.0011
4.680000 94.681 35.5591
4.750000 94.739 35.0612
4.820000 94.794 34.5455
4.870000 94.833 34.1797
4.940000 94.886 33.6812
5.000000 94.930 33.2519
5.080000 94.987 32.6811
5.150000 95.035 32.1952
5.220000 95.081 31.6952
5.300000 95.132 31.1348
5.380000 95.182 30.5909
5.450000 95.223 30.1048
5.520000 95.263 29.6302
5.600000 95.307 29.0892
5.700000 95.360 28.4179
5.800000 95.408 27.7684
5.900000 95.454 27.1172
6.000000 95.497 26.4864
6.080000 95.529 25.9873
6.150000 95.556 25.5673
6.220000 95.582 25.1433
6.300000 95.610 24.6709
6.400000 95.644 24.0997
6.500000 95.677 23.5380
6.600000 95.708 22.9955
6.700000 95.738 22.4616
6.800000 95.768 21.9477
6.900000 95.797 21.4391
7.000000 95.825 20.9464
7.100000 95.854 20.4573
7.200000 95.882 19.9817
7.300000 95.909 19.5073
7.400000 95.937 19.0426
7.500000 95.964 18.5769
7.620000 95.996 18.0243
7.750000 96.030 17.4290
7.880000 96.063 16.8280
8.000000 96.092 16.2810
8.120000 96.119 15.7366
8.250000 96.146 15.1490
8.380000 96.170 14.5718
8.500000 96.192 14.0374
8.620000 96.211 13.5117
8.750000 96.230 12.9521
8.850000 96.243 12.5269
9.000000 96.259 11.9071
9.120000 96.271 11.4231
9.250000 96.282 10.9146
9.380000 96.292 10.4250
9.500000 96.301 9.9825
9.620000 96.309 9.5541
9.750000 96.316 9.1020
9.880000 96.320 8.6617
10.000000 96.321 8.2701
10.150000 96.315 7.7565
10.300000 96.302 7.2651
10.440000 96.287 6.8250
10.600000 96.270 6.3400
10.750000 96.255 5.8987
10.900000 96.241 5.4666
11.060000 96.227 4.9837
11.200000 96.215 4.5191
11.380000 96.199 3.9297
11.500000 96.187 3.5420
11.720000 96.161 2.8446
11.800000 96.150 2.5973
12.060000 96.110 1.7988
12.200000 96.086 1.3466
12.410000 96.051 0.7068
12.500000 96.039 0.4480
12.650000 96.021 0.0375
12.800000 96.006 -0.3478
13.150000 95.979 -1.2119
13.200000 95.976 -1.3375
13.400000 95.965 -1.8249
13.600000 95.957 -2.2971
13.800000 95.950 -2.7625
14.000000 95.944 -3.2324
14.300000 95.933 -4.0121
14.500000 95.924 -4.5321
14.750000 95.906 -5.1679
15.000000 95.883 -5.7751
15.250000 95.857 -6.4046
15.500000 95.830 -6.9885
15.750000 95.802 -7.5273
16.000000 95.777 -8.0308
16.250000 95.756 -8.5504
16.500000 95.738 -9.0546
16.750000 95.722 -9.5480
17.000000 95.705 -10.0346
17.250000 95.687 -10.5451
17.500000 95.669 -11.0447
17.750000 95.650 -11.5297
18.000000 95.631 -12.0028
18.250000 95.613 -12.4980
18.500000 95.593 -12.9857
18.750000 95.573 -13.4646
19.000000 95.550 -13.9341
19.250000 95.526 -14.4075
19.500000 95.500 -14.8613
19.750000 95.473 -15.2899
20.000000 95.447 -15.6954
20.299999 95.418 -16.1842
20.600000 95.392 -16.6584
20.900000 95.369 -17.1289
21.200001 95.346 -17.6238
21.400000 95.329 -17.9618
21.799999 95.294 -18.6298
22.000000 95.274 -18.9535
22.400000 95.232 -19.5976
22.700001 95.200 -20.0505
23.000000 95.170 -20.4840
23.299999 95.141 -20.9262
23.600000 95.113 -21.3640
24.000000 95.075 -21.9428
24.299999 95.045 -22.3913
24.700001 95.004 -22.9714
25.000000 94.971 -23.3903
25.400000 94.927 -23.9408
25.799999 94.884 -24.4715
26.200001 94.839 -24.9991
26.500000 94.805 -25.3945
26.900000 94.758 -25.9046
27.200001 94.722 -26.2768
27.600000 94.673 -26.7503
28.000000 94.625 -27.1966
28.500000 94.569 -27.7522
29.000000 94.517 -28.3184
29.500000 94.462 -28.9239
30.000000 94.400 -29.5311
30.400000 94.346 -29.9954
30.700001 94.305 -30.3125
31.100000 94.255 -30.7008
31.500000 94.212 -31.0846
32.000000 94.170 -31.6103
32.500000 94.128 -32.2408
33.000000 94.069 -32.9036
33.500000 93.996 -33.4736
34.000000 93.930 -33.8818
34.500000 93.895 -34.2584
35.000000 93.883 -34.7883
35.500000 93.857 -35.5196
36.000000 93.793 -36.2574
36.500000 93.708 -36.7879
37.000000 93.640 -37.1071
37.500000 93.601 -37.4360
38.200001 93.537 -38.0802
38.700001 93.463 -38.4544
39.500000 93.377 -38.6623
40.000000 93.371 -38.9088
40.599998 93.349 -39.5877
41.200001 93.257 -40.2934
41.799999 93.144 -40.5936
42.500000 93.085 -40.7393
43.099998 93.072 -41.2143
43.700001 93.023 -41.9627
44.400002 92.918 -42.6894
45.000000 92.838 -43.1163
45.500000 92.787 -43.4892
46.200001 92.710 -44.0803
46.799999 92.631 -44.5075
47.500000 92.549 -44.8434
48.200001 92.492 -45.1522
48.700001 92.458 -45.4286
49.400002 92.403 -45.8754
50.000000 92.348 -46.2680
50.799999 92.265 -46.7697
51.500000 92.187 -47.1728
52.200001 92.111 -47.5494
53.000000 92.030 -48.0225
53.799999 91.946 -48.5687
54.500000 91.866 -49.0290
55.200001 91.792 -49.4597
56.000000 91.713 -49.9792
57.000000 91.608 -50.5318
58.000000 91.537 -50.9640
59.000000 91.463 -51.6284
60.000000 91.343 -52.0575
60.799999 91.274 -52.1469
61.500000 91.235 -52.3254
62.200001 91.189 -52.6096
63.000000 91.125 -52.9098
64.000000 91.050 -53.2787
65.000000 90.978 -53.6951
66.000000 90.906 -54.1945
67.000000 90.824 -54.7022
68.000000 90.746 -55.1513
69.000000 90.677 -55.6498
70.000000 90.599 -56.1926
71.000000 90.511 -56.6825
72.000000 90.425 -57.0823
73.000000 90.347 -57.4653
74.000000 90.270 -57.8521
75.000000 90.196 -58.2527
76.199997 90.098 -58.7685
77.500000 89.998 -59.1897
78.800003 89.909 -59.7374
80.000000 89.810 -60.1955
81.199997 89.724 -60.5323
82.500000 89.641 -60.9829
83.800003 89.543 -61.4465
85.000000 89.450 -61.8222
86.199997 89.360 -62.1993
87.500000 89.266 -62.6129
88.500000 89.194 -62.9340
90.000000 89.092 -63.3721
91.199997 89.018 -63.6928
92.500000 88.940 -64.0359
93.800003 88.860 -64.3854
95.000000 88.782 -64.7089
96.199997 88.701 -65.0238
97.500000 88.617 -65.3349
98.800003 88.536 -65.6566
100.000000 88.464 -65.9216
101.500000 88.387 -66.1880
103.000000 88.321 -66.6320
104.400002 88.229 -67.1645
106.000000 88.109 -67.6071
107.500000 88.004 -67.9698
109.000000 87.906 -68.1624
110.599998 87.834 -68.3759
112.000000 87.760 -68.7487
113.800003 87.642 -69.2020
115.000000 87.562 -69.4978
117.199997 87.440 -69.8177
118.000000 87.412 -69.9404
120.599998 87.298 -70.2452
122.000000 87.217 -70.3374
124.099998 87.087 -70.3772
125.000000 87.033 -70.5030
126.500000 86.945 -70.6392
128.000000 86.894 -70.7173
131.500000 86.847 -70.8568
132.000000 86.842 -70.8627
134.000000 86.822 -70.9771
136.000000 86.798 -71.3661
138.000000 86.769 -72.0448
140.000000 86.726 -72.7225
143.000000 86.661 -73.5093
145.000000 86.595 -74.0247
147.500000 86.489 -74.5984
150.000000 86.392 -75.1297
152.500000 86.306 -75.5838
155.000000 86.222 -76.0882
157.500000 86.122 -76.5781
160.000000 86.027 -77.0337
162.500000 85.938 -77.4351
165.000000 85.856 -77.8114
167.500000 85.771 -78.2029
170.000000 85.685 -78.5787
172.500000 85.595 -78.9109
175.000000 85.504 -79.2201
177.500000 85.416 -79.5965
180.000000 85.335 -79.9687
182.500000 85.263 -80.2615
185.000000 85.180 -80.5411
187.500000 85.088 -80.8433
190.000000 85.010 -81.2576
192.500000 84.944 -81.6293
195.000000 84.883 -81.9225
197.500000 84.812 -82.1824
200.000000 84.742 -82.4683
203.000000 84.671 -82.8052
206.000000 84.613 -83.1183
209.000000 84.553 -83.4968
212.000000 84.495 -83.7965
214.000000 84.466 -83.9295
218.000000 84.423 -84.1890
220.000000 84.399 -84.3879
224.000000 84.338 -84.9000
227.000000 84.294 -85.2772
230.000000 84.251 -85.7038
233.000000 84.207 -86.1353
236.000000 84.160 -86.4899
240.000000 84.096 -87.0168
243.000000 84.038 -87.4275
247.000000 83.962 -87.8473
250.000000 83.917 -88.1436
254.000000 83.872 -88.4597
258.000000 83.813 -88.7600
262.000000 83.758 -88.9965
265.000000 83.724 -89.0351
269.000000 83.679 -89.0603
272.000000 83.665 -89.1092
276.000000 83.683 -89.1649
280.000000 83.720 -89.3615
285.000000 83.778 -89.9251
290.000000 83.814 -90.7151
295.000000 83.821 -91.5561
300.000000 83.812 -92.4045
304.000000 83.803 -93.0182
307.000000 83.792 -93.4518
311.000000 83.771 -94.0095
315.000000 83.750 -94.5192
320.000000 83.727 -95.1083
325.000000 83.712 -95.7168
330.000000 83.713 -96.2803
335.000000 83.706 -96.8250
340.000000 83.698 -97.3606
345.000000 83.691 -97.9450
350.000000 83.700 -98.3549
355.000000 83.727 -98.8309
360.000000 83.738 -99.4654
365.000000 83.729 -100.0020
370.000000 83.720 -100.5792
375.000000 83.729 -101.1796
382.000000 83.760 -102.0983
387.000000 83.765 -102.7903
395.000000 83.809 -103.5717
400.000000 83.851 -104.1004
406.000000 83.874 -104.6419
412.000000 83.891 -105.3125
418.000000 83.917 -106.0003
425.000000 83.956 -106.7934
431.000000 83.986 -107.4627
437.000000 84.018 -108.0849
444.000000 84.063 -108.8732
450.000000 84.104 -109.5837
455.000000 84.139 -110.1621
462.000000 84.185 -110.9547
468.000000 84.224 -111.6456
475.000000 84.275 -112.4762
482.000000 84.329 -113.3033
487.000000 84.368 -113.8835
494.000000 84.420 -114.6719
500.000000 84.464 -115.3345
508.000000 84.528 -116.2384
515.000000 84.583 -116.9990
522.000000 84.633 -117.8591
530.000000 84.695 -118.8737
538.000000 84.755 -119.8498
545.000000 84.805 -120.6649
552.000000 84.860 -121.4813
560.000000 84.928 -122.4275
570.000000 85.005 -123.5854
580.000000 85.077 -124.7792
590.000000 85.152 -125.9488
600.000000 85.227 -127.1049
608.000000 85.285 -128.0383
615.000000 85.335 -128.8446
622.000000 85.384 -129.6393
630.000000 85.439 -130.5288
640.000000 85.507 -131.6420
650.000000 85.573 -132.7630
660.000000 85.639 -133.8629
670.000000 85.704 -134.9299
680.000000 85.768 -135.9851
690.000000 85.830 -137.0434
700.000000 85.892 -138.0853
710.000000 85.952 -139.0971
720.000000 86.012 -140.0898
730.000000 86.071 -141.0666
740.000000 86.131 -142.0194
750.000000 86.189 -142.9637
762.000000 86.259 -144.0579
775.000000 86.333 -145.2144
788.000000 86.408 -146.3356
800.000000 86.477 -147.3512
812.000000 86.547 -148.3211
825.000000 86.622 -149.3491
838.000000 86.698 -150.3414
850.000000 86.770 -151.2304
862.000000 86.844 -152.0979
875.000000 86.929 -153.0164
885.000000 86.995 -153.6996
900.000000 87.099 -154.7025
912.000000 87.184 -155.4904
925.000000 87.281 -156.3305
938.000000 87.382 -157.1574
950.000000 87.479 -157.9219
962.000000 87.578 -158.6802
975.000000 87.688 -159.4984
988.000000 87.803 -160.3138
1000.000000 87.911 -161.0789
1015.000000 88.051 -162.0435
1030.000000 88.194 -163.0239
1044.000000 88.329 -163.9512
1060.000000 88.486 -165.0409
1075.000000 88.633 -166.0739
1090.000000 88.780 -167.1239
1106.000000 88.937 -168.2860
1120.000000 89.073 -169.3190
1138.000000 89.247 -170.6676
1150.000000 89.361 -171.5871
1172.000000 89.565 -173.2839
1180.000000 89.637 -173.9109
1206.000000 89.865 -175.9575
1220.000000 89.985 -177.0717
1241.000000 90.158 -178.7336
1250.000000 90.230 -179.4440
1265.000000 90.350 179.3707
1280.000000 90.466 178.1899
1315.000000 90.725 175.4669
1320.000000 90.761 175.0843
1340.000000 90.901 173.5609
1360.000000 91.036 172.0561
1380.000000 91.167 170.5783
1400.000000 91.293 169.1286
1430.000000 91.479 166.9951
1450.000000 91.599 165.6079
1475.000000 91.747 163.9151
1500.000000 91.894 162.2703
1525.000000 92.040 160.6649
1550.000000 92.188 159.1208
1575.000000 92.335 157.5718
1600.000000 92.480 156.0439
1625.000000 92.626 154.5656
1650.000000 92.779 153.1247
1675.000000 92.939 151.7190
1700.000000 93.109 150.3146
1725.000000 93.292 148.8737
1750.000000 93.486 147.3611
1775.000000 93.683 145.7151
1800.000000 93.876 143.9562
1825.000000 94.058 142.0992
1850.000000 94.228 140.1898
1875.000000 94.389 138.2693
1900.000000 94.541 136.3211
1925.000000 94.685 134.3376
1950.000000 94.822 132.3227
1975.000000 94.951 130.2693
2000.000000 95.073 128.1689
2030.000000 95.207 125.6108
2060.000000 95.323 122.9875
2090.000000 95.417 120.3163
2120.000000 95.486 117.6202
2140.000000 95.518 115.8236
2180.000000 95.547 112.2565
2200.000000 95.544 110.5075
2240.000000 95.508 107.0921
2270.000000 95.456 104.6063
2300.000000 95.383 102.2122
2330.000000 95.290 99.8994
2360.000000 95.178 97.7003
2400.000000 95.001 94.9678
2430.000000 94.852 93.1123
2470.000000 94.640 90.8801
2500.000000 94.478 89.4001
2540.000000 94.270 87.6640
2580.000000 94.072 86.1279
2620.000000 93.884 84.7851
2650.000000 93.751 83.8773
2690.000000 93.583 82.7896
2720.000000 93.465 82.0508
2760.000000 93.321 81.1704
2800.000000 93.190 80.3660
2850.000000 93.045 79.4573
2900.000000 92.920 78.6373
2950.000000 92.813 77.8840
3000.000000 92.722 77.1893
3040.000000 92.661 76.6778
3070.000000 92.622 76.3020
3110.000000 92.577 75.8388
3150.000000 92.539 75.3871
3200.000000 92.498 74.8567
3250.000000 92.467 74.3080
3300.000000 92.450 73.7552
3350.000000 92.443 73.1743
3400.000000 92.445 72.5799
3450.000000 92.455 71.9833
3500.000000 92.474 71.3764
3550.000000 92.502 70.7652
3600.000000 92.541 70.1404
3650.000000 92.591 69.4963
3700.000000 92.651 68.8174
3750.000000 92.722 68.1017
3820.000000 92.838 67.0247
3870.000000 92.934 66.1813
3950.000000 93.109 64.7057
4000.000000 93.234 63.6700
4060.000000 93.403 62.3062
4120.000000 93.586 60.7720
4180.000000 93.779 59.0392
4250.000000 94.012 56.7384
4310.000000 94.213 54.4773
4370.000000 94.408 51.9075
4440.000000 94.618 48.4633
4500.000000 94.767 45.0905
4550.000000 94.856 41.9456
4620.000000 94.898 37.0312
4680.000000 94.823 32.4196
4750.000000 94.559 26.8085
4820.000000 94.065 21.5013
4870.000000 93.574 18.3481
4940.000000 92.756 15.4434
5000.000000 92.035 14.6019
5080.000000 91.218 15.4491
5150.000000 90.727 17.0722
5220.000000 90.427 18.6961
5300.000000 90.229 20.1330
5380.000000 90.103 21.1322
5450.000000 90.019 21.8084
5520.000000 89.952 22.4255
5600.000000 89.900 23.1471
5700.000000 89.887 24.1252
5800.000000 89.949 25.1472
5900.000000 90.100 26.0738
6000.000000 90.341 26.7189
6080.000000 90.592 26.8832
6150.000000 90.844 26.7325
6220.000000 91.117 26.2323
6300.000000 91.446 25.2502
6400.000000 91.860 23.4703
6500.000000 92.239 21.2216
6600.000000 92.570 18.7462
6700.000000 92.861 16.1617
6800.000000 93.127 13.5697
6900.000000 93.392 10.9919
7000.000000 93.670 8.2505
7100.000000 93.952 5.1987
7200.000000 94.200 1.6747
7300.000000 94.360 -2.2014
7400.000000 94.413 -5.9786
7500.000000 94.401 -9.3684
7620.000000 94.348 -13.0219
7750.000000 94.239 -16.3359
7880.000000 94.176 -18.8185
8000.000000 94.207 -21.0964
8120.000000 94.227 -24.0017
8250.000000 94.131 -27.6815
8380.000000 93.877 -31.1760
8500.000000 93.536 -33.7245
8620.000000 93.161 -35.3505
8750.000000 92.789 -36.1719
8850.000000 92.562 -36.3071
9000.000000 92.348 -36.1389
9120.000000 92.286 -36.1218
9250.000000 92.258 -36.6598
9380.000000 92.210 -37.3506
9500.000000 92.198 -38.0828
9620.000000 92.200 -39.3173
9750.000000 92.153 -41.2057
9880.000000 92.020 -43.4800
10000.000000 91.812 -45.7202
10150.000000 91.426 -48.5155
10300.000000 90.869 -50.9544
10440.000000 90.191 -52.3287
10600.000000 89.322 -52.2344
10750.000000 88.560 -50.6459
10900.000000 87.911 -48.5029
11060.000000 87.249 -46.1152
11200.000000 86.644 -43.4506
11380.000000 85.917 -38.8427
11500.000000 85.504 -35.2147
11720.000000 84.923 -27.8361
11800.000000 84.772 -24.9794
12060.000000 84.529 -15.3873
12200.000000 84.571 -10.2948
12410.000000 84.851 -3.3726
12500.000000 85.035 -0.8452
12650.000000 85.395 2.6656
12800.000000 85.787 5.2013
13150.000000 86.559 7.3143
13200.000000 86.629 7.2768
13400.000000 86.754 6.7491
13600.000000 86.634 6.2850
13800.000000 86.316 6.7135
14000.000000 85.895 8.5044
14300.000000 85.296 13.9604
14500.000000 85.039 19.1485
14750.000000 84.972 26.7756
15000.000000 85.259 35.0423
15250.000000 85.935 42.9936
15500.000000 87.005 49.9039
15750.000000 88.496 54.7259
16000.000000 90.350 56.1900
16250.000000 92.516 53.7806
16500.000000 94.786 45.9354
16750.000000 96.626 31.3476
17000.000000 97.507 11.8102
17250.000000 97.392 -9.3428
17500.000000 96.437 -30.9184
17750.000000 94.485 -51.8306
18000.000000 91.403 -68.6818
18250.000000 87.534 -78.2530
18500.000000 83.488 -80.2903
18750.000000 79.752 -76.6651
19000.000000 76.557 -69.5436
19250.000000 73.944 -60.6348
19500.000000 71.882 -51.5493
19750.000000 70.295 -44.2194
