* Measurement data measured by REW V5.31.3
* Source: Headset (Odo By VECLAN.COM), MICROPHONE (Master Volume), R, volume: 0.250
* Format: 512k Log Swept Sine, 1 sweep at -12.0 dBFS with no timing reference
* Dated: 01 27, 25 10:35:44 PM
* REW Settings:
*  C-weighting compensation: Off
*  Target level: 75.0 dB
* Note: ; 
* Measurement: yacht R
* Smoothing: 1/24 octave
* Frequency Step: 1/48 octave
* Start Frequency: 1.000 Hz
*
* Freq(Hz) SPL(dB) Phase(degrees)
1.000000 49.568 100.1258
1.015000 50.132 98.5500
1.030000 50.678 96.9755
1.044000 51.169 95.5010
1.060000 51.703 93.8035
1.075000 52.175 92.1949
1.090000 52.617 90.5666
1.106000 53.058 88.8157
1.120000 53.426 87.2918
1.138000 53.883 85.3658
1.150000 54.179 84.1080
1.172000 54.702 81.8640
1.180000 54.887 81.0689
1.206000 55.469 78.5641
1.220000 55.771 77.2653
1.241000 56.210 75.3801
1.250000 56.394 74.5944
1.265000 56.694 73.3130
1.280000 56.987 72.0646
1.315000 57.649 69.2661
1.320000 57.741 68.8780
1.340000 58.104 67.3506
1.360000 58.460 65.8590
1.380000 58.809 64.3967
1.400000 59.155 62.9576
1.430000 59.666 60.8297
1.450000 60.005 59.4236
1.475000 60.425 57.6757
1.500000 60.833 55.9466
1.525000 61.228 54.2457
1.550000 61.609 52.5772
1.575000 61.978 50.9427
1.600000 62.336 49.3423
1.625000 62.682 47.7750
1.650000 63.019 46.2386
1.675000 63.347 44.7306
1.700000 63.667 43.2476
1.725000 63.980 41.7859
1.750000 64.288 40.3419
1.775000 64.589 38.9112
1.800000 64.887 37.4896
1.825000 65.181 36.0721
1.850000 65.469 34.6516
1.875000 65.750 33.2260
1.900000 66.023 31.8000
1.925000 66.289 30.3803
1.950000 66.547 28.9727
1.975000 66.799 27.5815
2.000000 67.044 26.2101
2.030000 67.331 24.5939
2.060000 67.610 23.0122
2.090000 67.882 21.4660
2.120000 68.147 19.9553
2.140000 68.321 18.9672
2.180000 68.662 17.0327
2.200000 68.829 16.0809
2.240000 69.155 14.1821
2.270000 69.390 12.7562
2.300000 69.617 11.3346
2.330000 69.838 9.9241
2.360000 70.052 8.5306
2.400000 70.328 6.7079
2.430000 70.529 5.3723
2.470000 70.789 3.6397
2.500000 70.979 2.3791
2.540000 71.227 0.7513
2.580000 71.467 -0.8284
2.620000 71.698 -2.3920
2.650000 71.865 -3.5603
2.690000 72.080 -5.1060
2.720000 72.235 -6.2505
2.760000 72.436 -7.7491
2.800000 72.630 -9.2083
2.850000 72.865 -10.9644
2.900000 73.093 -12.6340
2.950000 73.313 -14.2221
3.000000 73.524 -15.7646
3.040000 73.685 -16.9755
3.070000 73.802 -17.8684
3.110000 73.954 -19.0349
3.150000 74.102 -20.1697
3.200000 74.282 -21.5361
3.250000 74.459 -22.8365
3.300000 74.634 -24.0663
3.350000 74.804 -25.2358
3.400000 74.969 -26.3588
3.450000 75.130 -27.4401
3.500000 75.287 -28.4813
3.550000 75.443 -29.4828
3.600000 75.599 -30.4440
3.650000 75.756 -31.3633
3.700000 75.914 -32.2373
3.750000 76.071 -33.0665
3.820000 76.290 -34.1653
3.870000 76.446 -34.9175
3.950000 76.699 -36.0859
4.000000 76.858 -36.8025
4.060000 77.053 -37.6462
4.120000 77.251 -38.4591
4.180000 77.450 -39.2456
4.250000 77.685 -40.1491
4.310000 77.887 -40.9279
4.370000 78.089 -41.7223
4.440000 78.326 -42.6664
4.500000 78.531 -43.4775
4.550000 78.702 -44.1544
4.620000 78.941 -45.1108
4.680000 79.145 -45.9464
4.750000 79.378 -46.9481
4.820000 79.608 -47.9788
4.870000 79.771 -48.7278
4.940000 79.996 -49.7896
5.000000 80.185 -50.7096
5.080000 80.431 -51.9493
5.150000 80.639 -53.0492
5.220000 80.842 -54.1674
5.300000 81.065 -55.4611
5.380000 81.281 -56.7577
5.450000 81.463 -57.8851
5.520000 81.639 -59.0054
5.600000 81.830 -60.2874
5.700000 82.058 -61.8861
5.800000 82.275 -63.4557
5.900000 82.480 -64.9820
6.000000 82.674 -66.4794
6.080000 82.822 -67.6558
6.150000 82.947 -68.6625
6.220000 83.069 -69.6438
6.300000 83.204 -70.7362
6.400000 83.366 -72.0664
6.500000 83.522 -73.3585
6.600000 83.675 -74.6104
6.700000 83.825 -75.8229
6.800000 83.970 -77.0022
6.900000 84.113 -78.1550
7.000000 84.254 -79.2856
7.100000 84.393 -80.3945
7.200000 84.529 -81.4857
7.300000 84.663 -82.5651
7.400000 84.794 -83.6367
7.500000 84.922 -84.7003
7.620000 85.070 -85.9655
7.750000 85.225 -87.3254
7.880000 85.371 -88.6771
8.000000 85.500 -89.9098
8.120000 85.621 -91.1237
8.250000 85.744 -92.4208
8.380000 85.859 -93.6887
8.500000 85.957 -94.8264
8.620000 86.049 -95.9354
8.750000 86.142 -97.0981
8.850000 86.210 -97.9614
9.000000 86.305 -99.2094
9.120000 86.378 -100.1671
9.250000 86.453 -101.1629
9.380000 86.525 -102.1186
9.500000 86.590 -102.9691
9.620000 86.654 -103.7911
9.750000 86.721 -104.6519
9.880000 86.783 -105.4871
10.000000 86.832 -106.2379
10.150000 86.886 -107.1516
10.300000 86.934 -108.0427
10.440000 86.975 -108.8564
10.600000 87.019 -109.7676
10.750000 87.059 -110.6063
10.900000 87.099 -111.4319
11.060000 87.139 -112.3008
11.200000 87.173 -113.0526
11.380000 87.216 -114.0108
11.500000 87.242 -114.6457
11.720000 87.287 -115.8016
11.800000 87.302 -116.2196
12.060000 87.345 -117.5645
12.200000 87.364 -118.2753
12.410000 87.389 -119.3159
12.500000 87.401 -119.7486
12.650000 87.424 -120.4502
12.800000 87.447 -121.1239
13.150000 87.504 -122.5795
13.200000 87.513 -122.7756
13.400000 87.551 -123.5369
13.600000 87.595 -124.2800
13.800000 87.646 -125.0259
14.000000 87.701 -125.8007
14.300000 87.787 -127.0490
14.500000 87.840 -127.9478
14.750000 87.892 -129.1250
15.000000 87.925 -130.3224
15.250000 87.936 -131.4777
15.500000 87.929 -132.5318
15.750000 87.912 -133.4457
16.000000 87.897 -134.2059
16.250000 87.893 -134.8385
16.500000 87.905 -135.3910
16.750000 87.934 -135.9240
17.000000 87.975 -136.4872
17.250000 88.020 -137.1049
17.500000 88.063 -137.7755
17.750000 88.098 -138.4734
18.000000 88.124 -139.1657
18.250000 88.143 -139.8234
18.500000 88.160 -140.4321
18.750000 88.178 -140.9971
19.000000 88.200 -141.5370
19.250000 88.228 -142.0804
19.500000 88.259 -142.6509
19.750000 88.290 -143.2628
20.000000 88.316 -143.9177
20.299999 88.338 -144.7448
20.600000 88.345 -145.5854
20.900000 88.336 -146.4003
21.200001 88.315 -147.1503
21.400000 88.295 -147.5975
21.799999 88.252 -148.3383
22.000000 88.234 -148.6305
22.400000 88.217 -149.0958
22.700001 88.227 -149.4070
23.000000 88.258 -149.7651
23.299999 88.302 -150.2313
23.600000 88.347 -150.8313
24.000000 88.389 -151.7937
24.299999 88.397 -152.5497
24.700001 88.382 -153.4535
25.000000 88.364 -153.9909
25.400000 88.353 -154.5363
25.799999 88.373 -155.0192
26.200001 88.414 -155.6010
26.500000 88.443 -156.1411
26.900000 88.462 -156.9403
27.200001 88.457 -157.5148
27.600000 88.433 -158.1349
28.000000 88.411 -158.5557
28.500000 88.416 -158.9377
29.000000 88.452 -159.4083
29.500000 88.484 -160.0695
30.000000 88.487 -160.7936
30.400000 88.473 -161.3051
30.700001 88.462 -161.6335
31.100000 88.454 -162.0376
31.500000 88.452 -162.4661
32.000000 88.446 -163.0800
32.500000 88.423 -163.7195
33.000000 88.385 -164.2814
33.500000 88.347 -164.7324
34.000000 88.319 -165.1091
34.500000 88.301 -165.4454
35.000000 88.298 -165.7642
35.500000 88.311 -166.1241
36.000000 88.333 -166.6021
36.500000 88.345 -167.1957
37.000000 88.336 -167.7917
37.500000 88.317 -168.2766
38.200001 88.310 -168.8228
38.700001 88.317 -169.2737
39.500000 88.301 -170.0952
40.000000 88.273 -170.5022
40.599998 88.248 -170.8392
41.200001 88.244 -171.1606
41.799999 88.242 -171.5527
42.500000 88.230 -172.0170
43.099998 88.219 -172.3828
43.700001 88.208 -172.7528
44.400002 88.189 -173.1675
45.000000 88.176 -173.4775
45.500000 88.173 -173.7515
46.200001 88.168 -174.2456
46.799999 88.146 -174.7128
47.500000 88.107 -175.1512
48.200001 88.080 -175.4958
48.700001 88.069 -175.7717
49.400002 88.050 -176.2241
50.000000 88.025 -176.6009
50.799999 87.992 -177.0218
51.500000 87.972 -177.3695
52.200001 87.955 -177.7467
53.000000 87.930 -178.1931
53.799999 87.900 -178.6152
54.500000 87.874 -178.9583
55.200001 87.847 -179.2859
56.000000 87.818 -179.6377
57.000000 87.788 179.9527
58.000000 87.768 179.4918
59.000000 87.738 178.9628
60.000000 87.692 178.5233
60.799999 87.658 178.2744
61.500000 87.633 178.0928
62.200001 87.613 177.9371
63.000000 87.600 177.7646
64.000000 87.593 177.4416
65.000000 87.574 177.0214
66.000000 87.544 176.6268
67.000000 87.519 176.2423
68.000000 87.492 175.7906
69.000000 87.447 175.3685
70.000000 87.403 175.1043
71.000000 87.373 174.8781
72.000000 87.345 174.6450
73.000000 87.319 174.4129
74.000000 87.292 174.1477
75.000000 87.261 173.8776
76.199997 87.224 173.5650
77.500000 87.186 173.1854
78.800003 87.140 172.7982
80.000000 87.093 172.5100
81.199997 87.052 172.2963
82.500000 87.017 172.0219
83.800003 86.977 171.7280
85.000000 86.941 171.4634
86.199997 86.905 171.1774
87.500000 86.860 170.8763
88.500000 86.821 170.7028
90.000000 86.772 170.4907
91.199997 86.733 170.3008
92.500000 86.692 170.0773
93.800003 86.651 169.8097
95.000000 86.609 169.5517
96.199997 86.565 169.3264
97.500000 86.523 169.1390
98.800003 86.483 168.9537
100.000000 86.443 168.7959
101.500000 86.391 168.6176
103.000000 86.338 168.4410
104.400002 86.293 168.2746
106.000000 86.238 168.0177
107.500000 86.182 167.8654
109.000000 86.138 167.7177
110.599998 86.082 167.5153
112.000000 86.031 167.4075
113.800003 85.976 167.2734
115.000000 85.943 167.1799
117.199997 85.877 167.0309
118.000000 85.854 167.0254
120.599998 85.792 166.8616
122.000000 85.744 166.7489
124.099998 85.675 166.6668
125.000000 85.648 166.6457
126.500000 85.609 166.6249
128.000000 85.573 166.5748
131.500000 85.479 166.3475
132.000000 85.465 166.3049
134.000000 85.412 166.1582
136.000000 85.373 166.1177
138.000000 85.348 166.0830
140.000000 85.314 165.9982
143.000000 85.239 165.8640
145.000000 85.183 165.7661
147.500000 85.113 165.6623
150.000000 85.043 165.5963
152.500000 84.975 165.5716
155.000000 84.908 165.5435
157.500000 84.840 165.5677
160.000000 84.769 165.6354
162.500000 84.689 165.7220
165.000000 84.603 165.8333
167.500000 84.524 166.0197
170.000000 84.458 166.2635
172.500000 84.403 166.5441
175.000000 84.356 166.8000
177.500000 84.315 166.9668
180.000000 84.280 167.1134
182.500000 84.254 167.2711
185.000000 84.233 167.3776
187.500000 84.210 167.4109
190.000000 84.183 167.3885
192.500000 84.150 167.2993
195.000000 84.107 167.1940
197.500000 84.064 167.1057
200.000000 84.017 167.0527
203.000000 83.957 167.0817
206.000000 83.895 167.0785
209.000000 83.841 166.9808
212.000000 83.792 166.9259
214.000000 83.759 166.9654
218.000000 83.689 167.0742
220.000000 83.653 167.1187
224.000000 83.584 167.2367
227.000000 83.532 167.3440
230.000000 83.478 167.4485
233.000000 83.426 167.5734
236.000000 83.376 167.7050
240.000000 83.311 167.8657
243.000000 83.263 168.0108
247.000000 83.200 168.2532
250.000000 83.153 168.4315
254.000000 83.087 168.6710
258.000000 83.023 168.9387
262.000000 82.971 169.2496
265.000000 82.937 169.4856
269.000000 82.897 169.7902
272.000000 82.873 170.0215
276.000000 82.844 170.2948
280.000000 82.809 170.4539
285.000000 82.761 170.5640
290.000000 82.708 170.6960
295.000000 82.652 170.8510
300.000000 82.594 171.0641
304.000000 82.546 171.2273
307.000000 82.509 171.3524
311.000000 82.460 171.5486
315.000000 82.413 171.7696
320.000000 82.356 172.0242
325.000000 82.300 172.2964
330.000000 82.246 172.5648
335.000000 82.193 172.8289
340.000000 82.142 173.1244
345.000000 82.095 173.4108
350.000000 82.045 173.7169
355.000000 81.992 174.0049
360.000000 81.942 174.2819
365.000000 81.894 174.6021
370.000000 81.848 174.9202
375.000000 81.803 175.2617
382.000000 81.746 175.6823
387.000000 81.707 175.9819
395.000000 81.646 176.4996
400.000000 81.611 176.8157
406.000000 81.568 177.1970
412.000000 81.523 177.5895
418.000000 81.480 177.9985
425.000000 81.431 178.4584
431.000000 81.392 178.8726
437.000000 81.358 179.2827
444.000000 81.316 179.7509
450.000000 81.282 -179.8492
455.000000 81.257 -179.5331
462.000000 81.223 -179.1175
468.000000 81.194 -178.7564
475.000000 81.159 -178.3196
482.000000 81.122 -177.8732
487.000000 81.097 -177.5519
494.000000 81.061 -177.1152
500.000000 81.029 -176.7292
508.000000 80.988 -176.2027
515.000000 80.957 -175.7538
522.000000 80.927 -175.2975
530.000000 80.893 -174.7732
538.000000 80.859 -174.2534
545.000000 80.831 -173.7880
552.000000 80.805 -173.3212
560.000000 80.773 -172.7806
570.000000 80.737 -172.0987
580.000000 80.704 -171.4166
590.000000 80.670 -170.7324
600.000000 80.641 -170.0381
608.000000 80.621 -169.4729
615.000000 80.606 -168.9687
622.000000 80.592 -168.4727
630.000000 80.572 -167.9228
640.000000 80.547 -167.1964
650.000000 80.531 -166.4257
660.000000 80.518 -165.6727
670.000000 80.510 -164.9118
680.000000 80.506 -164.1382
690.000000 80.504 -163.3679
700.000000 80.507 -162.6111
710.000000 80.516 -161.8845
720.000000 80.528 -161.1757
730.000000 80.540 -160.4696
740.000000 80.555 -159.7631
750.000000 80.571 -159.0767
762.000000 80.590 -158.2888
775.000000 80.615 -157.4306
788.000000 80.642 -156.5536
800.000000 80.672 -155.7515
812.000000 80.707 -154.9603
825.000000 80.735 -154.0877
838.000000 80.764 -153.2132
850.000000 80.801 -152.4080
862.000000 80.844 -151.6158
875.000000 80.895 -150.7618
885.000000 80.938 -150.1068
900.000000 81.006 -149.1506
912.000000 81.066 -148.4084
925.000000 81.135 -147.6187
938.000000 81.209 -146.8394
950.000000 81.283 -146.1450
962.000000 81.359 -145.4833
975.000000 81.448 -144.7637
988.000000 81.545 -144.0414
1000.000000 81.636 -143.4410
1015.000000 81.746 -142.7169
1030.000000 81.852 -142.1036
1044.000000 81.964 -141.5679
1060.000000 82.097 -140.9611
1075.000000 82.223 -140.4461
1090.000000 82.347 -139.9733
1106.000000 82.479 -139.5080
1120.000000 82.595 -139.1393
1138.000000 82.743 -138.7245
1150.000000 82.842 -138.4781
1172.000000 83.020 -138.0753
1180.000000 83.084 -137.9450
1206.000000 83.291 -137.5769
1220.000000 83.401 -137.4087
1241.000000 83.563 -137.1893
1250.000000 83.631 -137.1050
1265.000000 83.745 -136.9829
1280.000000 83.859 -136.8761
1315.000000 84.120 -136.6772
1320.000000 84.157 -136.6543
1340.000000 84.303 -136.5708
1360.000000 84.447 -136.5062
1380.000000 84.590 -136.4564
1400.000000 84.734 -136.4219
1430.000000 84.952 -136.4085
1450.000000 85.099 -136.4155
1475.000000 85.285 -136.4538
1500.000000 85.473 -136.5426
1525.000000 85.662 -136.6777
1550.000000 85.852 -136.8495
1575.000000 86.043 -137.0581
1600.000000 86.235 -137.3087
1625.000000 86.427 -137.6078
1650.000000 86.621 -137.9565
1675.000000 86.817 -138.3695
1700.000000 87.014 -138.8480
1725.000000 87.213 -139.3950
1750.000000 87.413 -140.0068
1775.000000 87.614 -140.6919
1800.000000 87.813 -141.4570
1825.000000 88.010 -142.3008
1850.000000 88.205 -143.2300
1875.000000 88.397 -144.2440
1900.000000 88.584 -145.3381
1925.000000 88.765 -146.5195
1950.000000 88.940 -147.7951
1975.000000 89.106 -149.1597
2000.000000 89.262 -150.6127
2030.000000 89.437 -152.4705
2060.000000 89.592 -154.4368
2090.000000 89.725 -156.4952
2120.000000 89.835 -158.6356
2140.000000 89.894 -160.0979
2180.000000 89.977 -163.0722
2200.000000 90.001 -164.5765
2240.000000 90.011 -167.5735
2270.000000 89.985 -169.7893
2300.000000 89.931 -171.9591
2330.000000 89.853 -174.0588
2360.000000 89.752 -176.0702
2400.000000 89.583 -178.5911
2430.000000 89.435 179.6600
2470.000000 89.216 177.5309
2500.000000 89.043 176.0984
2540.000000 88.811 174.3799
2580.000000 88.579 172.8404
2620.000000 88.340 171.4683
2650.000000 88.155 170.5607
2690.000000 87.907 169.5312
2720.000000 87.726 168.8834
2760.000000 87.488 168.2003
2800.000000 87.259 167.9405
2850.000000 87.004 168.2266
2900.000000 86.743 168.3497
2950.000000 86.498 168.3596
3000.000000 86.271 168.4586
3040.000000 86.096 168.6218
3070.000000 85.970 168.7810
3110.000000 85.811 169.0262
3150.000000 85.657 169.3043
3200.000000 85.466 169.7155
3250.000000 85.277 170.2319
3300.000000 85.100 170.8391
3350.000000 84.935 171.5227
3400.000000 84.778 172.2844
3450.000000 84.632 173.1402
3500.000000 84.501 174.0975
3550.000000 84.395 175.1514
3600.000000 84.317 176.2652
3650.000000 84.265 177.3871
3700.000000 84.229 178.5457
3750.000000 84.208 -179.9595
3820.000000 84.211 -177.3760
3870.000000 84.207 -175.8934
3950.000000 84.220 -173.8975
4000.000000 84.245 -172.6721
4060.000000 84.292 -171.1963
4120.000000 84.357 -169.7028
4180.000000 84.440 -168.2028
4250.000000 84.560 -166.4660
4310.000000 84.683 -165.0000
4370.000000 84.825 -163.5654
4440.000000 85.017 -161.9317
4500.000000 85.205 -160.5680
4550.000000 85.378 -159.4719
4620.000000 85.646 -158.0124
4680.000000 85.901 -156.8441
4750.000000 86.228 -155.6049
4820.000000 86.588 -154.5289
4870.000000 86.866 -153.8765
4940.000000 87.278 -153.1485
5000.000000 87.646 -152.7262
5080.000000 88.149 -152.4990
5150.000000 88.607 -152.6644
5220.000000 89.082 -153.2371
5300.000000 89.637 -154.4647
5380.000000 90.184 -156.3674
5450.000000 90.639 -158.6270
5520.000000 91.049 -161.4515
5600.000000 91.435 -165.3209
5700.000000 91.748 -170.9020
5800.000000 91.834 -176.8729
5900.000000 91.688 177.3048
6000.000000 91.343 172.1362
6080.000000 90.964 168.7042
6150.000000 90.587 166.2814
6220.000000 90.191 164.4029
6300.000000 89.746 162.8821
6400.000000 89.234 161.8035
6500.000000 88.785 161.4878
6600.000000 88.404 161.7778
6700.000000 88.096 162.5290
6800.000000 87.867 163.6041
6900.000000 87.721 164.8866
7000.000000 87.661 166.2873
7100.000000 87.691 167.7144
7200.000000 87.818 169.0585
7300.000000 88.053 170.1651
7400.000000 88.399 170.8564
7500.000000 88.854 170.9237
7620.000000 89.541 169.7556
7750.000000 90.405 166.2310
7880.000000 91.235 159.5638
8000.000000 91.725 150.4474
8120.000000 91.701 139.3667
8250.000000 90.973 127.2310
8380.000000 89.624 117.2198
8500.000000 88.058 110.9187
8620.000000 86.397 107.4082
8750.000000 84.648 106.1407
8850.000000 83.388 106.4982
9000.000000 81.663 108.5287
9120.000000 80.424 111.0590
9250.000000 79.217 114.4344
9380.000000 78.138 118.2905
9500.000000 77.245 122.1543
9620.000000 76.441 126.2364
9750.000000 75.659 130.8626
9880.000000 74.961 135.6635
10000.000000 74.386 140.2201
10150.000000 73.764 146.0649
10300.000000 73.237 152.0670
10440.000000 72.822 157.7578
10600.000000 72.436 164.2983
10750.000000 72.157 170.4474
10900.000000 71.960 176.6152
11060.000000 71.848 -176.8085
11200.000000 71.832 -171.0845
11380.000000 71.919 -163.8010
11500.000000 72.043 -158.9963
11720.000000 72.410 -150.2980
11800.000000 72.590 -147.1883
12060.000000 73.380 -137.3639
12200.000000 73.970 -132.3387
12410.000000 75.129 -125.4260
12500.000000 75.746 -122.8207
12650.000000 76.967 -119.2576
12800.000000 78.464 -117.2117
13150.000000 82.727 -124.8397
13200.000000 83.288 -128.0103
13400.000000 84.809 -145.7758
13600.000000 84.596 -166.8359
13800.000000 82.802 176.7646
14000.000000 80.327 168.3947
14300.000000 76.777 167.9950
14500.000000 74.926 173.8315
14750.000000 73.495 -176.1255
15000.000000 72.783 -166.1494
15250.000000 72.593 -156.5041
15500.000000 72.983 -147.7537
15750.000000 74.012 -141.6198
16000.000000 75.549 -140.4215
16250.000000 77.142 -145.6241
16500.000000 78.133 -156.6074
16750.000000 78.066 -170.2641
17000.000000 76.941 177.6589
17250.000000 75.147 170.0336
17500.000000 73.155 167.4282
17750.000000 71.282 168.9880
18000.000000 69.655 173.4615
18250.000000 68.294 179.7785
18500.000000 67.207 -172.7753
18750.000000 66.435 -164.7173
19000.000000 66.026 -156.5439
19250.000000 65.995 -148.8870
19500.000000 66.296 -142.6345
19750.000000 66.782 -138.8783
20000.000000 67.135 -138.0812
