* Measurement data measured by REW V5.31.3
* Source: Headset (Odo By VECLAN.COM), MICROPHONE (Master Volume), R, volume: 0.250
* Format: 1M Log Swept Sine, 1 sweep at -12.0 dBFS with no timing reference
* Dated: 04 27, 25 8:14:44 PM
* REW Settings:
*  C-weighting compensation: Off
*  Target level: 75.0 dB
* Note: ; 
* Measurement: zvx pro m2 r R
* Smoothing: 1/24 octave
* Frequency Step: 1/48 octave
* Start Frequency: 1.000 Hz
*
* Freq(Hz) SPL(dB) Phase(degrees)
1.000000 45.322 -129.5156
1.015000 45.566 -129.5338
1.030000 45.809 -129.5456
1.044000 46.038 -129.5511
1.060000 46.301 -129.5513
1.075000 46.550 -129.5458
1.090000 46.800 -129.5342
1.106000 47.070 -129.5102
1.120000 47.306 -129.4712
1.138000 47.611 -129.3953
1.150000 47.814 -129.3315
1.172000 48.187 -129.1955
1.180000 48.322 -129.1418
1.206000 48.763 -128.9605
1.220000 49.000 -128.8626
1.241000 49.355 -128.7214
1.250000 49.508 -128.6643
1.265000 49.761 -128.5756
1.280000 50.015 -128.4964
1.315000 50.604 -128.3579
1.320000 50.688 -128.3441
1.340000 51.024 -128.3056
1.360000 51.359 -128.2954
1.380000 51.693 -128.3151
1.400000 52.025 -128.3658
1.430000 52.521 -128.5011
1.450000 52.850 -128.6290
1.475000 53.260 -128.8097
1.500000 53.669 -128.9637
1.525000 54.078 -129.0811
1.550000 54.487 -129.1781
1.575000 54.895 -129.2714
1.600000 55.302 -129.3746
1.625000 55.706 -129.4993
1.650000 56.109 -129.6550
1.675000 56.509 -129.8491
1.700000 56.906 -130.0876
1.725000 57.299 -130.3752
1.750000 57.687 -130.7150
1.775000 58.072 -131.1094
1.800000 58.451 -131.5589
1.825000 58.825 -132.0573
1.850000 59.194 -132.5764
1.875000 59.560 -133.0825
1.900000 59.921 -133.5710
1.925000 60.279 -134.0493
1.950000 60.634 -134.5254
1.975000 60.984 -135.0064
2.000000 61.331 -135.4984
2.030000 61.742 -136.1109
2.060000 62.147 -136.7545
2.090000 62.546 -137.4356
2.120000 62.939 -138.1593
2.140000 63.198 -138.6673
2.180000 63.707 -139.7464
2.200000 63.957 -140.3116
2.240000 64.449 -141.4508
2.270000 64.810 -142.2941
2.300000 65.165 -143.1291
2.330000 65.514 -143.9606
2.360000 65.858 -144.7935
2.400000 66.306 -145.9140
2.430000 66.636 -146.7674
2.470000 67.068 -147.9297
2.500000 67.385 -148.8244
2.540000 67.801 -150.0526
2.580000 68.207 -151.3159
2.620000 68.604 -152.5898
2.650000 68.894 -153.5432
2.690000 69.273 -154.8095
2.720000 69.551 -155.7561
2.760000 69.914 -157.0159
2.800000 70.268 -158.2755
2.850000 70.699 -159.8553
2.900000 71.118 -161.4485
2.950000 71.526 -163.0607
3.000000 71.920 -164.6862
3.040000 72.226 -165.9878
3.070000 72.450 -166.9613
3.110000 72.741 -168.2530
3.150000 73.026 -169.5354
3.200000 73.372 -171.1241
3.250000 73.708 -172.6973
3.300000 74.034 -174.2605
3.350000 74.350 -175.8256
3.400000 74.654 -177.3942
3.450000 74.948 -178.9565
3.500000 75.232 179.4973
3.550000 75.507 177.9744
3.600000 75.774 176.4797
3.650000 76.033 175.0135
3.700000 76.284 173.5644
3.750000 76.526 172.1195
3.820000 76.850 170.1107
3.870000 77.072 168.6977
3.950000 77.414 166.4957
4.000000 77.620 165.1638
4.060000 77.860 163.6049
4.120000 78.090 162.0692
4.180000 78.310 160.5540
4.250000 78.557 158.8238
4.310000 78.762 157.3835
4.370000 78.961 155.9897
4.440000 79.187 154.4178
4.500000 79.373 153.1032
4.550000 79.524 152.0284
4.620000 79.729 150.5578
4.680000 79.901 149.3325
4.750000 80.098 147.9475
4.820000 80.291 146.6088
4.870000 80.426 145.6765
4.940000 80.611 144.4003
5.000000 80.767 143.3307
5.080000 80.972 141.9362
5.150000 81.150 140.7448
5.220000 81.326 139.5807
5.300000 81.524 138.2795
5.380000 81.719 137.0010
5.450000 81.888 135.8944
5.520000 82.055 134.7961
5.600000 82.243 133.5527
5.700000 82.475 132.0154
5.800000 82.701 130.4895
5.900000 82.921 128.9658
6.000000 83.135 127.4417
6.080000 83.302 126.2262
6.150000 83.443 125.1682
6.220000 83.580 124.1152
6.300000 83.732 122.9135
6.400000 83.913 121.4129
6.500000 84.086 119.9274
6.600000 84.250 118.4683
6.700000 84.405 117.0287
6.800000 84.551 115.6072
6.900000 84.689 114.2185
7.000000 84.820 112.8707
7.100000 84.943 111.5566
7.200000 85.059 110.2758
7.300000 85.171 109.0361
7.400000 85.279 107.8400
7.500000 85.382 106.6820
7.620000 85.502 105.3372
7.750000 85.629 103.9344
7.880000 85.753 102.5839
8.000000 85.866 101.3714
8.120000 85.978 100.1827
8.250000 86.098 98.9199
8.380000 86.216 97.6742
8.500000 86.322 96.5312
8.620000 86.426 95.3943
8.750000 86.534 94.1716
8.850000 86.614 93.2360
9.000000 86.727 91.8403
9.120000 86.812 90.7395
9.250000 86.897 89.5673
9.380000 86.977 88.4164
9.500000 87.046 87.3809
9.620000 87.112 86.3755
9.750000 87.179 85.3184
9.880000 87.238 84.2957
10.000000 87.285 83.3835
10.150000 87.336 82.2803
10.300000 87.382 81.2085
10.440000 87.424 80.2326
10.600000 87.471 79.1336
10.750000 87.515 78.1088
10.900000 87.560 77.0866
11.060000 87.606 75.9931
11.200000 87.643 75.0333
11.380000 87.686 73.8045
11.500000 87.711 72.9911
11.720000 87.748 71.5287
11.800000 87.760 71.0110
12.060000 87.789 69.3894
12.200000 87.803 68.5621
12.410000 87.827 67.3761
12.500000 87.842 66.8848
12.650000 87.873 66.0846
12.800000 87.910 65.2951
13.150000 88.010 63.4382
13.200000 88.025 63.1660
13.400000 88.083 62.0531
13.600000 88.134 60.9044
13.800000 88.176 59.7282
14.000000 88.205 58.5539
14.300000 88.221 56.8584
14.500000 88.217 55.8210
14.750000 88.203 54.6665
15.000000 88.189 53.6800
15.250000 88.186 52.8351
15.500000 88.201 52.0699
15.750000 88.235 51.3160
16.000000 88.283 50.5107
16.250000 88.335 49.6256
16.500000 88.383 48.6672
16.750000 88.417 47.6707
17.000000 88.436 46.6890
17.250000 88.441 45.7675
17.500000 88.439 44.9371
17.750000 88.437 44.2007
18.000000 88.440 43.5384
18.250000 88.452 42.9169
18.500000 88.471 42.3018
18.750000 88.494 41.6727
19.000000 88.516 41.0255
19.250000 88.534 40.3734
19.500000 88.548 39.7365
19.750000 88.558 39.1317
20.000000 88.570 38.5664
20.299999 88.588 37.9294
20.600000 88.614 37.3068
20.900000 88.646 36.6626
21.200001 88.679 35.9745
21.400000 88.699 35.4921
21.799999 88.726 34.5045
22.000000 88.733 34.0214
22.400000 88.736 33.1277
22.700001 88.735 32.5413
23.000000 88.739 32.0213
23.299999 88.751 31.5412
23.600000 88.772 31.0653
24.000000 88.809 30.3830
24.299999 88.837 29.8180
24.700001 88.867 29.0129
25.000000 88.881 28.4055
25.400000 88.890 27.6451
25.799999 88.898 26.9622
26.200001 88.914 26.3177
26.500000 88.933 25.8156
26.900000 88.957 25.0847
27.200001 88.968 24.5021
27.600000 88.968 23.7439
28.000000 88.960 23.0777
28.500000 88.961 22.3698
29.000000 88.989 21.6213
29.500000 89.018 20.6696
30.000000 89.008 19.6261
30.400000 88.970 18.9260
30.700001 88.940 18.5509
31.100000 88.920 18.2150
31.500000 88.939 17.9126
32.000000 89.001 17.3076
32.500000 89.054 16.3647
33.000000 89.062 15.2805
33.500000 89.031 14.3165
34.000000 88.989 13.5729
34.500000 88.958 12.9832
35.000000 88.941 12.4459
35.500000 88.931 11.9114
36.000000 88.926 11.3635
36.500000 88.920 10.7891
37.000000 88.909 10.1891
37.500000 88.889 9.5955
38.200001 88.849 8.8481
38.700001 88.823 8.3762
39.500000 88.790 7.6184
40.000000 88.768 7.1068
40.599998 88.732 6.5032
41.200001 88.695 5.9666
41.799999 88.669 5.4496
42.500000 88.643 4.7542
43.099998 88.606 4.1398
43.700001 88.563 3.6382
44.400002 88.537 3.1163
45.000000 88.525 2.5294
45.500000 88.496 1.9742
46.200001 88.428 1.3813
46.799999 88.390 1.0848
47.500000 88.387 0.6038
48.200001 88.364 -0.1801
48.700001 88.313 -0.7052
49.400002 88.231 -1.1451
50.000000 88.190 -1.3661
50.799999 88.163 -1.7616
51.500000 88.138 -2.1630
52.200001 88.120 -2.5322
53.000000 88.113 -3.0407
53.799999 88.093 -3.6799
54.500000 88.054 -4.2412
55.200001 88.001 -4.7479
56.000000 87.928 -5.2491
57.000000 87.825 -5.7321
58.000000 87.730 -6.0734
59.000000 87.657 -6.4374
60.000000 87.589 -6.9119
60.799999 87.534 -7.3071
61.500000 87.491 -7.6516
62.200001 87.451 -7.9929
63.000000 87.410 -8.3762
64.000000 87.362 -8.8936
65.000000 87.295 -9.3703
66.000000 87.227 -9.6859
67.000000 87.170 -9.9814
68.000000 87.110 -10.3207
69.000000 87.044 -10.6803
70.000000 86.973 -10.9902
71.000000 86.916 -11.2473
72.000000 86.868 -11.6147
73.000000 86.801 -11.9532
74.000000 86.745 -12.1475
75.000000 86.704 -12.4521
76.199997 86.620 -12.9280
77.500000 86.504 -13.1640
78.800003 86.427 -13.2356
80.000000 86.384 -13.5012
81.199997 86.326 -13.8959
82.500000 86.251 -14.2540
83.800003 86.171 -14.5187
85.000000 86.092 -14.7242
86.199997 86.003 -14.8375
87.500000 85.926 -14.8993
88.500000 85.870 -15.0945
90.000000 85.771 -15.3114
91.199997 85.719 -15.4899
92.500000 85.654 -15.8306
93.800003 85.580 -16.0277
95.000000 85.519 -16.1545
96.199997 85.458 -16.2555
97.500000 85.393 -16.3439
98.800003 85.327 -16.4493
100.000000 85.264 -16.5504
101.500000 85.184 -16.6722
103.000000 85.102 -16.7422
104.400002 85.027 -16.7628
106.000000 84.943 -16.7623
107.500000 84.866 -16.8660
109.000000 84.768 -17.0134
110.599998 84.676 -17.0993
112.000000 84.617 -17.2549
113.800003 84.526 -17.5811
115.000000 84.461 -17.5477
117.199997 84.381 -17.5406
118.000000 84.337 -17.6058
120.599998 84.177 -17.5125
122.000000 84.114 -17.5175
124.099998 84.031 -17.6255
125.000000 83.998 -17.6722
126.500000 83.938 -17.7219
128.000000 83.864 -17.6975
131.500000 83.666 -17.3385
132.000000 83.639 -17.2606
134.000000 83.558 -16.9594
136.000000 83.490 -16.9066
138.000000 83.398 -16.9706
140.000000 83.298 -17.0159
143.000000 83.190 -16.9200
145.000000 83.146 -16.8704
147.500000 83.066 -16.8279
150.000000 82.943 -16.8444
152.500000 82.814 -16.7631
155.000000 82.712 -16.6511
157.500000 82.606 -16.5495
160.000000 82.475 -16.5135
162.500000 82.328 -16.5186
165.000000 82.186 -16.4497
167.500000 82.045 -16.2637
170.000000 81.895 -15.9866
172.500000 81.740 -15.7166
175.000000 81.585 -15.4960
177.500000 81.425 -15.2362
180.000000 81.255 -14.8375
182.500000 81.079 -14.3346
185.000000 80.895 -13.7388
187.500000 80.719 -13.0570
190.000000 80.550 -12.3016
192.500000 80.386 -11.4178
195.000000 80.229 -10.4090
197.500000 80.089 -9.2823
200.000000 79.973 -8.0719
203.000000 79.867 -6.5532
206.000000 79.792 -5.0184
209.000000 79.747 -3.5008
212.000000 79.731 -2.0698
214.000000 79.734 -1.1742
218.000000 79.767 0.4762
220.000000 79.793 1.2159
224.000000 79.849 2.5212
227.000000 79.895 3.3445
230.000000 79.940 4.0709
233.000000 79.983 4.7195
236.000000 80.022 5.2850
240.000000 80.066 5.9398
243.000000 80.093 6.4020
247.000000 80.117 6.9633
250.000000 80.130 7.3319
254.000000 80.140 7.8026
258.000000 80.142 8.2678
262.000000 80.139 8.7146
265.000000 80.133 9.0421
269.000000 80.122 9.4795
272.000000 80.109 9.8028
276.000000 80.088 10.2336
280.000000 80.067 10.6703
285.000000 80.035 11.2229
290.000000 80.002 11.7904
295.000000 79.967 12.3764
300.000000 79.931 12.9539
304.000000 79.903 13.4200
307.000000 79.881 13.7720
311.000000 79.851 14.2463
315.000000 79.820 14.7261
320.000000 79.786 15.3198
325.000000 79.755 15.8970
330.000000 79.718 16.4779
335.000000 79.676 17.0908
340.000000 79.631 17.7242
345.000000 79.592 18.3981
350.000000 79.551 19.0788
355.000000 79.511 19.7096
360.000000 79.477 20.3142
365.000000 79.445 20.9490
370.000000 79.411 21.5998
375.000000 79.377 22.2589
382.000000 79.329 23.1771
387.000000 79.296 23.8236
395.000000 79.248 24.8529
400.000000 79.220 25.5243
406.000000 79.189 26.3533
412.000000 79.162 27.1590
418.000000 79.141 27.9350
425.000000 79.118 28.8363
431.000000 79.094 29.6128
437.000000 79.066 30.3753
444.000000 79.034 31.2494
450.000000 79.008 32.0099
455.000000 78.988 32.6347
462.000000 78.963 33.4689
468.000000 78.942 34.1996
475.000000 78.916 35.0872
482.000000 78.887 35.9716
487.000000 78.869 36.5962
494.000000 78.847 37.4622
500.000000 78.830 38.2105
508.000000 78.809 39.2049
515.000000 78.790 40.0681
522.000000 78.770 40.9410
530.000000 78.750 41.9391
538.000000 78.731 42.9199
545.000000 78.714 43.7768
552.000000 78.698 44.6456
560.000000 78.681 45.6383
570.000000 78.666 46.8499
580.000000 78.651 48.0620
590.000000 78.634 49.2739
600.000000 78.622 50.4771
608.000000 78.616 51.4218
615.000000 78.611 52.2216
622.000000 78.606 52.9879
630.000000 78.590 53.8169
640.000000 78.545 54.8822
650.000000 78.497 56.2302
660.000000 78.483 57.7032
670.000000 78.490 59.0567
680.000000 78.500 60.3218
690.000000 78.511 61.5589
700.000000 78.523 62.7804
710.000000 78.535 63.9910
720.000000 78.547 65.1936
730.000000 78.560 66.3956
740.000000 78.575 67.5804
750.000000 78.593 68.7619
762.000000 78.613 70.1936
775.000000 78.636 71.7404
788.000000 78.666 73.2765
800.000000 78.697 74.6898
812.000000 78.730 76.0977
825.000000 78.768 77.6079
838.000000 78.808 79.1084
850.000000 78.847 80.4901
862.000000 78.888 81.8650
875.000000 78.938 83.3323
885.000000 78.982 84.4479
900.000000 79.054 86.0945
912.000000 79.116 87.3935
925.000000 79.187 88.7809
938.000000 79.261 90.1457
950.000000 79.335 91.3848
962.000000 79.412 92.5997
975.000000 79.499 93.8834
988.000000 79.589 95.1301
1000.000000 79.673 96.2575
1015.000000 79.780 97.6309
1030.000000 79.889 98.9547
1044.000000 79.993 100.1513
1060.000000 80.113 101.4692
1075.000000 80.226 102.6549
1090.000000 80.339 103.7969
1106.000000 80.459 104.9630
1120.000000 80.565 105.9410
1138.000000 80.701 107.1532
1150.000000 80.791 107.9349
1172.000000 80.952 109.3073
1180.000000 81.009 109.7855
1206.000000 81.193 111.2826
1220.000000 81.290 112.0536
1241.000000 81.427 113.1772
1250.000000 81.483 113.6525
1265.000000 81.576 114.4292
1280.000000 81.668 115.1900
1315.000000 81.884 116.9002
1320.000000 81.914 117.1374
1340.000000 82.024 118.0937
1360.000000 82.126 119.0418
1380.000000 82.230 119.9727
1400.000000 82.333 120.8992
1430.000000 82.484 122.2787
1450.000000 82.584 123.1924
1475.000000 82.706 124.3259
1500.000000 82.823 125.4601
1525.000000 82.937 126.5911
1550.000000 83.052 127.7048
1575.000000 83.166 128.8084
1600.000000 83.277 129.9127
1625.000000 83.385 131.0461
1650.000000 83.492 132.2333
1675.000000 83.605 133.4918
1700.000000 83.733 134.8182
1725.000000 83.885 136.1516
1750.000000 84.061 137.3747
1775.000000 84.248 138.3909
1800.000000 84.427 139.2003
1825.000000 84.588 139.8871
1850.000000 84.732 140.5284
1875.000000 84.860 141.1842
1900.000000 84.978 141.8843
1925.000000 85.090 142.6467
1950.000000 85.200 143.4846
1975.000000 85.312 144.4041
2000.000000 85.438 145.4138
2030.000000 85.620 146.7090
2060.000000 85.846 147.9619
2090.000000 86.106 148.9962
2120.000000 86.380 149.7255
2140.000000 86.561 150.0533
2180.000000 86.905 150.4092
2200.000000 87.065 150.4738
2240.000000 87.355 150.4456
2270.000000 87.549 150.3272
2300.000000 87.725 150.1669
2330.000000 87.887 149.9773
2360.000000 88.039 149.7567
2400.000000 88.225 149.4055
2430.000000 88.352 149.1041
2470.000000 88.508 148.6702
2500.000000 88.613 148.3378
2540.000000 88.732 147.8963
2580.000000 88.828 147.4727
2620.000000 88.919 147.0741
2650.000000 88.990 146.7749
2690.000000 89.082 146.3195
2720.000000 89.145 145.9102
2760.000000 89.214 145.2807
2800.000000 89.261 144.5990
2850.000000 89.286 143.7318
2900.000000 89.272 142.9063
2950.000000 89.220 142.1679
3000.000000 89.141 141.5439
3040.000000 89.061 141.1456
3070.000000 88.994 140.9156
3110.000000 88.895 140.7029
3150.000000 88.789 140.5934
3200.000000 88.645 140.5840
3250.000000 88.490 140.6968
3300.000000 88.327 140.9086
3350.000000 88.160 141.2119
3400.000000 87.992 141.5988
3450.000000 87.824 142.0730
3500.000000 87.661 142.6278
3550.000000 87.505 143.2613
3600.000000 87.353 143.9699
3650.000000 87.208 144.7422
3700.000000 87.066 145.5695
3750.000000 86.928 146.4350
3820.000000 86.744 147.6818
3870.000000 86.625 148.5955
3950.000000 86.450 150.1237
4000.000000 86.350 151.1180
4060.000000 86.238 152.3415
4120.000000 86.138 153.5892
4180.000000 86.048 154.8492
4250.000000 85.953 156.3085
4310.000000 85.878 157.5510
4370.000000 85.809 158.7841
4440.000000 85.735 160.1968
4500.000000 85.674 161.3796
4550.000000 85.626 162.3479
4620.000000 85.559 163.6879
4680.000000 85.498 164.8206
4750.000000 85.418 166.1302
4820.000000 85.318 167.4484
4870.000000 85.228 168.4812
4940.000000 85.088 170.5215
5000.000000 85.078 173.2108
5080.000000 85.323 175.6093
5150.000000 85.429 175.9176
5220.000000 85.384 176.2698
5300.000000 85.290 177.1247
5380.000000 85.205 178.2259
5450.000000 85.141 179.2598
5520.000000 85.077 -179.6765
5600.000000 85.001 -178.4384
5700.000000 84.917 -176.8745
5800.000000 84.850 -175.2943
5900.000000 84.800 -173.7052
6000.000000 84.768 -172.0860
6080.000000 84.752 -170.7778
6150.000000 84.747 -169.6467
6220.000000 84.752 -168.5415
6300.000000 84.778 -167.3147
6400.000000 84.849 -165.8367
6500.000000 84.955 -164.4245
6600.000000 85.089 -163.0874
6700.000000 85.248 -161.8419
6800.000000 85.430 -160.7142
6900.000000 85.636 -159.7213
7000.000000 85.864 -158.8958
7100.000000 86.115 -158.2723
7200.000000 86.389 -157.8806
7300.000000 86.689 -157.7777
7400.000000 87.013 -158.0562
7500.000000 87.355 -158.8139
7620.000000 87.769 -160.4852
7750.000000 88.182 -163.3881
7880.000000 88.493 -167.4940
8000.000000 88.605 -172.2535
8120.000000 88.471 -177.5309
8250.000000 88.041 176.8581
8380.000000 87.361 172.0453
8500.000000 86.577 168.7022
8620.000000 85.712 166.5359
8750.000000 84.748 165.4359
8850.000000 84.019 165.3401
9000.000000 82.979 166.1740
9120.000000 82.206 167.5328
9250.000000 81.440 169.5565
9380.000000 80.751 172.0303
9500.000000 80.186 174.5881
9620.000000 79.686 177.3125
9750.000000 79.217 -179.6185
9880.000000 78.821 -176.4822
10000.000000 78.524 -173.5810
10150.000000 78.253 -170.0000
10300.000000 78.080 -166.5157
10440.000000 77.995 -163.3936
10600.000000 77.983 -160.0491
10750.000000 78.046 -157.1915
10900.000000 78.176 -154.6701
11060.000000 78.380 -152.4438
11200.000000 78.604 -150.9462
11380.000000 78.935 -149.7059
11500.000000 79.175 -149.3676
11720.000000 79.624 -149.7795
11800.000000 79.790 -150.2544
12060.000000 80.287 -153.2440
12200.000000 80.482 -155.6774
12410.000000 80.618 -160.2301
12500.000000 80.600 -162.4144
12650.000000 80.443 -166.0347
12800.000000 80.126 -169.0847
13150.000000 78.999 -172.0357
13200.000000 78.829 -171.9842
13400.000000 78.209 -170.8339
13600.000000 77.752 -168.6376
13800.000000 77.499 -165.9463
14000.000000 77.459 -163.2336
14300.000000 77.815 -160.0490
14500.000000 78.365 -159.1858
14750.000000 79.490 -161.1493
15000.000000 80.681 -170.2791
15250.000000 80.933 174.5815
15500.000000 79.955 158.5894
15750.000000 77.943 146.1076
16000.000000 75.352 139.2132
16250.000000 72.581 139.5745
16500.000000 70.409 148.5679
16750.000000 69.537 158.2782
17000.000000 69.231 163.8487
17250.000000 68.966 167.6646
17500.000000 68.733 171.0935
17750.000000 68.595 174.2324
18000.000000 68.583 176.8374
18250.000000 68.707 178.7183
18500.000000 68.968 179.4228
18750.000000 69.307 178.3926
19000.000000 69.630 175.2776
19250.000000 69.806 169.9273
19500.000000 69.701 162.6443
19750.000000 69.286 154.4655
20000.000000 68.873 147.9651
