* Measurement data measured by REW V5.31.3
* Source: Analog 1/2 (E2x2), LINE_IN (Master Volume), L, volume: 1.000. Timing signal peak level -36.3 dBFS, measurement signal peak level -36.4 dBFS
* Format: 2M Log Swept Sine, 1 sweep at -26.9 dBFS using an acoustic timing reference
* Dated: Apr 13, 2025 3:44:54 PM
* REW Settings:
*  C-weighting compensation: Off
*  Target level: 85.0 dB
* Note: ; Fosi DS1 & E2x2 Delay -0.0184 ms (-6.3 mm, -0.25 in) using estimated IR delay relative to Acoustic reference played from SPEAKER L with no timing offset Clock adjustment: -28.7 ppm
* Measurement: L1
* Smoothing: 1/24 octave
* Frequency Step: 1/48 octave
* Start Frequency: 1.000 Hz
*
* Freq(Hz), SPL(dB), Phase(degrees)
1.000000, 47.412, -34.3739
1.015000, 47.448, -30.4752
1.030000, 47.496, -27.0192
1.044000, 47.551, -24.1415
1.060000, 47.627, -21.2090
1.075000, 47.709, -18.7579
1.090000, 47.804, -16.5524
1.106000, 47.921, -14.4103
1.120000, 48.046, -12.6524
1.138000, 48.240, -10.5070
1.150000, 48.390, -9.1404
1.172000, 48.701, -6.8465
1.180000, 48.826, -6.1417
1.206000, 49.265, -3.9667
1.220000, 49.521, -2.8684
1.241000, 49.925, -1.3089
1.250000, 50.105, -0.6710
1.265000, 50.412, 0.3536
1.280000, 50.725, 1.3325
1.315000, 51.469, 3.4510
1.320000, 51.576, 3.7358
1.340000, 52.001, 4.8333
1.360000, 52.419, 5.8708
1.380000, 52.824, 6.7200
1.400000, 53.212, 7.4630
1.430000, 53.751, 8.4772
1.450000, 54.076, 9.0911
1.475000, 54.441, 9.8094
1.500000, 54.779, 10.5176
1.525000, 55.098, 11.2321
1.550000, 55.402, 11.9485
1.575000, 55.692, 12.5891
1.600000, 55.969, 13.0911
1.625000, 56.236, 13.5802
1.650000, 56.493, 14.0523
1.675000, 56.743, 14.5041
1.700000, 56.986, 14.9329
1.725000, 57.225, 15.3361
1.750000, 57.461, 15.7124
1.775000, 57.695, 16.0068
1.800000, 57.929, 16.1670
1.825000, 58.164, 16.3014
1.850000, 58.398, 16.4183
1.875000, 58.628, 16.5341
1.900000, 58.852, 16.6537
1.925000, 59.072, 16.7770
1.950000, 59.288, 16.9042
1.975000, 59.499, 16.9828
2.000000, 59.707, 16.9626
2.030000, 59.951, 16.9413
2.060000, 60.191, 16.9148
2.090000, 60.428, 16.8807
2.120000, 60.661, 16.8368
2.140000, 60.815, 16.8007
2.180000, 61.121, 16.6583
2.200000, 61.272, 16.5298
2.240000, 61.570, 16.2681
2.270000, 61.789, 16.0748
2.300000, 62.005, 15.8858
2.330000, 62.216, 15.7017
2.360000, 62.424, 15.5211
2.400000, 62.697, 15.1678
2.430000, 62.899, 14.8901
2.470000, 63.164, 14.5236
2.500000, 63.361, 14.2504
2.540000, 63.620, 13.8865
2.580000, 63.877, 13.4824
2.620000, 64.129, 13.0002
2.650000, 64.315, 12.6453
2.690000, 64.559, 12.1801
2.720000, 64.740, 11.8382
2.760000, 64.978, 11.3958
2.800000, 65.213, 10.8754
2.850000, 65.502, 10.2268
2.900000, 65.787, 9.5950
2.950000, 66.068, 8.9785
3.000000, 66.344, 8.3066
3.040000, 66.562, 7.7550
3.070000, 66.723, 7.3490
3.110000, 66.935, 6.8182
3.150000, 67.145, 6.2999
3.200000, 67.405, 5.6123
3.250000, 67.662, 4.9167
3.300000, 67.918, 4.2407
3.350000, 68.170, 3.5874
3.400000, 68.420, 2.8965
3.450000, 68.667, 2.2008
3.500000, 68.911, 1.5233
3.550000, 69.153, 0.8635
3.600000, 69.393, 0.1728
3.650000, 69.632, -0.5229
3.700000, 69.870, -1.2019
3.750000, 70.106, -1.8615
3.820000, 70.433, -2.8177
3.870000, 70.665, -3.4980
3.950000, 71.033, -4.5660
4.000000, 71.262, -5.2585
4.060000, 71.535, -6.0968
4.120000, 71.806, -6.9157
4.180000, 72.076, -7.7273
4.250000, 72.388, -8.7094
4.310000, 72.653, -9.5432
4.370000, 72.916, -10.3811
4.440000, 73.219, -11.4000
4.500000, 73.477, -12.2651
4.550000, 73.690, -12.9780
4.620000, 73.985, -14.0050
4.680000, 74.235, -14.8905
4.750000, 74.522, -15.9239
4.820000, 74.805, -16.9920
4.870000, 75.004, -17.7592
4.940000, 75.280, -18.8260
5.000000, 75.512, -19.7534
5.080000, 75.815, -20.9991
5.150000, 76.073, -22.0853
5.220000, 76.326, -23.1965
5.300000, 76.608, -24.4704
5.380000, 76.882, -25.7344
5.450000, 77.116, -26.8500
5.520000, 77.342, -27.9516
5.600000, 77.594, -29.2174
5.700000, 77.896, -30.8057
5.800000, 78.186, -32.3644
5.900000, 78.463, -33.9014
6.000000, 78.727, -35.4207
6.080000, 78.930, -36.6295
6.150000, 79.101, -37.6578
6.220000, 79.266, -38.6729
6.300000, 79.449, -39.8071
6.400000, 79.667, -41.1984
6.500000, 79.876, -42.5576
6.600000, 80.075, -43.8599
6.700000, 80.266, -45.1230
6.800000, 80.447, -46.3438
6.900000, 80.622, -47.5231
7.000000, 80.791, -48.6465
7.100000, 80.954, -49.7303
7.200000, 81.110, -50.7689
7.300000, 81.263, -51.7666
7.400000, 81.411, -52.7155
7.500000, 81.556, -53.6286
7.620000, 81.725, -54.6718
7.750000, 81.905, -55.7401
7.880000, 82.081, -56.7562
8.000000, 82.242, -57.6453
8.120000, 82.401, -58.4980
8.250000, 82.573, -59.3820
8.380000, 82.743, -60.2316
8.500000, 82.901, -60.9950
8.620000, 83.059, -61.7366
8.750000, 83.230, -62.5271
8.850000, 83.361, -63.1334
9.000000, 83.559, -64.0336
9.120000, 83.716, -64.7583
9.250000, 83.886, -65.5536
9.380000, 84.055, -66.3568
9.500000, 84.209, -67.1145
9.620000, 84.362, -67.8861
9.750000, 84.523, -68.7385
9.880000, 84.673, -69.6096
10.000000, 84.797, -70.4247
10.150000, 84.936, -71.4828
10.300000, 85.060, -72.5428
10.440000, 85.165, -73.5325
10.600000, 85.275, -74.6537
10.750000, 85.374, -75.6884
10.900000, 85.467, -76.7040
11.060000, 85.560, -77.7729
11.200000, 85.636, -78.7054
11.380000, 85.729, -79.8618
11.500000, 85.788, -80.6046
11.720000, 85.893, -81.9109
11.800000, 85.931, -82.3682
12.060000, 86.058, -83.8096
12.200000, 86.129, -84.5769
12.410000, 86.238, -85.6936
12.500000, 86.285, -86.1626
12.650000, 86.364, -86.9335
12.800000, 86.443, -87.6956
13.150000, 86.629, -89.4851
13.200000, 86.656, -89.7457
13.400000, 86.763, -90.7912
13.600000, 86.869, -91.8430
13.800000, 86.972, -92.9008
14.000000, 87.069, -93.9608
14.300000, 87.200, -95.5674
14.500000, 87.276, -96.6094
14.750000, 87.362, -97.8544
15.000000, 87.440, -99.0197
15.250000, 87.518, -100.1200
15.500000, 87.598, -101.1394
15.750000, 87.681, -102.0974
16.000000, 87.769, -103.0250
16.250000, 87.859, -103.9719
16.500000, 87.948, -104.9337
16.750000, 88.032, -105.9116
17.000000, 88.109, -106.8912
17.250000, 88.178, -107.8626
17.500000, 88.239, -108.7884
17.750000, 88.297, -109.6544
18.000000, 88.355, -110.4684
18.250000, 88.419, -111.2645
18.500000, 88.488, -112.0661
18.750000, 88.562, -112.9046
19.000000, 88.637, -113.8027
19.250000, 88.706, -114.7779
19.500000, 88.763, -115.8018
19.750000, 88.807, -116.8481
20.000000, 88.834, -117.8853
20.299999, 88.849, -119.0937
20.600000, 88.848, -120.2195
20.900000, 88.837, -121.2499
21.200001, 88.818, -122.1906
21.400000, 88.802, -122.7653
21.799999, 88.765, -123.7760
22.000000, 88.747, -124.2119
22.400000, 88.718, -124.9717
22.700001, 88.707, -125.4686
23.000000, 88.703, -125.9449
23.299999, 88.703, -126.4321
23.600000, 88.698, -126.9167
24.000000, 88.677, -127.4799
24.299999, 88.653, -127.7673
24.700001, 88.631, -127.8903
25.000000, 88.639, -127.8156
25.400000, 88.699, -127.6606
25.799999, 88.808, -127.6455
26.200001, 88.936, -127.9024
26.500000, 89.025, -128.2516
26.900000, 89.123, -128.8089
27.200001, 89.184, -129.2254
27.600000, 89.260, -129.7301
28.000000, 89.339, -130.1985
28.500000, 89.440, -130.8091
29.000000, 89.533, -131.4295
29.500000, 89.621, -131.9745
30.000000, 89.727, -132.4410
30.400000, 89.835, -132.8722
30.700001, 89.924, -133.2970
31.100000, 90.041, -134.0390
31.500000, 90.139, -134.9539
32.000000, 90.222, -136.1896
32.500000, 90.270, -137.3709
33.000000, 90.309, -138.4551
33.500000, 90.352, -139.5464
34.000000, 90.389, -140.7442
34.500000, 90.401, -142.0380
35.000000, 90.380, -143.3027
35.500000, 90.334, -144.4221
36.000000, 90.284, -145.3694
36.500000, 90.241, -146.2151
37.000000, 90.205, -147.0371
37.500000, 90.166, -147.8679
38.200001, 90.091, -148.9866
38.700001, 90.021, -149.6785
39.500000, 89.897, -150.4782
40.000000, 89.827, -150.8085
40.599998, 89.757, -151.1612
41.200001, 89.679, -151.5285
41.799999, 89.576, -151.7795
42.500000, 89.455, -151.7071
43.099998, 89.396, -151.4922
43.700001, 89.366, -151.4959
44.400002, 89.285, -151.7950
45.000000, 89.147, -151.8039
45.500000, 89.028, -151.3563
46.200001, 88.947, -150.2355
46.799999, 88.964, -149.3192
47.500000, 89.023, -148.5375
48.200001, 89.097, -147.8363
48.700001, 89.170, -147.3428
49.400002, 89.302, -146.7753
50.000000, 89.425, -146.4232
50.799999, 89.599, -146.0613
51.500000, 89.769, -145.9053
52.200001, 89.939, -145.9908
53.000000, 90.109, -146.3059
53.799999, 90.255, -146.7282
54.500000, 90.372, -147.1658
55.200001, 90.479, -147.6759
56.000000, 90.586, -148.3457
57.000000, 90.691, -149.1992
58.000000, 90.788, -149.9089
59.000000, 90.905, -150.6004
60.000000, 91.028, -151.4444
60.799999, 91.119, -152.2287
61.500000, 91.188, -152.9709
62.200001, 91.246, -153.7421
63.000000, 91.301, -154.6559
64.000000, 91.345, -155.8360
65.000000, 91.361, -156.9417
66.000000, 91.368, -157.9454
67.000000, 91.356, -158.9276
68.000000, 91.315, -159.7440
69.000000, 91.273, -160.2993
70.000000, 91.247, -160.7645
71.000000, 91.226, -161.2101
72.000000, 91.214, -161.6153
73.000000, 91.217, -162.0450
74.000000, 91.229, -162.5562
75.000000, 91.243, -163.1411
76.199997, 91.256, -163.9124
77.500000, 91.254, -164.7837
78.800003, 91.232, -165.6309
80.000000, 91.197, -166.3268
81.199997, 91.160, -166.9528
82.500000, 91.118, -167.6544
83.800003, 91.060, -168.3430
85.000000, 90.994, -168.8508
86.199997, 90.937, -169.1712
87.500000, 90.906, -169.4953
88.500000, 90.892, -169.8542
90.000000, 90.864, -170.5034
91.199997, 90.837, -171.0712
92.500000, 90.802, -171.7180
93.800003, 90.756, -172.3885
95.000000, 90.696, -172.9842
96.199997, 90.618, -173.5466
97.500000, 90.510, -174.1325
98.800003, 90.373, -174.6819
100.000000, 90.223, -175.1270
101.500000, 90.004, -175.5026
103.000000, 89.767, -175.4521
104.400002, 89.563, -174.9160
106.000000, 89.390, -173.7733
107.500000, 89.318, -172.3653
109.000000, 89.349, -171.0643
110.599998, 89.452, -170.1970
112.000000, 89.557, -169.9348
113.800003, 89.663, -170.1011
115.000000, 89.703, -170.3525
117.199997, 89.724, -170.8525
118.000000, 89.721, -171.0320
120.599998, 89.680, -171.5939
122.000000, 89.654, -171.8517
124.099998, 89.612, -172.1880
125.000000, 89.593, -172.3013
126.500000, 89.558, -172.4734
128.000000, 89.513, -172.6336
131.500000, 89.365, -172.8370
132.000000, 89.341, -172.8520
134.000000, 89.239, -172.8195
136.000000, 89.161, -172.5705
138.000000, 89.110, -172.4639
140.000000, 89.042, -172.4322
143.000000, 88.920, -172.1983
145.000000, 88.842, -171.9515
147.500000, 88.744, -171.5432
150.000000, 88.651, -170.9697
152.500000, 88.567, -170.2654
155.000000, 88.493, -169.5066
157.500000, 88.436, -168.7043
160.000000, 88.403, -167.8876
162.500000, 88.383, -167.0921
165.000000, 88.368, -166.2782
167.500000, 88.363, -165.4488
170.000000, 88.370, -164.6295
172.500000, 88.381, -163.8530
175.000000, 88.390, -163.0981
177.500000, 88.400, -162.3518
180.000000, 88.413, -161.5975
182.500000, 88.434, -160.8221
185.000000, 88.475, -160.0129
187.500000, 88.545, -159.2059
190.000000, 88.627, -158.5449
192.500000, 88.703, -157.9867
195.000000, 88.781, -157.5316
197.500000, 88.857, -157.1401
200.000000, 88.927, -156.7053
203.000000, 89.011, -156.1567
206.000000, 89.102, -155.6845
209.000000, 89.198, -155.2524
212.000000, 89.295, -154.8367
214.000000, 89.357, -154.5818
218.000000, 89.477, -154.1059
220.000000, 89.537, -153.8956
224.000000, 89.658, -153.5602
227.000000, 89.748, -153.3470
230.000000, 89.839, -153.1440
233.000000, 89.930, -153.0018
236.000000, 90.018, -152.8901
240.000000, 90.137, -152.7299
243.000000, 90.227, -152.6467
247.000000, 90.343, -152.6046
250.000000, 90.426, -152.5992
254.000000, 90.534, -152.5956
258.000000, 90.649, -152.6240
262.000000, 90.762, -152.7211
265.000000, 90.834, -152.8560
269.000000, 90.916, -153.1093
272.000000, 90.972, -153.2698
276.000000, 91.041, -153.4183
280.000000, 91.108, -153.5609
285.000000, 91.197, -153.7220
290.000000, 91.280, -153.9302
295.000000, 91.348, -154.1242
300.000000, 91.418, -154.2328
304.000000, 91.484, -154.3383
307.000000, 91.538, -154.4813
311.000000, 91.603, -154.7834
315.000000, 91.649, -155.1584
320.000000, 91.674, -155.5602
325.000000, 91.681, -155.7778
330.000000, 91.694, -155.8277
335.000000, 91.718, -155.8332
340.000000, 91.742, -155.8313
345.000000, 91.762, -155.7910
350.000000, 91.786, -155.6453
355.000000, 91.824, -155.4366
360.000000, 91.878, -155.2787
365.000000, 91.942, -155.2173
370.000000, 92.004, -155.2126
375.000000, 92.064, -155.2147
382.000000, 92.154, -155.2743
387.000000, 92.220, -155.3892
395.000000, 92.316, -155.6902
400.000000, 92.366, -155.9191
406.000000, 92.414, -156.2245
412.000000, 92.452, -156.5140
418.000000, 92.482, -156.7906
425.000000, 92.513, -157.0804
431.000000, 92.538, -157.3153
437.000000, 92.555, -157.5699
444.000000, 92.563, -157.8837
450.000000, 92.557, -158.1294
455.000000, 92.551, -158.2804
462.000000, 92.542, -158.4370
468.000000, 92.531, -158.5530
475.000000, 92.513, -158.6215
482.000000, 92.492, -158.6046
487.000000, 92.479, -158.5547
494.000000, 92.466, -158.4431
500.000000, 92.460, -158.3021
508.000000, 92.462, -158.0393
515.000000, 92.472, -157.7934
522.000000, 92.491, -157.5632
530.000000, 92.518, -157.2996
538.000000, 92.547, -157.0036
545.000000, 92.581, -156.7743
552.000000, 92.620, -156.5812
560.000000, 92.669, -156.4043
570.000000, 92.735, -156.2425
580.000000, 92.802, -156.1577
590.000000, 92.862, -156.1228
600.000000, 92.914, -156.0851
608.000000, 92.950, -156.0723
615.000000, 92.976, -156.0689
622.000000, 92.998, -156.0536
630.000000, 93.020, -156.0046
640.000000, 93.051, -155.9039
650.000000, 93.088, -155.7785
660.000000, 93.133, -155.6514
670.000000, 93.187, -155.5836
680.000000, 93.240, -155.6020
690.000000, 93.284, -155.6571
700.000000, 93.322, -155.7190
710.000000, 93.356, -155.7681
720.000000, 93.391, -155.8287
730.000000, 93.422, -155.9093
740.000000, 93.449, -155.9946
750.000000, 93.472, -156.0851
762.000000, 93.492, -156.1778
775.000000, 93.503, -156.2630
788.000000, 93.504, -156.2966
800.000000, 93.499, -156.2719
812.000000, 93.491, -156.1957
825.000000, 93.482, -156.0539
838.000000, 93.473, -155.8270
850.000000, 93.475, -155.5128
862.000000, 93.498, -155.1522
875.000000, 93.549, -154.8251
885.000000, 93.600, -154.6827
900.000000, 93.674, -154.6448
912.000000, 93.725, -154.7256
925.000000, 93.769, -154.9128
938.000000, 93.797, -155.2415
950.000000, 93.793, -155.6580
962.000000, 93.745, -156.0448
975.000000, 93.651, -156.1923
988.000000, 93.555, -155.9499
1000.000000, 93.493, -155.5021
1015.000000, 93.455, -154.9144
1030.000000, 93.437, -154.4135
1044.000000, 93.421, -153.9951
1060.000000, 93.400, -153.4972
1075.000000, 93.380, -152.9816
1090.000000, 93.370, -152.3939
1106.000000, 93.380, -151.7110
1120.000000, 93.398, -151.0900
1138.000000, 93.435, -150.2431
1150.000000, 93.468, -149.6374
1172.000000, 93.556, -148.5131
1180.000000, 93.596, -148.1173
1206.000000, 93.749, -146.8912
1220.000000, 93.847, -146.2513
1241.000000, 94.024, -145.3276
1250.000000, 94.111, -144.9754
1265.000000, 94.271, -144.5126
1280.000000, 94.436, -144.2435
1315.000000, 94.780, -144.2293
1320.000000, 94.820, -144.2728
1340.000000, 94.954, -144.4722
1360.000000, 95.040, -144.6058
1380.000000, 95.112, -144.5919
1400.000000, 95.205, -144.4550
1430.000000, 95.372, -144.2186
1450.000000, 95.488, -144.0838
1475.000000, 95.642, -143.9155
1500.000000, 95.815, -143.7559
1525.000000, 96.013, -143.7167
1550.000000, 96.221, -143.9241
1575.000000, 96.412, -144.4078
1600.000000, 96.568, -145.0280
1625.000000, 96.700, -145.6127
1650.000000, 96.831, -146.1773
1675.000000, 96.966, -146.7788
1700.000000, 97.103, -147.4594
1725.000000, 97.244, -148.2623
1750.000000, 97.384, -149.2150
1775.000000, 97.515, -150.3840
1800.000000, 97.627, -151.7753
1825.000000, 97.711, -153.3916
1850.000000, 97.752, -155.2288
1875.000000, 97.736, -157.2162
1900.000000, 97.652, -159.2659
1925.000000, 97.497, -161.2578
1950.000000, 97.273, -163.0821
1975.000000, 96.984, -164.6481
2000.000000, 96.633, -165.8458
2030.000000, 96.142, -166.6299
2060.000000, 95.596, -166.4755
2090.000000, 95.041, -165.1456
2120.000000, 94.555, -162.5688
2140.000000, 94.312, -160.2585
2180.000000, 94.100, -154.9128
2200.000000, 94.136, -152.3065
2240.000000, 94.420, -148.0359
2270.000000, 94.730, -145.8791
2300.000000, 95.050, -144.4958
2330.000000, 95.354, -143.6216
2360.000000, 95.643, -143.0966
2400.000000, 96.006, -142.9049
2430.000000, 96.251, -143.1201
2470.000000, 96.527, -143.7711
2500.000000, 96.691, -144.3647
2540.000000, 96.881, -145.1385
2580.000000, 97.050, -146.0297
2620.000000, 97.183, -146.9589
2650.000000, 97.274, -147.5718
2690.000000, 97.412, -148.3983
2720.000000, 97.528, -149.1464
2760.000000, 97.690, -150.4537
2800.000000, 97.835, -152.1815
2850.000000, 97.951, -154.9041
2900.000000, 97.960, -158.0463
2950.000000, 97.846, -161.3539
3000.000000, 97.605, -164.5813
3040.000000, 97.338, -166.9249
3070.000000, 97.119, -168.5514
3110.000000, 96.815, -170.8235
3150.000000, 96.450, -173.6580
3200.000000, 95.716, -178.1213
3250.000000, 94.367, 177.9338
3300.000000, 92.247, 179.8522
3350.000000, 90.500, -162.1239
3400.000000, 91.724, -138.7405
3450.000000, 94.244, -134.6067
3500.000000, 95.860, -141.9596
3550.000000, 96.341, -151.9919
3600.000000, 96.002, -160.5396
3650.000000, 95.229, -166.2548
3700.000000, 94.308, -169.4047
3750.000000, 93.365, -170.7954
3820.000000, 92.004, -170.7482
3870.000000, 90.967, -169.1191
3950.000000, 89.267, -162.5891
4000.000000, 88.346, -154.8452
4060.000000, 87.937, -141.6960
4120.000000, 88.642, -130.1490
4180.000000, 89.733, -125.8323
4250.000000, 90.385, -126.7506
4310.000000, 90.241, -127.1978
4370.000000, 89.867, -123.5913
4440.000000, 90.076, -115.4174
4500.000000, 90.881, -111.0626
4550.000000, 91.537, -110.6080
4620.000000, 92.076, -112.2599
4680.000000, 92.182, -113.8987
4750.000000, 91.990, -114.5092
4820.000000, 91.707, -112.2998
4870.000000, 91.700, -109.2403
4940.000000, 92.056, -105.7246
5000.000000, 92.382, -104.5940
5080.000000, 92.612, -103.1201
5150.000000, 92.878, -100.6699
5220.000000, 93.342, -98.5268
5300.000000, 93.945, -97.2684
5380.000000, 94.571, -96.6339
5450.000000, 95.195, -96.5039
5520.000000, 95.925, -97.1682
5600.000000, 96.868, -99.6985
5700.000000, 97.950, -106.8032
5800.000000, 98.460, -117.5757
5900.000000, 98.167, -129.3096
6000.000000, 97.119, -139.0473
6080.000000, 95.946, -143.9776
6150.000000, 94.870, -146.1368
6220.000000, 93.845, -146.7307
6300.000000, 92.784, -146.0565
6400.000000, 91.644, -143.7872
6500.000000, 90.748, -140.6470
6600.000000, 90.055, -137.8240
6700.000000, 89.373, -135.4915
6800.000000, 88.648, -132.6137
6900.000000, 87.989, -128.8565
7000.000000, 87.463, -124.3797
7100.000000, 87.147, -119.3585
7200.000000, 87.113, -115.2964
7300.000000, 87.092, -113.8981
7400.000000, 86.701, -113.8643
7500.000000, 85.921, -112.4690
7620.000000, 84.781, -107.1775
7750.000000, 83.779, -95.0671
7880.000000, 84.017, -77.9041
8000.000000, 85.414, -68.0504
8120.000000, 86.781, -66.3849
8250.000000, 87.748, -69.3452
8380.000000, 88.014, -75.2640
8500.000000, 87.448, -80.9728
8620.000000, 86.142, -84.3452
8750.000000, 83.931, -80.6241
8850.000000, 82.342, -66.6779
9000.000000, 82.754, -36.4410
9120.000000, 85.146, -22.2217
9250.000000, 88.043, -19.7028
9380.000000, 90.289, -27.2019
9500.000000, 91.362, -39.1251
9620.000000, 91.384, -52.1093
9750.000000, 90.432, -63.8891
9880.000000, 88.837, -71.6131
10000.000000, 87.080, -74.4826
10150.000000, 84.947, -74.7027
10300.000000, 82.472, -73.4366
10440.000000, 79.538, -57.3705
10600.000000, 79.323, -9.3483
10750.000000, 82.109, 7.4043
10900.000000, 84.740, 9.4870
11060.000000, 86.936, 4.6345
11200.000000, 88.133, -4.0686
11380.000000, 88.460, -17.7517
11500.000000, 88.106, -26.7242
11720.000000, 86.343, -45.2632
11800.000000, 85.004, -51.6758
12060.000000, 80.889, 16.6826
12200.000000, 83.431, 41.6854
12410.000000, 87.763, 29.3292
12500.000000, 89.144, 20.1227
12650.000000, 90.595, 0.4602
12800.000000, 90.954, -22.7686
13150.000000, 89.062, -87.0861
13200.000000, 88.629, -97.9559
13400.000000, 86.876, -143.7400
13600.000000, 86.187, 176.7225
13800.000000, 86.827, 149.6953
14000.000000, 87.897, 130.5056
14300.000000, 88.739, 109.0798
14500.000000, 88.922, 99.2799
14750.000000, 89.052, 89.4590
15000.000000, 88.835, 79.2320
15250.000000, 87.715, 71.3111
15500.000000, 86.319, 68.2369
15750.000000, 84.766, 67.8969
16000.000000, 82.913, 74.8062
16250.000000, 81.995, 91.1858
16500.000000, 82.923, 106.4159
16750.000000, 84.519, 111.4219
17000.000000, 85.455, 109.1460
17250.000000, 85.717, 106.2676
17500.000000, 85.862, 103.1640
17750.000000, 85.590, 96.8847
18000.000000, 84.065, 91.4816
18250.000000, 81.705, 95.2804
18500.000000, 79.923, 107.6702
18750.000000, 79.094, 118.6042
19000.000000, 78.080, 126.9691
19250.000000, 77.209, 148.3607
19500.000000, 79.662, -167.4043
19750.000000, 83.847, -155.2040
20000.000000, 86.609, -164.4948
20300.000000, 88.040, 178.7753
20600.000000, 88.210, 162.3773
20900.000000, 87.355, 147.0374
21200.000000, 85.549, 136.6208
21400.000000, 84.672, 131.1591
21800.000000, 82.811, 105.7006
22000.000000, 80.553, 87.5649
22400.000000, 76.773, -4.0760
22700.000000, 78.330, -85.3484
23000.000000, 78.854, -113.8017
23300.000000, 75.486, -124.6152
23600.000000, 69.592, -108.9493
24000.000000, 61.585, -132.3778
